0 0.710547 0.696296 0.014844 0.024074
0 0.651042 0.631481 0.014583 0.022222
0 0.647917 0.165046 0.013021 0.023611
0 0.827604 0.651157 0.015104 0.022685
0 0.714974 0.737037 0.012760 0.023148
0 0.180339 0.220139 0.017969 0.015278
0 0.733854 0.795602 0.010937 0.025463
0 0.248177 0.456019 0.016146 0.016667
0 0.653125 0.099769 0.015104 0.027315
0 0.741797 0.841898 0.009115 0.025463
0 0.760417 0.104861 0.016146 0.018056
0 0.589714 0.434491 0.016927 0.016204
0 0.686458 0.681944 0.011979 0.017593
0 0.044010 0.337500 0.017708 0.017593
0 0.722656 0.100000 0.017708 0.017593
0 0.605078 0.269907 0.010156 0.029630
0 0.651302 0.599306 0.014063 0.023611
0 0.736719 0.761343 0.010937 0.024537
0 0.326693 0.213426 0.017969 0.016667
0 0.286458 0.213889 0.018229 0.016667
0 0.904818 0.469907 0.011198 0.029630
0 0.748958 0.813889 0.011458 0.026852
0 0.758073 0.948611 0.008333 0.026852
0 0.876563 0.600463 0.011979 0.032407
0 0.827474 0.898611 0.011198 0.031481
0 0.322396 0.443056 0.019271 0.016667
0 0.466146 0.226620 0.016146 0.013426
0 0.546615 0.226620 0.017708 0.017130
0 0.575521 0.214352 0.015104 0.016667
0 0.606250 0.217593 0.012500 0.024074
0 0.597526 0.315278 0.009635 0.033333
0 0.508203 0.397222 0.016406 0.015741
0 0.729297 0.359491 0.016927 0.016204
0 0.839714 0.157407 0.016406 0.022222
0 0.888411 0.313889 0.018490 0.016667
0 0.830469 0.395602 0.021875 0.019907
0 0.606771 0.504167 0.013542 0.031481
0 0.755208 0.885648 0.008854 0.030556
0 0.745573 0.903704 0.008333 0.026852
0 0.737109 0.905093 0.008073 0.032407
0 0.747526 0.980093 0.008073 0.024074
