0 0.923047 0.522917 0.013802 0.014352
0 0.814063 0.112269 0.014583 0.019907
0 0.697656 0.655093 0.014063 0.022222
0 0.897526 0.487269 0.020052 0.060648
0 0.718750 0.733565 0.011979 0.023611
0 0.670703 0.656944 0.013281 0.020370
0 0.769792 0.014815 0.012500 0.022222
0 0.180208 0.572454 0.018229 0.013426
0 0.735156 0.795833 0.011979 0.024074
0 0.796615 0.077083 0.013021 0.024537
0 0.016667 0.234491 0.013021 0.015278
0 0.132031 0.375926 0.020833 0.017593
0 0.793750 0.033565 0.011458 0.021759
0 0.637891 0.604861 0.011198 0.018981
0 0.526042 0.577778 0.011458 0.014815
0 0.757943 0.854630 0.011719 0.024074
0 0.856380 0.138889 0.012760 0.016667
0 0.289583 0.395833 0.014063 0.014815
0 0.589063 0.204398 0.015625 0.014352
0 0.196745 0.446296 0.019010 0.016667
0 0.849349 0.720833 0.011198 0.025000
0 0.940885 0.496296 0.012500 0.017593
0 0.662109 0.071065 0.013802 0.020833
0 0.035677 0.352778 0.016667 0.020370
0 0.746615 0.785185 0.009375 0.022222
0 0.676302 0.628241 0.017708 0.019444
0 0.615234 0.245833 0.011198 0.018519
0 0.350130 0.210185 0.016927 0.016667
0 0.515495 0.225694 0.015885 0.012500
0 0.591797 0.281019 0.010156 0.021296
0 0.604818 0.300000 0.010156 0.021296
0 0.960547 0.136111 0.012760 0.016667
0 0.825130 0.835648 0.011198 0.025000
0 0.843099 0.859722 0.011198 0.025000
0 0.810807 0.915509 0.017969 0.055093
0 0.727344 0.724769 0.011979 0.023611
0 0.745964 0.870833 0.011719 0.024074
0 0.760286 0.912500 0.011719 0.024074
0 0.750391 0.954167 0.011719 0.024074
