0 0.730990 0.164120 0.015104 0.017130
0 0.547656 0.253241 0.013021 0.018519
0 0.231771 0.484954 0.021875 0.014352
0 0.116667 0.565046 0.017188 0.016204
0 0.681641 0.172685 0.014323 0.018519
0 0.852083 0.200463 0.018229 0.021296
0 0.599219 0.223843 0.018229 0.021759
0 0.954557 0.221296 0.017448 0.015741
0 0.693490 0.854630 0.010937 0.034259
0 0.379036 0.422685 0.015365 0.012037
0 0.515625 0.632176 0.017188 0.017130
0 0.594401 0.655787 0.011719 0.026389
0 0.641276 0.203009 0.013802 0.020833
0 0.747917 0.075463 0.010937 0.028704
0 0.701693 0.847685 0.011198 0.027778
0 0.703906 0.962037 0.007812 0.025926
0 0.841536 0.630556 0.013281 0.025000
0 0.882552 0.684028 0.011979 0.021759
