0 0.933073 0.531250 0.017708 0.019907
0 0.645182 0.644213 0.015885 0.018056
0 0.588151 0.525694 0.010677 0.024537
0 0.150000 0.206250 0.016146 0.014352
0 0.791667 0.662963 0.016146 0.015741
0 0.244661 0.446528 0.015885 0.012500
0 0.897135 0.513426 0.009375 0.022222
0 0.654167 0.113889 0.013542 0.029630
0 0.834635 0.144907 0.014583 0.026852
0 0.790755 0.053704 0.011719 0.025926
0 0.714063 0.791435 0.010417 0.023611
0 0.545182 0.226389 0.014844 0.013889
0 0.119661 0.210880 0.014844 0.015278
0 0.642708 0.191435 0.014583 0.025463
0 0.856120 0.205556 0.012760 0.020370
0 0.311849 0.229630 0.014844 0.013889
0 0.857422 0.604398 0.015365 0.018981
0 0.733724 0.931019 0.009635 0.028704
0 0.812760 0.815741 0.007812 0.023148
0 0.804557 0.119676 0.015365 0.023611
0 0.472396 0.233333 0.015104 0.013889
0 0.346224 0.225926 0.014844 0.013889
0 0.395703 0.230324 0.017969 0.016204
0 0.419792 0.232870 0.015625 0.014815
0 0.457292 0.404630 0.015625 0.014815
0 0.513151 0.232176 0.021615 0.016204
0 0.569661 0.221528 0.013281 0.015278
0 0.588151 0.212731 0.013281 0.015278
0 0.578385 0.319907 0.009896 0.022222
0 0.595573 0.307407 0.009896 0.022222
0 0.618490 0.462269 0.015104 0.017130
0 0.774740 0.009954 0.011979 0.018981
0 0.875781 0.258102 0.012500 0.026389
0 0.943620 0.325463 0.016406 0.021296
0 0.893750 0.653241 0.010937 0.023148
0 0.605339 0.520602 0.010677 0.024537
0 0.611979 0.593056 0.011458 0.023148
0 0.621875 0.569907 0.009375 0.020370
0 0.686849 0.721528 0.016927 0.029167
0 0.719401 0.758796 0.014844 0.033333
0 0.715625 0.865509 0.010417 0.023611
0 0.727604 0.861111 0.007812 0.023148
0 0.743359 0.940046 0.009115 0.023611
