0 0.646224 0.615741 0.013802 0.019444
0 0.189844 0.551157 0.015625 0.014352
0 0.684375 0.669907 0.013542 0.017593
0 0.126823 0.568056 0.018750 0.012037
0 0.746875 0.792130 0.010937 0.022222
0 0.732552 0.791204 0.010937 0.023148
0 0.315625 0.570833 0.015625 0.015741
0 0.728646 0.097454 0.016146 0.015278
0 0.088542 0.565741 0.018750 0.017593
0 0.745964 0.854167 0.010156 0.023148
0 0.664844 0.056481 0.012500 0.022222
0 0.756641 0.090509 0.017448 0.017130
0 0.771224 0.031019 0.013802 0.027778
0 0.726172 0.760880 0.010677 0.019907
0 0.565625 0.209954 0.021875 0.022685
0 0.762891 0.646528 0.014844 0.014352
0 0.748047 0.899769 0.010677 0.021759
0 0.881771 0.572454 0.013021 0.025463
0 0.680469 0.125694 0.012500 0.018981
0 0.904297 0.276620 0.016927 0.018056
0 0.010547 0.243981 0.010677 0.018519
0 0.005469 0.561343 0.009896 0.012500
0 0.471615 0.394907 0.022917 0.017593
0 0.469271 0.202315 0.014583 0.016667
0 0.476172 0.226620 0.016927 0.017130
0 0.503125 0.226852 0.014583 0.013889
0 0.535547 0.219907 0.014323 0.018519
0 0.722917 0.706019 0.012500 0.026852
0 0.716667 0.731019 0.011458 0.023148
0 0.733073 0.738657 0.012500 0.030093
0 0.742188 0.768056 0.010417 0.021296
0 0.755990 0.855556 0.008854 0.033333
0 0.758073 0.904630 0.008854 0.026852
0 0.748698 0.942593 0.008854 0.026852
0 0.758594 0.961806 0.008854 0.031019
0 0.748698 0.980556 0.008854 0.023148
0 0.895964 0.439352 0.009115 0.022222
0 0.877995 0.219444 0.014323 0.028704
