0 0.662370 0.751157 0.014323 0.028241
0 0.449219 0.274769 0.025521 0.014352
0 0.190104 0.240741 0.019271 0.015741
0 0.093880 0.240741 0.023177 0.015741
0 0.667839 0.173611 0.018490 0.021296
0 0.688672 0.867130 0.010677 0.029630
0 0.768880 0.093287 0.010677 0.025463
0 0.207161 0.418287 0.018490 0.017130
0 0.095703 0.455324 0.018490 0.017130
0 0.463672 0.429398 0.018490 0.017130
0 0.778516 0.180324 0.019531 0.016204
0 0.864193 0.209491 0.017969 0.017130
0 0.923307 0.219676 0.017969 0.017130
0 0.572917 0.332870 0.014063 0.027778
0 0.829688 0.386574 0.020313 0.019444
0 0.591276 0.614120 0.014323 0.028241
0 0.675651 0.812037 0.010677 0.029630
0 0.706380 0.926852 0.008594 0.030556
0 0.797656 0.916898 0.011979 0.031944
0 0.644792 0.768981 0.026562 0.050000
