0 0.823698 0.648843 0.010417 0.022685
0 0.513932 0.609722 0.013281 0.017593
0 0.617188 0.687963 0.010937 0.020370
0 0.732031 0.707639 0.024479 0.020833
0 0.841146 0.514352 0.011458 0.022222
0 0.573307 0.620370 0.011719 0.021296
0 0.658594 0.721528 0.011979 0.024537
0 0.312109 0.250000 0.014844 0.015741
0 0.572396 0.142593 0.015104 0.021296
0 0.123958 0.556019 0.013542 0.015741
0 0.734505 0.090278 0.012240 0.025926
0 0.540625 0.185185 0.012500 0.020370
0 0.597266 0.623380 0.014844 0.024537
0 0.798698 0.720602 0.010417 0.021759
0 0.222656 0.406944 0.015104 0.013889
0 0.582552 0.191435 0.010937 0.022685
0 0.045573 0.568056 0.013542 0.015741
0 0.159635 0.395833 0.015104 0.017593
0 0.321094 0.399537 0.015104 0.013889
0 0.338411 0.251852 0.014844 0.015741
0 0.371745 0.252315 0.014844 0.015741
0 0.405599 0.223611 0.014844 0.015741
0 0.468620 0.219444 0.014844 0.015741
0 0.479687 0.249537 0.016667 0.015741
0 0.510677 0.238889 0.014583 0.015741
0 0.536198 0.231019 0.017708 0.017593
0 0.540104 0.326620 0.010937 0.022685
0 0.563802 0.273843 0.008854 0.019907
0 0.587500 0.228472 0.011979 0.020833
0 0.668359 0.460648 0.017969 0.014815
0 0.614323 0.051389 0.011979 0.021296
0 0.644401 0.159722 0.015365 0.020370
0 0.738411 0.154167 0.015365 0.020370
0 0.758333 0.101620 0.011458 0.022685
0 0.718359 0.051620 0.010677 0.027315
0 0.710286 0.016898 0.010677 0.027315
0 0.821224 0.245370 0.010677 0.022222
0 0.669922 0.801157 0.010677 0.024537
0 0.689193 0.813194 0.010677 0.024537
0 0.681120 0.830324 0.010677 0.024537
0 0.695833 0.865741 0.008333 0.019444
0 0.691667 0.909028 0.008854 0.026389
0 0.703906 0.944676 0.008854 0.026389
0 0.693750 0.974769 0.008854 0.026389
0 0.770833 0.964352 0.009375 0.021296
0 0.770312 0.963426 0.009375 0.021296
