0 0.576172 0.628704 0.013802 0.024074
0 0.346484 0.264815 0.020573 0.012037
0 0.639453 0.200926 0.017448 0.022222
0 0.273698 0.263657 0.019271 0.014352
0 0.697917 0.164815 0.018229 0.025926
0 0.842839 0.212037 0.019531 0.024074
0 0.932292 0.212500 0.019271 0.012037
0 0.766667 0.957639 0.009375 0.029167
0 0.710807 0.918981 0.009115 0.022222
0 0.689844 0.808102 0.029687 0.070833
0 0.559635 0.561806 0.015104 0.030093
0 0.584505 0.259954 0.010156 0.026389
0 0.844401 0.372685 0.017969 0.015741
0 0.661589 0.042593 0.013281 0.029630
0 0.641016 0.106250 0.014844 0.026389
0 0.326432 0.435417 0.014323 0.018056
0 0.765234 0.168981 0.020052 0.021296
