0 0.648047 0.686806 0.014323 0.027315
0 0.765625 0.012269 0.015625 0.023611
0 0.614844 0.195139 0.015625 0.024537
0 0.621745 0.643981 0.014844 0.021296
0 0.535547 0.207870 0.016927 0.018519
0 0.510547 0.210880 0.020052 0.015278
0 0.993750 0.294907 0.012500 0.017593
0 0.881771 0.198380 0.012500 0.029167
0 0.767448 0.363194 0.021875 0.018981
0 0.491146 0.207870 0.019792 0.016667
0 0.853776 0.130556 0.020573 0.019444
0 0.096745 0.199769 0.020573 0.017130
0 0.630599 0.104167 0.013281 0.024074
0 0.509115 0.402083 0.019792 0.019907
0 0.695443 0.377546 0.020052 0.019907
0 0.587370 0.271991 0.014323 0.031019
0 0.579818 0.224769 0.014323 0.031019
0 0.559896 0.201620 0.022396 0.023611
0 0.669141 0.026157 0.013281 0.032870
0 0.724870 0.095370 0.016927 0.017593
0 0.796224 0.098843 0.016927 0.017130
0 0.851042 0.341667 0.018750 0.020370
0 0.596615 0.556944 0.013021 0.027778
