0 0.985156 0.174306 0.009375 0.013426
0 0.354948 0.571528 0.015104 0.014352
0 0.943229 0.182639 0.018229 0.014352
0 0.637760 0.650000 0.015104 0.025000
0 0.146745 0.427546 0.020052 0.013426
0 0.499740 0.454167 0.016667 0.015741
0 0.683333 0.727778 0.011979 0.022222
0 0.891146 0.174769 0.019792 0.014352
0 0.603906 0.585417 0.013021 0.019907
0 0.562500 0.217824 0.018750 0.015278
0 0.174479 0.225694 0.016146 0.012500
0 0.444401 0.468287 0.019531 0.014352
0 0.762109 0.082176 0.010677 0.024537
0 0.535547 0.226157 0.020052 0.014352
0 0.808984 0.153704 0.016927 0.018519
0 0.512500 0.231944 0.021875 0.015741
0 0.635417 0.110880 0.012500 0.021759
0 0.957422 0.546991 0.016927 0.020833
0 0.342057 0.908796 0.011719 0.028704
0 0.619922 0.201157 0.016406 0.025463
0 0.615104 0.153935 0.012500 0.027315
0 0.651823 0.454630 0.016667 0.015741
0 0.709635 0.384259 0.016667 0.015741
0 0.802344 0.349537 0.016667 0.015741
0 0.916927 0.335185 0.016667 0.015741
0 0.760807 0.129630 0.016927 0.018519
0 0.766797 0.044213 0.010677 0.024537
0 0.779036 0.071065 0.010677 0.024537
0 0.874089 0.529167 0.013281 0.032407
