0 0.991146 0.209491 0.017708 0.017130
0 0.945443 0.213194 0.020052 0.013426
0 0.676172 0.768287 0.015365 0.025463
0 0.041276 0.386343 0.017969 0.017130
0 0.627604 0.686806 0.013021 0.022685
0 0.018359 0.354630 0.017448 0.016667
0 0.376042 0.424306 0.020313 0.015278
0 0.732292 0.161574 0.018750 0.016667
0 0.700521 0.927315 0.009896 0.025000
0 0.620573 0.224769 0.015104 0.022685
0 0.551823 0.250463 0.017708 0.018519
0 0.688542 0.850463 0.010417 0.026852
0 0.267057 0.417824 0.017969 0.017130
0 0.507943 0.229861 0.013802 0.016204
0 0.594010 0.266435 0.015104 0.028241
0 0.749349 0.398611 0.016927 0.017593
0 0.769401 0.172222 0.026302 0.025000
0 0.582682 0.586343 0.011719 0.025463
0 0.688932 0.807870 0.011719 0.028704
0 0.707161 0.875926 0.011719 0.028704
0 0.714063 0.949769 0.008854 0.020833
0 0.878516 0.383333 0.016927 0.017593
0 0.884505 0.360185 0.016927 0.017593
0 0.874349 0.202315 0.016927 0.017593
