0 0.623828 0.209259 0.015365 0.025000
0 0.694401 0.815509 0.012240 0.025463
0 0.697135 0.163426 0.015625 0.016667
0 0.966667 0.213194 0.018750 0.013426
0 0.597135 0.621991 0.012500 0.026389
0 0.596484 0.268981 0.013281 0.026852
0 0.756120 0.160880 0.024740 0.019907
0 0.753646 0.094444 0.010937 0.025926
0 0.160417 0.403241 0.015625 0.017593
0 0.913932 0.222685 0.013802 0.016667
0 0.263411 0.235185 0.019531 0.014815
0 0.307552 0.412731 0.015104 0.012500
0 0.754948 0.039815 0.010937 0.025926
0 0.804297 0.406019 0.020052 0.016667
0 0.779687 0.389352 0.054167 0.029630
0 0.642057 0.702546 0.012760 0.020833
0 0.710026 0.929861 0.008073 0.023611
