0 0.926562 0.509028 0.017708 0.025463
0 0.850391 0.608796 0.013802 0.022222
0 0.509245 0.569444 0.017448 0.016667
0 0.625260 0.164815 0.013021 0.025926
0 0.650911 0.589120 0.018490 0.027315
0 0.578516 0.194907 0.015885 0.022222
0 0.633854 0.595833 0.019271 0.030556
0 0.981120 0.464583 0.016927 0.018981
0 0.265755 0.391204 0.020573 0.020370
0 0.676172 0.132870 0.014844 0.022222
0 0.749349 0.791204 0.011719 0.029630
0 0.732292 0.777778 0.012500 0.026852
0 0.678646 0.665509 0.017708 0.024537
0 0.552214 0.452546 0.020052 0.018981
0 0.805208 0.098148 0.019271 0.021296
0 0.738151 0.099537 0.017969 0.019444
0 0.095833 0.358565 0.020313 0.018981
0 0.752995 0.349306 0.021094 0.018981
0 0.738151 0.743519 0.012760 0.025000
0 0.950260 0.133796 0.018750 0.018519
0 0.748047 0.859722 0.013802 0.039815
0 0.338021 0.382407 0.019792 0.016667
0 0.486068 0.220833 0.018490 0.017593
0 0.536068 0.183102 0.017969 0.020833
0 0.609375 0.248843 0.013021 0.031019
0 0.589714 0.294213 0.013802 0.031019
0 0.635156 0.193056 0.017708 0.027778
0 0.595182 0.369444 0.015885 0.018519
0 0.904427 0.621296 0.015104 0.025000
0 0.848828 0.803935 0.012760 0.033796
0 0.875781 0.702083 0.015625 0.030093
0 0.792839 0.639815 0.020573 0.018519
0 0.744010 0.980556 0.009375 0.023148
0 0.762500 0.946759 0.009896 0.029630
0 0.761068 0.892593 0.009635 0.025000
0 0.751432 0.909028 0.011719 0.030093
0 0.720443 0.736111 0.013802 0.027778
0 0.726823 0.715741 0.014583 0.025000
