0 0.091406 0.576389 0.015625 0.014815
0 0.846875 0.151852 0.015104 0.027778
0 0.713542 0.720602 0.009375 0.021759
0 0.687240 0.665509 0.015104 0.024537
0 0.696354 0.645833 0.012500 0.017593
0 0.609115 0.109259 0.011979 0.021296
0 0.806771 0.642130 0.013021 0.015741
0 0.964714 0.468519 0.015365 0.017593
0 0.921094 0.518519 0.013021 0.017593
0 0.724870 0.784259 0.012240 0.026852
0 0.752214 0.093519 0.016927 0.016667
0 0.794141 0.095370 0.013802 0.017593
0 0.941146 0.482407 0.012500 0.016667
0 0.895703 0.536343 0.010677 0.026389
0 0.656901 0.071759 0.010156 0.024074
0 0.618099 0.600000 0.013802 0.017593
0 0.747656 0.827546 0.009375 0.019907
0 0.186198 0.228704 0.016146 0.013889
0 0.731380 0.760185 0.011198 0.023148
0 0.735938 0.730324 0.008854 0.018981
0 0.834505 0.384954 0.015365 0.014352
0 0.739844 0.796296 0.009375 0.018519
0 0.876172 0.208565 0.010156 0.019907
0 0.784245 0.017361 0.011198 0.026389
0 0.527474 0.217130 0.013281 0.014815
0 0.749740 0.778704 0.009375 0.022222
0 0.444792 0.569907 0.015625 0.014815
0 0.704557 0.343056 0.013281 0.014815
0 0.622005 0.532870 0.012240 0.027778
0 0.595833 0.253704 0.009375 0.020370
0 0.575000 0.200694 0.022396 0.022685
0 0.804036 0.044676 0.013281 0.025463
0 0.757552 0.834028 0.009375 0.019907
0 0.763151 0.891898 0.009635 0.025463
0 0.753516 0.888194 0.009635 0.025463
0 0.742578 0.917824 0.009635 0.025463
0 0.754297 0.950231 0.009635 0.025463
0 0.763411 0.987269 0.009635 0.025463
0 0.754818 0.982870 0.008073 0.023148
0 0.811849 0.908333 0.008073 0.023148
0 0.934115 0.557870 0.014583 0.024074
