0 0.630599 0.628935 0.017969 0.018056
0 0.596354 0.573148 0.015625 0.026852
0 0.669401 0.704630 0.015365 0.026852
0 0.702995 0.712037 0.017448 0.030556
0 0.644792 0.053472 0.014063 0.027315
0 0.744531 0.875926 0.009896 0.025926
0 0.737109 0.946991 0.008073 0.025463
0 0.730859 0.868056 0.011719 0.023148
0 0.348698 0.951389 0.012500 0.027778
0 0.134896 0.384954 0.021354 0.014352
0 0.727734 0.789352 0.012240 0.027778
0 0.636068 0.155093 0.013802 0.022222
0 0.802734 0.408333 0.024219 0.016667
0 0.788932 0.010648 0.015365 0.020370
0 0.162760 0.225231 0.019792 0.014352
0 0.903125 0.472222 0.013542 0.030556
0 0.802344 0.093981 0.020313 0.025926
0 0.247786 0.376157 0.016406 0.011574
0 0.103385 0.359954 0.021354 0.014352
0 0.197135 0.371065 0.021354 0.014352
0 0.251302 0.396991 0.021354 0.014352
0 0.605078 0.548843 0.013281 0.025463
0 0.725781 0.083102 0.016667 0.018981
0 0.534896 0.198843 0.016667 0.018981
0 0.707552 0.343750 0.016667 0.018981
0 0.673958 0.375694 0.016667 0.018981
0 0.628125 0.432176 0.016667 0.018981
0 0.832552 0.091667 0.018750 0.025000
0 0.932161 0.119444 0.017448 0.015741
0 0.698828 0.748148 0.015365 0.026852
0 0.712370 0.787037 0.012240 0.027778
0 0.814323 0.864352 0.009896 0.025926
