0 0.910286 0.489120 0.011719 0.033796
0 0.648307 0.675463 0.016927 0.027778
0 0.397396 0.581713 0.018750 0.014352
0 0.559375 0.191898 0.018750 0.018981
0 0.595573 0.243287 0.013021 0.025463
0 0.279557 0.575000 0.016406 0.012963
0 0.638411 0.629861 0.016927 0.024537
0 0.729557 0.836343 0.015365 0.044907
0 0.698047 0.728241 0.012240 0.025000
0 0.863021 0.128009 0.021354 0.018981
0 0.906120 0.137500 0.017448 0.015741
0 0.327474 0.195833 0.020052 0.018519
0 0.792578 0.096528 0.016927 0.020833
0 0.131510 0.201157 0.019271 0.015278
0 0.359375 0.378704 0.018750 0.013889
0 0.562500 0.315972 0.012500 0.038426
0 0.734245 0.369213 0.016927 0.020833
0 0.910026 0.315046 0.016927 0.020833
0 0.601042 0.559259 0.015625 0.031481
0 0.696224 0.766204 0.012240 0.025000
0 0.710417 0.809954 0.012500 0.028241
0 0.728906 0.921759 0.009375 0.027778
