0 0.635807 0.684028 0.011719 0.019907
0 0.764583 0.133102 0.015625 0.018056
0 0.622396 0.194676 0.016667 0.030093
0 0.637500 0.632407 0.017708 0.023148
0 0.663411 0.678009 0.015885 0.020833
0 0.337500 0.576389 0.018229 0.015741
0 0.413932 0.582407 0.016927 0.016667
0 0.719922 0.833333 0.011719 0.029630
0 0.007292 0.236574 0.014063 0.018519
0 0.947656 0.170370 0.018229 0.012037
0 0.844922 0.635880 0.014844 0.023611
0 0.680469 0.133102 0.019792 0.019907
0 0.867708 0.565278 0.014583 0.024074
0 0.873828 0.401620 0.020573 0.019907
0 0.539714 0.230093 0.014844 0.014815
0 0.216536 0.381944 0.017448 0.016667
0 0.455599 0.416667 0.017448 0.016667
0 0.216016 0.228704 0.017448 0.016667
0 0.578255 0.387037 0.017448 0.016667
0 0.691536 0.386111 0.017448 0.016667
0 0.721094 0.121065 0.019792 0.019907
0 0.814323 0.177546 0.019792 0.019907
0 0.841536 0.223148 0.018490 0.028704
0 0.558984 0.223611 0.014844 0.014815
0 0.765104 0.050463 0.015104 0.026852
0 0.780208 0.077315 0.015104 0.026852
0 0.701823 0.760880 0.013021 0.030093
0 0.724740 0.901620 0.009896 0.031944
