0 0.709375 0.792593 0.013021 0.027778
0 0.635417 0.619213 0.016146 0.027315
0 0.249609 0.584259 0.017969 0.017593
0 0.588672 0.251620 0.013802 0.025463
0 0.886979 0.520602 0.010937 0.032870
0 0.182031 0.581944 0.020313 0.015741
0 0.686198 0.738657 0.016667 0.029167
0 0.410156 0.217593 0.020833 0.015741
0 0.711068 0.373611 0.022656 0.016667
0 0.430990 0.582176 0.013021 0.012500
0 0.803776 0.052778 0.015365 0.030556
0 0.720833 0.854398 0.010937 0.027315
0 0.128125 0.372222 0.017188 0.013889
0 0.773958 0.039583 0.012500 0.025463
0 0.886589 0.590046 0.015365 0.038426
0 0.714323 0.351157 0.019792 0.018056
0 0.727865 0.907870 0.008333 0.027778
0 0.175130 0.558796 0.017969 0.015741
0 0.783073 0.013657 0.013542 0.026389
0 0.275260 0.395833 0.017708 0.017593
0 0.765625 0.009028 0.013021 0.017130
0 0.115104 0.544676 0.033333 0.026389
0 0.404167 0.465278 0.020833 0.015741
0 0.416146 0.188889 0.020833 0.015741
0 0.506510 0.176852 0.020833 0.015741
0 0.593750 0.185648 0.017188 0.025926
0 0.577474 0.129398 0.017448 0.022685
0 0.589063 0.369907 0.020833 0.015741
0 0.640625 0.380093 0.020833 0.015741
0 0.591406 0.530324 0.016146 0.031944
0 0.724219 0.094444 0.019271 0.018519
0 0.819922 0.131019 0.020052 0.024074
0 0.883854 0.242361 0.016146 0.035648
0 0.902865 0.454861 0.010937 0.032870
