0 0.633073 0.156713 0.015104 0.024537
0 0.790625 0.131019 0.016146 0.016667
0 0.696615 0.688657 0.013021 0.019907
0 0.557422 0.593056 0.016927 0.016667
0 0.203646 0.555556 0.015104 0.017593
0 0.706641 0.748843 0.010677 0.025463
0 0.166797 0.543981 0.017969 0.016667
0 0.728646 0.120139 0.018229 0.012500
0 0.065365 0.407639 0.017708 0.012500
0 0.856771 0.650231 0.010417 0.026389
0 0.733594 0.849306 0.009896 0.024537
0 0.913802 0.553704 0.018229 0.018519
0 0.687370 0.707870 0.013281 0.018519
0 0.612370 0.207639 0.014323 0.023611
0 0.794271 0.056019 0.012500 0.031481
0 0.652995 0.641435 0.017448 0.015278
0 0.739323 0.816204 0.010417 0.022222
0 0.758073 0.121759 0.015625 0.014815
0 0.276823 0.238889 0.015625 0.013889
0 0.288021 0.218519 0.013021 0.011111
0 0.359115 0.212269 0.016667 0.014352
0 0.473047 0.238889 0.014323 0.014815
0 0.121745 0.353009 0.017448 0.016204
0 0.438021 0.239815 0.019271 0.012037
0 0.774219 0.056019 0.011458 0.028704
0 0.421094 0.214352 0.016146 0.012963
0 0.748177 0.871296 0.009896 0.024074
0 0.501693 0.235880 0.016927 0.011574
0 0.978516 0.161343 0.015365 0.015278
0 0.226172 0.219444 0.016927 0.016667
0 0.380469 0.238889 0.019271 0.013889
0 0.480469 0.388194 0.013021 0.016204
0 0.639193 0.394444 0.015885 0.017593
0 0.679167 0.368981 0.015625 0.017593
0 0.759766 0.373843 0.015885 0.018056
0 0.680339 0.143981 0.017969 0.020370
0 0.762891 0.014352 0.011198 0.027778
0 0.606120 0.282176 0.009115 0.026389
0 0.593750 0.261806 0.009375 0.026389
0 0.548698 0.180556 0.015625 0.014815
0 0.579167 0.218981 0.015625 0.014815
0 0.578646 0.218519 0.015625 0.014815
0 0.558594 0.228241 0.012500 0.012037
0 0.541667 0.228241 0.012500 0.012037
0 0.344792 0.239120 0.016667 0.014352
0 0.057292 0.231019 0.017708 0.016667
0 0.719141 0.737731 0.010677 0.025463
0 0.721224 0.787269 0.010677 0.025463
0 0.720964 0.786806 0.010677 0.025463
0 0.738542 0.930093 0.009896 0.024074
0 0.748698 0.945833 0.009896 0.024074
0 0.824870 0.781019 0.008073 0.026852
0 0.892839 0.533333 0.008073 0.031481
0 0.881120 0.266898 0.010156 0.027315
0 0.603646 0.552778 0.012500 0.027778
