0 0.574870 0.191435 0.013802 0.020833
0 0.731901 0.145370 0.012760 0.014815
0 0.637760 0.669676 0.014583 0.015278
0 0.088281 0.227083 0.018229 0.015278
0 0.591667 0.214815 0.012500 0.023148
0 0.033854 0.236343 0.016146 0.016204
0 0.232943 0.586574 0.013281 0.014815
0 0.505208 0.607870 0.021354 0.021296
0 0.617578 0.045370 0.012240 0.025926
0 0.815234 0.637731 0.011719 0.024537
0 0.206901 0.246296 0.024219 0.020370
0 0.797266 0.161111 0.012760 0.015741
0 0.683984 0.848843 0.008594 0.027315
0 0.287760 0.413194 0.016146 0.015278
0 0.933594 0.510880 0.044271 0.040278
0 0.159115 0.227315 0.015104 0.012037
0 0.984635 0.964815 0.019271 0.038889
0 0.735156 0.092593 0.011979 0.025926
0 0.674089 0.808796 0.009635 0.025000
0 0.722786 0.687500 0.014323 0.014815
0 0.651042 0.747222 0.011979 0.021296
0 0.187109 0.461343 0.019010 0.016204
0 0.212500 0.230093 0.015104 0.012037
0 0.233984 0.409259 0.016406 0.016667
0 0.346094 0.248148 0.015104 0.012037
0 0.380990 0.250926 0.015104 0.012037
0 0.411719 0.250926 0.015104 0.012037
0 0.496615 0.245139 0.017188 0.015278
0 0.518229 0.235648 0.015104 0.015741
0 0.538151 0.227546 0.016927 0.016204
0 0.548958 0.283102 0.010417 0.021759
0 0.729557 0.381713 0.013802 0.015278
0 0.797526 0.365509 0.015885 0.015278
0 0.841276 0.334491 0.015885 0.015278
0 0.679948 0.135880 0.016667 0.014352
0 0.721745 0.064815 0.009635 0.024074
0 0.713802 0.031713 0.010417 0.027315
0 0.852995 0.182407 0.013802 0.014815
0 0.936979 0.178241 0.015625 0.014815
0 0.934766 0.550463 0.012240 0.017593
0 0.774609 0.937500 0.009635 0.025926
0 0.671094 0.756019 0.010937 0.025000
0 0.664323 0.772222 0.010937 0.025000
0 0.685026 0.795370 0.009115 0.023148
0 0.700130 0.878009 0.008594 0.027315
0 0.702474 0.952546 0.008594 0.027315
0 0.585938 0.602546 0.011979 0.023611
0 0.851432 0.465046 0.011719 0.024537
