0 0.614323 0.617361 0.012500 0.017130
0 0.653125 0.156250 0.016146 0.020833
0 0.249089 0.578009 0.015885 0.015278
0 0.707943 0.747917 0.010677 0.019907
0 0.198307 0.218981 0.016927 0.012037
0 0.716797 0.668519 0.016927 0.014815
0 0.716536 0.121296 0.016927 0.014815
0 0.030078 0.328241 0.017969 0.016667
0 0.691927 0.714352 0.014583 0.025000
0 0.775651 0.123148 0.017969 0.016667
0 0.194010 0.431019 0.015104 0.012037
0 0.204167 0.571991 0.019271 0.015278
0 0.712370 0.723843 0.013802 0.020833
0 0.450651 0.238194 0.015365 0.016204
0 0.719271 0.781944 0.009375 0.022222
0 0.889323 0.554861 0.014583 0.017130
0 0.739844 0.813889 0.009896 0.025926
0 0.483594 0.235880 0.016667 0.015278
0 0.419922 0.236111 0.013281 0.013889
0 0.729688 0.829167 0.011458 0.025926
0 0.737891 0.990278 0.007031 0.019444
0 0.739323 0.934722 0.009375 0.025926
0 0.748047 0.901157 0.008073 0.028241
0 0.735547 0.883333 0.008594 0.024074
0 0.724349 0.752778 0.011719 0.023148
0 0.817448 0.801389 0.010417 0.025926
0 0.859375 0.740972 0.010417 0.024537
0 0.894922 0.638889 0.012760 0.024074
0 0.864193 0.602546 0.010156 0.024537
0 0.813281 0.335417 0.019792 0.013426
0 0.876042 0.252778 0.014063 0.022222
0 0.772917 0.050694 0.013021 0.025463
0 0.561068 0.223843 0.022656 0.015278
0 0.592448 0.322222 0.012500 0.034259
0 0.382161 0.233333 0.013281 0.012963
0 0.419792 0.212963 0.015104 0.015741
0 0.514453 0.234491 0.014323 0.015278
0 0.481380 0.406713 0.017448 0.018981
0 0.621484 0.373843 0.016406 0.010648
