0 0.627995 0.648611 0.013802 0.016667
0 0.673958 0.698148 0.015625 0.029630
0 0.249740 0.222222 0.015104 0.011111
0 0.722656 0.123843 0.020833 0.018981
0 0.359115 0.571296 0.018229 0.015741
0 0.656771 0.154630 0.018750 0.023148
0 0.843750 0.160417 0.018750 0.018981
0 0.063932 0.500926 0.016927 0.017593
0 0.902474 0.184954 0.023698 0.018981
0 0.967578 0.180556 0.032552 0.024074
0 0.703125 0.850231 0.008333 0.025463
0 0.341146 0.909722 0.012500 0.028704
0 0.401042 0.210648 0.019271 0.015741
0 0.702214 0.390278 0.016927 0.013889
0 0.596615 0.250926 0.012500 0.026852
0 0.251432 0.382870 0.016927 0.017593
0 0.481380 0.202315 0.016927 0.017593
0 0.539714 0.186574 0.016927 0.017593
0 0.570964 0.157870 0.016927 0.017593
0 0.643229 0.043519 0.014583 0.027778
0 0.760677 0.075463 0.014583 0.027778
0 0.765365 0.030556 0.014583 0.027778
0 0.661589 0.389352 0.016927 0.013889
0 0.610286 0.393981 0.016927 0.013889
0 0.772266 0.354630 0.016927 0.013889
0 0.960807 0.316667 0.016406 0.018519
0 0.848047 0.570833 0.014323 0.025000
0 0.605339 0.586806 0.013802 0.026389
0 0.689323 0.787037 0.010417 0.030556
0 0.705599 0.788657 0.009115 0.027315
0 0.713021 0.843287 0.008333 0.025463
0 0.779687 0.885417 0.008333 0.025463
0 0.707292 0.898380 0.008333 0.025463
0 0.713542 0.940509 0.008333 0.025463
