0 0.650521 0.719444 0.016667 0.025926
0 0.951432 0.186343 0.017969 0.013426
0 0.446094 0.596065 0.013021 0.015278
0 0.887370 0.193750 0.016406 0.014352
0 0.718359 0.057639 0.011198 0.024537
0 0.577083 0.246991 0.013021 0.023611
0 0.622917 0.729861 0.016667 0.031019
0 0.623698 0.095833 0.011979 0.022222
0 0.650260 0.754861 0.012500 0.028241
0 0.542969 0.460880 0.022396 0.013426
0 0.675651 0.781250 0.014844 0.024537
0 0.613151 0.661111 0.014323 0.024074
0 0.466667 0.462037 0.016667 0.014815
0 0.401562 0.483333 0.040625 0.020370
0 0.711198 0.023380 0.008333 0.028241
0 0.987630 0.287500 0.014844 0.014815
0 0.389844 0.461111 0.016667 0.014815
0 0.351562 0.401852 0.016667 0.014815
0 0.549870 0.559722 0.011198 0.024074
0 0.163281 0.244676 0.014583 0.016204
0 0.365885 0.252546 0.014583 0.016204
0 0.440365 0.253009 0.014583 0.016204
0 0.461719 0.252083 0.014583 0.016204
0 0.478646 0.250231 0.014583 0.016204
0 0.500781 0.243287 0.014583 0.016204
0 0.531771 0.235880 0.027604 0.023611
0 0.550521 0.271991 0.013021 0.023611
0 0.737891 0.070139 0.011198 0.024537
0 0.732422 0.100231 0.011198 0.024537
0 0.751172 0.101157 0.011198 0.024537
0 0.726953 0.148611 0.013802 0.015741
0 0.820182 0.181019 0.013802 0.015741
0 0.814453 0.367130 0.013802 0.015741
0 0.693359 0.889815 0.010677 0.027778
0 0.686849 0.917593 0.010677 0.027778
0 0.697005 0.967130 0.010677 0.027778
0 0.744661 0.945833 0.010677 0.027778
0 0.760286 0.884954 0.010677 0.028241
0 0.924609 0.374537 0.014844 0.014815
0 0.930859 0.561574 0.016927 0.017593
0 0.867969 0.637963 0.030729 0.044444
