0 0.832031 0.635417 0.015625 0.018056
0 0.861328 0.578704 0.014323 0.022222
0 0.280078 0.577778 0.016927 0.015741
0 0.825391 0.920602 0.015365 0.031944
0 0.740755 0.763194 0.015365 0.031019
0 0.706380 0.712731 0.013281 0.023611
0 0.935677 0.497222 0.018229 0.020370
0 0.966016 0.474074 0.016927 0.020370
0 0.675000 0.657639 0.016146 0.023611
0 0.695182 0.660880 0.014844 0.027315
0 0.814193 0.853009 0.011198 0.024537
0 0.990365 0.448380 0.019271 0.020833
0 0.626563 0.202315 0.011979 0.023148
0 0.792448 0.102778 0.015625 0.017593
0 0.638672 0.572454 0.015365 0.027315
0 0.594401 0.243750 0.013802 0.024537
0 0.026432 0.236806 0.021615 0.018981
0 0.076432 0.241435 0.021615 0.018981
0 0.391016 0.229398 0.021615 0.018981
0 0.130599 0.537037 0.016927 0.015741
0 0.416276 0.403935 0.021615 0.018981
0 0.601432 0.367361 0.021615 0.018981
0 0.578255 0.310417 0.013802 0.024537
0 0.579167 0.140741 0.011979 0.023148
0 0.854167 0.123611 0.015625 0.017593
0 0.641406 0.604167 0.017708 0.030556
0 0.736849 0.804167 0.014323 0.031481
0 0.754557 0.821296 0.014323 0.031481
0 0.746354 0.879861 0.010417 0.034722
0 0.761068 0.929630 0.010677 0.032407
0 0.749089 0.944444 0.010677 0.032407
0 0.750651 0.988889 0.010156 0.022222
