0 0.590885 0.668519 0.014063 0.018519
0 0.686458 0.850694 0.009375 0.023611
0 0.594141 0.612269 0.013281 0.021759
0 0.659375 0.754167 0.012500 0.023148
0 0.015234 0.248148 0.017969 0.016667
0 0.157292 0.601852 0.014583 0.014815
0 0.638021 0.154167 0.015625 0.019444
0 0.746745 0.431481 0.020052 0.016667
0 0.687240 0.136574 0.014583 0.016667
0 0.351693 0.485880 0.016927 0.016204
0 0.616276 0.452083 0.014844 0.014352
0 0.550911 0.303704 0.010677 0.021296
0 0.834635 0.565278 0.015625 0.022222
0 0.964583 0.336806 0.015625 0.016204
0 0.551823 0.535417 0.010417 0.024537
0 0.635807 0.681481 0.014323 0.021296
0 0.615365 0.700694 0.013021 0.020833
0 0.058073 0.393750 0.017708 0.016204
0 0.766927 0.153472 0.015104 0.021759
0 0.405469 0.231019 0.018750 0.014815
0 0.662500 0.804398 0.008854 0.022685
0 0.327734 0.600231 0.017969 0.014352
0 0.668620 0.739815 0.011198 0.022222
0 0.067318 0.588426 0.016406 0.020370
0 0.891146 0.368519 0.017188 0.018519
0 0.766536 0.124074 0.011198 0.023148
0 0.642578 0.748148 0.012240 0.022222
0 0.191927 0.414583 0.017708 0.016204
0 0.257812 0.591204 0.012500 0.015741
0 0.560156 0.584954 0.010417 0.024537
0 0.706901 0.383102 0.014844 0.014352
0 0.533594 0.231481 0.014583 0.016667
0 0.480469 0.249306 0.014063 0.013426
0 0.442708 0.256481 0.017188 0.013889
0 0.406120 0.256713 0.014844 0.015278
0 0.897656 0.168519 0.015104 0.013889
0 0.836198 0.342130 0.017188 0.018519
0 0.851953 0.488426 0.012240 0.030556
0 0.697786 0.938889 0.009115 0.024074
0 0.689974 0.810648 0.009115 0.024074
