0 0.670312 0.794444 0.009896 0.026852
0 0.287500 0.577778 0.015104 0.013889
0 0.765495 0.678241 0.041406 0.038889
0 0.847135 0.583102 0.017188 0.024537
0 0.630990 0.169213 0.018229 0.020833
0 0.757812 0.148148 0.016146 0.016667
0 0.652604 0.130324 0.018229 0.018056
0 0.161849 0.577778 0.023698 0.017593
0 0.132031 0.223148 0.019271 0.015741
0 0.577604 0.206481 0.014063 0.017593
0 0.645703 0.697917 0.013802 0.021759
0 0.624479 0.695370 0.014583 0.020370
0 0.954036 0.377546 0.016927 0.020833
0 0.543880 0.547917 0.011719 0.025463
0 0.473958 0.247917 0.015104 0.014352
0 0.194271 0.227315 0.014583 0.017593
0 0.913021 0.189120 0.015625 0.015278
0 0.378516 0.248843 0.013802 0.014352
0 0.366797 0.582176 0.014844 0.016204
0 0.061979 0.224306 0.019271 0.013426
0 0.442969 0.480556 0.017708 0.013889
0 0.561198 0.589120 0.012500 0.024537
0 0.692448 0.832639 0.010417 0.025463
0 0.905729 0.330787 0.016146 0.019907
0 0.972786 0.304861 0.015885 0.016204
0 0.797656 0.206481 0.011458 0.023148
0 0.739453 0.058102 0.012240 0.025463
0 0.722786 0.063657 0.012240 0.025463
0 0.714193 0.032639 0.010677 0.026389
0 0.536328 0.232407 0.017448 0.020370
0 0.517708 0.190741 0.014063 0.017593
0 0.481771 0.214583 0.015104 0.014352
0 0.431510 0.221991 0.017188 0.015278
0 0.431641 0.253472 0.014844 0.015278
0 0.387109 0.222454 0.014844 0.015278
0 0.313802 0.246296 0.026042 0.022222
0 0.293099 0.393287 0.014844 0.013426
0 0.250521 0.246065 0.015104 0.015278
0 0.602214 0.628241 0.013281 0.021296
0 0.682031 0.789352 0.009896 0.026852
0 0.699870 0.886806 0.008594 0.023611
0 0.680339 0.966898 0.008594 0.023611
0 0.702995 0.958796 0.009635 0.027778
0 0.690625 0.925000 0.014063 0.064815
0 0.760156 0.896991 0.009896 0.024537
0 0.747005 0.976852 0.009635 0.026852
0 0.792708 0.855324 0.009896 0.024537
