0 0.721875 0.745602 0.009375 0.020833
0 0.831641 0.105556 0.017448 0.020370
0 0.644922 0.101852 0.014844 0.022222
0 0.909115 0.518287 0.017708 0.020833
0 0.665495 0.620370 0.013802 0.016667
0 0.735026 0.810880 0.012760 0.031019
0 0.750911 0.819676 0.010156 0.018981
0 0.791536 0.101389 0.018490 0.021296
0 0.119141 0.225463 0.025781 0.017593
0 0.704297 0.741435 0.011198 0.019907
0 0.770443 0.031944 0.011198 0.028704
0 0.874479 0.172454 0.014583 0.018056
0 0.724349 0.100694 0.013802 0.020833
0 0.707031 0.714120 0.011979 0.020833
0 0.809896 0.318981 0.021354 0.015741
0 0.795573 0.035417 0.013021 0.026389
0 0.390365 0.226620 0.021875 0.018981
0 0.319922 0.232407 0.025781 0.017593
0 0.422135 0.201620 0.019271 0.017130
0 0.478516 0.221991 0.016406 0.017130
0 0.543880 0.211111 0.015885 0.012037
0 0.565234 0.202083 0.014844 0.016204
0 0.587370 0.189583 0.017969 0.015278
0 0.544661 0.371991 0.017448 0.017130
0 0.594401 0.381481 0.017448 0.013889
0 0.608594 0.506250 0.011979 0.028241
0 0.646484 0.625926 0.016406 0.020370
0 0.725260 0.721991 0.009375 0.020833
0 0.739062 0.754398 0.009375 0.020833
0 0.731380 0.848611 0.010677 0.024074
0 0.737630 0.933565 0.008594 0.027315
0 0.757552 0.899769 0.015104 0.074537
0 0.807943 0.902778 0.011719 0.034259
0 0.762240 0.656250 0.046354 0.024537
0 0.850911 0.321759 0.020052 0.018519
0 0.865495 0.584491 0.015365 0.022685
0 0.642318 0.167824 0.015365 0.022685
0 0.642578 0.043287 0.013802 0.025463
0 0.893359 0.217824 0.011719 0.022685
0 0.784505 0.012731 0.013802 0.020833
0 0.938802 0.269213 0.017708 0.016204
