0 0.616536 0.656713 0.014323 0.020833
0 0.588411 0.155093 0.015365 0.025000
0 0.634375 0.714352 0.014583 0.020370
0 0.638021 0.685417 0.012500 0.018056
0 0.071745 0.555787 0.014844 0.016204
0 0.673438 0.754630 0.011979 0.025000
0 0.658203 0.789120 0.010677 0.026389
0 0.589323 0.636343 0.013021 0.024537
0 0.038411 0.369213 0.016406 0.016204
0 0.478125 0.604630 0.016146 0.015741
0 0.914323 0.177083 0.015104 0.016204
0 0.020052 0.539583 0.016146 0.017130
0 0.134115 0.264120 0.016667 0.015278
0 0.895573 0.528009 0.016146 0.020833
0 0.692187 0.815278 0.013021 0.027778
0 0.131380 0.245602 0.016406 0.014352
0 0.608984 0.185185 0.014323 0.022222
0 0.704167 0.896296 0.009896 0.028704
0 0.852995 0.174769 0.013802 0.013426
0 0.317969 0.489120 0.017708 0.015278
0 0.303255 0.239352 0.015885 0.014815
0 0.535286 0.318056 0.009635 0.023148
0 0.562760 0.229630 0.011979 0.023148
0 0.659245 0.144444 0.017969 0.016667
0 0.792057 0.401389 0.020573 0.016667
0 0.808854 0.160185 0.013021 0.016667
0 0.769922 0.122917 0.015885 0.025463
0 0.726432 0.037963 0.011198 0.025000
0 0.721484 0.066204 0.011198 0.025000
0 0.680859 0.454398 0.014323 0.015278
0 0.870182 0.315278 0.042969 0.034259
0 0.816406 0.693750 0.013021 0.029167
0 0.684635 0.836111 0.009896 0.028704
0 0.553516 0.295370 0.009635 0.023148
0 0.512891 0.192361 0.015365 0.021759
0 0.533594 0.234722 0.014063 0.016667
0 0.505859 0.244676 0.017448 0.020833
0 0.473047 0.252315 0.013802 0.015741
0 0.455339 0.254630 0.013802 0.015741
0 0.229948 0.421991 0.017708 0.015278
0 0.301823 0.259259 0.012500 0.013889
0 0.038021 0.392130 0.018229 0.022222
0 0.029948 0.446065 0.016667 0.018981
0 0.321745 0.600926 0.043490 0.020370
