0 0.556901 0.634259 0.014844 0.017593
0 0.978516 0.469907 0.014844 0.018519
0 0.642057 0.726620 0.013802 0.018056
0 0.177344 0.257870 0.015625 0.015741
0 0.985286 0.495139 0.015365 0.019907
0 0.595443 0.162037 0.010677 0.024074
0 0.801172 0.208333 0.012760 0.022222
0 0.875391 0.547454 0.015885 0.017130
0 0.658203 0.759259 0.010677 0.020370
0 0.650521 0.678704 0.015625 0.016667
0 0.827214 0.604167 0.015365 0.022222
0 0.137500 0.573380 0.016667 0.014352
0 0.763932 0.158333 0.022656 0.025000
0 0.675911 0.800000 0.011719 0.025000
0 0.885417 0.595833 0.015104 0.023148
0 0.961849 0.156250 0.017448 0.014352
0 0.744922 0.420370 0.017969 0.012963
0 0.628906 0.059259 0.009375 0.022222
0 0.010156 0.362731 0.018229 0.018056
0 0.724479 0.138426 0.015625 0.013889
0 0.157943 0.241204 0.014323 0.014815
0 0.697005 0.128241 0.012760 0.014815
0 0.094141 0.402546 0.016406 0.014352
0 0.336719 0.429167 0.014063 0.016667
0 0.628776 0.461343 0.016406 0.013426
0 0.556250 0.395602 0.020313 0.017130
0 0.660547 0.720370 0.010677 0.020370
0 0.676172 0.762500 0.010677 0.020370
0 0.692187 0.809954 0.009375 0.021759
0 0.771354 0.856713 0.009375 0.021759
0 0.797656 0.338194 0.016667 0.013426
0 0.525130 0.237037 0.013802 0.017593
0 0.505469 0.243056 0.015625 0.017593
0 0.478385 0.254630 0.015625 0.017593
0 0.447396 0.255556 0.014583 0.012963
