0 0.829036 0.154398 0.013281 0.016204
0 0.922135 0.574537 0.016146 0.022222
0 0.712630 0.748148 0.012760 0.025000
0 0.801172 0.129861 0.017448 0.018056
0 0.706641 0.701620 0.016927 0.029167
0 0.730208 0.135648 0.012500 0.014815
0 0.642969 0.620602 0.011979 0.018981
0 0.226302 0.187037 0.015104 0.014815
0 0.676823 0.641435 0.013542 0.022685
0 0.737760 0.851389 0.008854 0.025926
0 0.589323 0.603009 0.017188 0.018056
0 0.369271 0.367130 0.015104 0.013889
0 0.740365 0.893981 0.008333 0.025926
0 0.985156 0.525463 0.011979 0.017593
0 0.746615 0.826852 0.009375 0.024074
0 0.233203 0.205324 0.016406 0.011574
0 0.080208 0.178472 0.016667 0.014352
0 0.595182 0.208102 0.028906 0.028241
0 0.145313 0.182407 0.016667 0.012037
0 0.283854 0.207407 0.015104 0.015741
0 0.885807 0.232407 0.016406 0.035185
0 0.694792 0.689583 0.041146 0.031019
0 0.016797 0.187963 0.024219 0.015741
0 0.437109 0.559491 0.016406 0.013426
0 0.564583 0.403241 0.015625 0.015741
0 0.575781 0.380093 0.015104 0.013889
0 0.347005 0.214120 0.014323 0.014352
0 0.413672 0.217361 0.014323 0.014352
0 0.446224 0.219213 0.014323 0.014352
0 0.505599 0.222454 0.014323 0.014352
0 0.552344 0.223611 0.019271 0.019444
0 0.659766 0.196759 0.013802 0.023148
0 0.631250 0.253472 0.011458 0.027315
0 0.616016 0.314815 0.008594 0.023148
0 0.891797 0.604167 0.011719 0.027778
0 0.858984 0.703241 0.011719 0.024074
0 0.751042 0.958333 0.007292 0.025000
0 0.741927 0.935417 0.006771 0.023611
0 0.751563 0.902778 0.008333 0.025926
0 0.729427 0.798843 0.009896 0.022685
0 0.735547 0.775694 0.011198 0.026389
