0 0.626693 0.694907 0.013281 0.016667
0 0.590365 0.652083 0.013021 0.019907
0 0.569010 0.608796 0.011458 0.020370
0 0.588281 0.179398 0.011458 0.021759
0 0.168490 0.579630 0.014583 0.014815
0 0.213932 0.588889 0.015365 0.016667
0 0.528906 0.622917 0.013542 0.015278
0 0.836849 0.547454 0.012240 0.028241
0 0.658724 0.756944 0.011198 0.021296
0 0.678385 0.816435 0.010417 0.026389
0 0.988932 0.482407 0.010677 0.016667
0 0.775000 0.143056 0.015625 0.020370
0 0.352344 0.489120 0.019792 0.014352
0 0.359766 0.593981 0.014323 0.016667
0 0.399740 0.254861 0.015625 0.013426
0 0.523438 0.234259 0.014583 0.018519
0 0.816146 0.245139 0.010937 0.020833
0 0.445052 0.256250 0.015625 0.013426
0 0.468750 0.253009 0.014063 0.015278
0 0.494401 0.250463 0.020052 0.018519
0 0.553646 0.223148 0.014583 0.018519
0 0.491536 0.402083 0.015885 0.015278
0 0.624089 0.444676 0.015885 0.015278
0 0.643099 0.399306 0.015885 0.015278
0 0.692057 0.884722 0.008594 0.022222
0 0.694792 0.927778 0.009896 0.029630
0 0.705990 0.950231 0.007812 0.023611
0 0.697656 0.979398 0.007812 0.023611
0 0.794401 0.740741 0.010677 0.024074
0 0.833724 0.706944 0.010677 0.024074
0 0.880990 0.605324 0.013542 0.018981
0 0.725521 0.089120 0.011458 0.024537
0 0.704167 0.021296 0.009375 0.019444
0 0.619271 0.071065 0.010937 0.022685
