0 0.675651 0.772222 0.012760 0.021296
0 0.669531 0.415278 0.022917 0.015741
0 0.700260 0.840509 0.008333 0.021759
0 0.847005 0.202315 0.014844 0.017593
0 0.613672 0.221528 0.015885 0.021759
0 0.331771 0.949769 0.015104 0.024537
0 0.254557 0.428241 0.016927 0.015741
0 0.337891 0.433796 0.016927 0.015741
0 0.540755 0.431481 0.016927 0.015741
0 0.561458 0.365046 0.011458 0.028241
0 0.249609 0.408102 0.035156 0.024537
0 0.506380 0.223611 0.019531 0.020370
0 0.657552 0.764815 0.012500 0.019444
0 0.705469 0.877546 0.008333 0.021759
0 0.714323 0.944676 0.008333 0.021759
0 0.704036 0.972917 0.009635 0.028241
0 0.818880 0.746528 0.010156 0.025463
0 0.896745 0.215972 0.016406 0.016204
0 0.686068 0.167593 0.016927 0.015741
0 0.685547 0.166667 0.016927 0.015741
