0 0.647135 0.674537 0.016146 0.023148
0 0.603385 0.556481 0.013021 0.025000
0 0.709375 0.738657 0.015104 0.026389
0 0.844401 0.106250 0.021094 0.018981
0 0.615495 0.620602 0.016406 0.028241
0 0.789453 0.029167 0.015885 0.029630
0 0.273438 0.581481 0.018229 0.016667
0 0.727474 0.793519 0.011719 0.032407
0 0.655729 0.124306 0.015625 0.026389
0 0.702083 0.090741 0.021875 0.022222
0 0.076823 0.220370 0.022396 0.015741
0 0.889714 0.206944 0.012240 0.026852
0 0.190755 0.231713 0.021094 0.018056
0 0.695703 0.750694 0.016927 0.031019
0 0.223177 0.379167 0.018229 0.016667
0 0.211979 0.465046 0.021354 0.018056
0 0.431510 0.384722 0.018229 0.016667
0 0.793620 0.100463 0.016927 0.017593
0 0.877734 0.237500 0.012240 0.026852
0 0.770833 0.346296 0.016146 0.017593
0 0.559245 0.316898 0.013281 0.032870
0 0.625391 0.605324 0.016406 0.028241
0 0.777865 0.668056 0.020833 0.022222
0 0.897917 0.649537 0.014583 0.030556
0 0.827865 0.786111 0.014583 0.030556
0 0.739193 0.854167 0.011719 0.032407
0 0.747656 0.935417 0.010417 0.030093
0 0.817969 0.970370 0.016667 0.042593
