0 0.669531 0.685880 0.015104 0.014352
0 0.032292 0.232870 0.015625 0.013889
0 0.607682 0.194213 0.014323 0.024537
0 0.663411 0.739583 0.011719 0.023611
0 0.810937 0.682639 0.009896 0.020833
0 0.618359 0.105324 0.011198 0.021759
0 0.868099 0.570833 0.012760 0.017593
0 0.722135 0.067593 0.011458 0.023148
0 0.693229 0.950231 0.008333 0.030093
0 0.969141 0.174769 0.017448 0.014352
0 0.688802 0.821991 0.009896 0.024537
0 0.119661 0.448148 0.024219 0.021296
0 0.688411 0.884259 0.008594 0.024074
0 0.771745 0.169213 0.011719 0.020833
0 0.743359 0.074306 0.011198 0.025463
0 0.182812 0.247454 0.034896 0.026389
0 0.546224 0.622222 0.013281 0.016667
0 0.283854 0.395602 0.017188 0.018056
0 0.014583 0.562963 0.014063 0.015741
0 0.686979 0.141667 0.015625 0.018519
0 0.723437 0.010648 0.009375 0.020370
0 0.397005 0.464352 0.015885 0.014815
0 0.680078 0.783796 0.010677 0.022222
0 0.824609 0.212963 0.015365 0.027778
0 0.661458 0.770370 0.010937 0.025000
0 0.823438 0.586574 0.011979 0.024074
0 0.954818 0.987963 0.026302 0.016667
0 0.636198 0.054630 0.011458 0.024074
0 0.965104 0.373148 0.016146 0.017593
0 0.784505 0.144213 0.013802 0.026389
0 0.350130 0.248611 0.031510 0.025000
0 0.424609 0.253704 0.015885 0.014815
0 0.447266 0.253241 0.015885 0.014815
0 0.468620 0.254167 0.015885 0.014815
0 0.489714 0.249074 0.015365 0.014815
0 0.534505 0.232407 0.015365 0.014815
0 0.305859 0.252083 0.010677 0.018056
0 0.026823 0.363889 0.015625 0.013889
0 0.665755 0.382639 0.016406 0.019907
0 0.557292 0.261574 0.011979 0.027778
0 0.805859 0.224769 0.011719 0.020833
0 0.932813 0.183796 0.016146 0.017593
0 0.644271 0.735417 0.012500 0.022685
0 0.673828 0.806713 0.010156 0.022685
0 0.680599 0.837500 0.009115 0.024074
0 0.673307 0.860417 0.010156 0.025463
0 0.699870 0.888426 0.008594 0.024074
