0 0.908073 0.528009 0.015625 0.018981
0 0.835938 0.106944 0.016146 0.020370
0 0.854557 0.672454 0.013802 0.028241
0 0.614583 0.559491 0.013542 0.024537
0 0.860807 0.568981 0.034635 0.060185
0 0.750391 0.808565 0.009635 0.024537
0 0.636589 0.598148 0.014844 0.023148
0 0.838411 0.840972 0.011719 0.031019
0 0.723568 0.758565 0.010156 0.022685
0 0.950911 0.483796 0.017969 0.021296
0 0.171094 0.237037 0.022396 0.014815
0 0.716146 0.102083 0.015625 0.022685
0 0.702344 0.642361 0.018750 0.018981
0 0.724740 0.718287 0.013542 0.025463
0 0.909896 0.143750 0.018750 0.016204
0 0.765234 0.011574 0.012240 0.022222
0 0.720182 0.337269 0.016406 0.018981
0 0.949219 0.131944 0.015104 0.012963
0 0.702734 0.709722 0.014323 0.023148
0 0.301172 0.394907 0.015365 0.012963
0 0.616797 0.179398 0.012240 0.030093
0 0.740104 0.813426 0.010417 0.025926
0 0.540755 0.211574 0.015885 0.015741
0 0.260286 0.374537 0.015365 0.012963
0 0.258333 0.234259 0.019271 0.014815
0 0.258073 0.215741 0.016667 0.013889
0 0.407813 0.227315 0.016667 0.013889
0 0.458464 0.380787 0.016927 0.014352
0 0.581641 0.368287 0.016927 0.014352
0 0.581120 0.387269 0.016927 0.014352
0 0.561589 0.203704 0.015885 0.015741
0 0.585026 0.190278 0.015885 0.015741
0 0.546745 0.172222 0.015885 0.015741
0 0.583203 0.304398 0.012240 0.030093
0 0.623568 0.212269 0.012240 0.030093
0 0.680078 0.124769 0.015365 0.025463
0 0.821224 0.312269 0.016406 0.018981
0 0.906641 0.306713 0.016406 0.018981
0 0.910417 0.282176 0.019271 0.018056
0 0.788021 0.017593 0.015104 0.025000
0 0.812760 0.071759 0.015104 0.025000
0 0.837500 0.138889 0.014063 0.020370
0 0.738802 0.767361 0.009896 0.020833
0 0.735677 0.871759 0.010417 0.025926
0 0.757812 0.909722 0.007812 0.024074
0 0.746354 0.891435 0.010937 0.037500
0 0.740495 0.989120 0.008073 0.021759
