0 0.311198 0.602083 0.018750 0.014352
0 0.431120 0.506019 0.017448 0.017593
0 0.760547 0.721296 0.016406 0.018519
0 0.007943 0.245833 0.015365 0.017593
0 0.215365 0.237269 0.018750 0.016204
0 0.589974 0.246991 0.017969 0.038426
0 0.462500 0.239583 0.017188 0.018056
0 0.552474 0.437269 0.020573 0.015278
0 0.568750 0.294907 0.013021 0.028704
0 0.704297 0.964815 0.006510 0.029630
0 0.869401 0.387731 0.017448 0.018981
0 0.848177 0.370139 0.033854 0.026389
0 0.929948 0.349306 0.033854 0.026389
0 0.699219 0.831944 0.009896 0.031481
