0 0.652083 0.746528 0.011979 0.018056
0 0.591927 0.659028 0.014583 0.019907
0 0.894661 0.529167 0.015365 0.016667
0 0.866797 0.549306 0.016406 0.016204
0 0.010677 0.260880 0.015625 0.015278
0 0.546745 0.566898 0.011198 0.020833
0 0.678255 0.137500 0.021094 0.016667
0 0.669141 0.786574 0.010677 0.023148
0 0.843750 0.165972 0.018750 0.014352
0 0.679818 0.687731 0.013802 0.015278
0 0.687370 0.847454 0.010677 0.024537
0 0.242578 0.462731 0.018490 0.013426
0 0.611458 0.179398 0.012500 0.018981
0 0.688932 0.804630 0.009635 0.024074
0 0.262109 0.485417 0.018490 0.013426
0 0.615885 0.090278 0.012500 0.026852
0 0.881120 0.386806 0.017969 0.014352
0 0.064323 0.396528 0.015625 0.015278
0 0.302865 0.406944 0.020833 0.015741
0 0.310807 0.591667 0.015365 0.014815
0 0.392969 0.256713 0.016146 0.012500
0 0.463932 0.255787 0.014323 0.012500
0 0.495964 0.247454 0.015365 0.015278
0 0.525130 0.238194 0.015365 0.015278
0 0.557682 0.231019 0.011198 0.022222
0 0.577865 0.390741 0.012500 0.014815
0 0.641927 0.156250 0.014583 0.018981
0 0.711589 0.139583 0.016406 0.014352
0 0.971875 0.290972 0.015625 0.014352
0 0.832161 0.599074 0.010156 0.024074
0 0.761458 0.661111 0.015625 0.019444
0 0.807031 0.788889 0.009896 0.023148
0 0.701562 0.860417 0.008854 0.023611
0 0.677214 0.763889 0.009635 0.021296
0 0.602083 0.633333 0.017708 0.028704
0 0.566016 0.557639 0.011198 0.020833
