0 0.624089 0.079398 0.015365 0.028241
0 0.610677 0.623611 0.015104 0.021296
0 0.217839 0.434028 0.020573 0.018981
0 0.004167 0.375231 0.007812 0.013426
0 0.604427 0.205787 0.011979 0.023611
0 0.715104 0.826389 0.010937 0.025000
0 0.636589 0.633796 0.011719 0.022222
0 0.902344 0.168056 0.016146 0.012037
0 0.814323 0.134722 0.015104 0.023148
0 0.707552 0.859954 0.009896 0.024537
0 0.349479 0.395833 0.021875 0.016667
0 0.779427 0.363426 0.018229 0.017593
0 0.584505 0.574074 0.012760 0.025000
0 0.675391 0.699537 0.013802 0.025000
0 0.133594 0.423611 0.017708 0.014815
0 0.425260 0.441204 0.021875 0.016667
0 0.410286 0.381250 0.017448 0.015278
0 0.667708 0.138657 0.019271 0.022685
0 0.662630 0.702778 0.013802 0.025000
0 0.705078 0.772222 0.013802 0.025000
0 0.692318 0.779167 0.012240 0.025926
0 0.721875 0.911343 0.009896 0.024537
0 0.720313 0.965046 0.009896 0.024537
