0 0.308333 0.472685 0.016667 0.013889
0 0.172786 0.576620 0.013281 0.012500
0 0.838151 0.696759 0.012760 0.024074
0 0.526432 0.416204 0.015365 0.012963
0 0.008073 0.371991 0.008854 0.015278
0 0.700000 0.142593 0.014063 0.014815
0 0.406250 0.258565 0.013021 0.015278
0 0.573828 0.578704 0.011198 0.023148
0 0.383854 0.257639 0.013021 0.014352
0 0.879687 0.336343 0.016667 0.017130
0 0.427083 0.256250 0.015625 0.014352
0 0.452865 0.259028 0.015104 0.012500
0 0.488932 0.250463 0.019010 0.019444
0 0.561849 0.220602 0.030469 0.033796
0 0.491146 0.207407 0.016667 0.017593
0 0.566536 0.140509 0.016406 0.026389
0 0.616536 0.101157 0.013281 0.022685
0 0.618880 0.409259 0.015365 0.012963
0 0.719010 0.387963 0.016146 0.015741
0 0.745313 0.360185 0.014063 0.013889
0 0.925260 0.297454 0.016667 0.017130
0 0.859375 0.173380 0.011979 0.011574
0 0.788542 0.768287 0.010417 0.024537
0 0.679948 0.690509 0.014063 0.018056
0 0.544401 0.543750 0.010677 0.024537
0 0.562109 0.590972 0.010677 0.024537
0 0.656510 0.758565 0.013021 0.024537
0 0.646745 0.766898 0.017448 0.032870
0 0.672396 0.799306 0.010417 0.025463
0 0.691797 0.827083 0.011198 0.030093
0 0.694401 0.925694 0.010156 0.028241
0 0.684375 0.848843 0.008854 0.025463
0 0.534505 0.352083 0.011198 0.024537
