0 0.668750 0.695833 0.015625 0.017593
0 0.665495 0.756250 0.010156 0.020833
0 0.286068 0.465509 0.019010 0.018056
0 0.696745 0.696991 0.015365 0.015278
0 0.811719 0.606713 0.013542 0.024537
0 0.649609 0.786806 0.010156 0.021759
0 0.762630 0.126620 0.014323 0.021759
0 0.446875 0.258796 0.018229 0.014815
0 0.186458 0.406019 0.017708 0.015741
0 0.626953 0.681713 0.014323 0.020833
0 0.366927 0.256713 0.016146 0.016204
0 0.567187 0.572917 0.011979 0.024537
0 0.041406 0.534954 0.017188 0.018056
0 0.530599 0.238194 0.016927 0.018981
0 0.690234 0.916898 0.009635 0.031019
0 0.864714 0.463889 0.009635 0.024074
0 0.714323 0.045833 0.010937 0.023148
0 0.693359 0.847917 0.010677 0.022685
0 0.736458 0.060185 0.010937 0.023148
0 0.740104 0.127315 0.010937 0.023148
0 0.635677 0.051620 0.009375 0.018981
0 0.622396 0.030324 0.013021 0.023611
0 0.784766 0.190972 0.014323 0.021759
0 0.951042 0.501620 0.009896 0.016204
0 0.835156 0.541435 0.012500 0.029167
0 0.838151 0.614583 0.008594 0.025463
0 0.811328 0.684954 0.022656 0.067130
0 0.811589 0.784954 0.011198 0.029167
0 0.664974 0.789352 0.012240 0.027778
0 0.684896 0.804398 0.014583 0.037500
0 0.702734 0.980324 0.009635 0.031019
0 0.184115 0.587731 0.015104 0.016204
0 0.294661 0.417824 0.015365 0.018056
0 0.135286 0.401389 0.017448 0.016667
0 0.076302 0.383333 0.017708 0.015741
0 0.418229 0.406944 0.013542 0.012963
0 0.560156 0.253472 0.012500 0.030093
0 0.505078 0.246759 0.013802 0.017593
0 0.475781 0.251389 0.014583 0.015741
0 0.413802 0.256944 0.014583 0.013889
0 0.281380 0.256019 0.015365 0.012963
