0 0.130990 0.549769 0.017708 0.013426
0 0.928646 0.514583 0.017708 0.021759
0 0.673698 0.729861 0.012500 0.023611
0 0.624349 0.188889 0.014323 0.024074
0 0.243750 0.463194 0.019271 0.014352
0 0.229948 0.243056 0.019271 0.012963
0 0.629948 0.628472 0.013021 0.021759
0 0.567448 0.214120 0.015625 0.018981
0 0.543620 0.185880 0.020052 0.018981
0 0.631641 0.660880 0.013802 0.019907
0 0.907292 0.167130 0.021875 0.016667
0 0.723568 0.859259 0.010156 0.026852
0 0.023047 0.343519 0.020573 0.016667
0 0.716276 0.959491 0.012240 0.057870
0 0.911849 0.587731 0.014323 0.025463
0 0.577995 0.300231 0.012240 0.027315
0 0.055990 0.428935 0.019792 0.015278
0 0.631120 0.032407 0.010156 0.022222
0 0.293750 0.394444 0.019792 0.015741
0 0.643490 0.392130 0.019792 0.015741
0 0.607292 0.215972 0.013021 0.020833
0 0.717448 0.122454 0.015104 0.016204
0 0.812240 0.134954 0.013021 0.022685
0 0.802995 0.159491 0.013281 0.022685
0 0.594141 0.551620 0.014323 0.031019
0 0.686719 0.719676 0.012500 0.023611
0 0.709896 0.784028 0.012500 0.023611
0 0.797526 0.811806 0.011198 0.030093
0 0.778776 0.915741 0.010156 0.026852
