0 0.729036 0.959491 0.007552 0.025463
0 0.112760 0.542361 0.020833 0.018056
0 0.631250 0.648148 0.016146 0.022222
0 0.893359 0.500694 0.013802 0.035648
0 0.832292 0.106019 0.017188 0.028704
0 0.602344 0.592593 0.012500 0.021296
0 0.652734 0.138657 0.016406 0.023611
0 0.898177 0.229861 0.013542 0.030093
0 0.902083 0.293519 0.027604 0.022222
0 0.343229 0.466667 0.020833 0.012963
0 0.949870 0.569213 0.017448 0.025463
0 0.564193 0.191667 0.016406 0.019444
0 0.740625 0.909491 0.010417 0.026389
0 0.661719 0.661111 0.015625 0.025926
0 0.556771 0.312037 0.011458 0.022222
0 0.622786 0.597222 0.014844 0.024074
0 0.505859 0.172685 0.020052 0.021296
0 0.426302 0.194213 0.017188 0.017130
0 0.619792 0.183102 0.016146 0.027315
0 0.586979 0.202546 0.016146 0.027315
0 0.614323 0.130787 0.016146 0.027315
0 0.570443 0.247917 0.012240 0.031019
0 0.852474 0.175463 0.013802 0.025926
0 0.784245 0.018981 0.013802 0.025926
0 0.797266 0.346759 0.016406 0.019444
0 0.615495 0.388426 0.017969 0.017593
0 0.659375 0.358102 0.025000 0.022685
0 0.859245 0.644213 0.010156 0.028241
0 0.804557 0.889120 0.010677 0.031944
0 0.714583 0.765046 0.012500 0.028241
0 0.727604 0.815972 0.012500 0.028241
0 0.722917 0.868287 0.012500 0.028241
0 0.736719 0.868750 0.012500 0.028241
0 0.741276 0.965046 0.009635 0.025463
