0 0.141016 0.403935 0.014844 0.010648
0 0.327995 0.969676 0.013802 0.024537
0 0.647266 0.724306 0.011719 0.021759
0 0.552865 0.258102 0.014063 0.015278
0 0.611979 0.691667 0.021875 0.037963
0 0.526693 0.217824 0.017448 0.018056
0 0.462240 0.241435 0.020313 0.016204
0 0.530339 0.440046 0.017448 0.013426
0 0.649609 0.417361 0.019531 0.015278
0 0.619401 0.175926 0.011198 0.025926
0 0.583333 0.256713 0.013021 0.022685
0 0.651953 0.038889 0.023177 0.065741
0 0.668880 0.797454 0.010677 0.021759
0 0.969661 0.357639 0.015885 0.018981
