0 0.628646 0.712269 0.014063 0.023611
0 0.650000 0.753009 0.013021 0.025463
0 0.637240 0.688657 0.013542 0.024537
0 0.690104 0.840278 0.008854 0.025926
0 0.878906 0.560185 0.022917 0.029630
0 0.580990 0.632176 0.014063 0.024537
0 0.523438 0.609954 0.015625 0.017130
0 0.628646 0.170602 0.015104 0.021759
0 0.931901 0.508102 0.014844 0.020833
0 0.673958 0.826157 0.011458 0.020833
0 0.383203 0.245602 0.011719 0.011574
0 0.739062 0.120833 0.011979 0.022222
0 0.568620 0.656250 0.015885 0.019907
0 0.556641 0.303241 0.011198 0.024074
0 0.052995 0.346528 0.014844 0.013426
0 0.681771 0.876620 0.008854 0.023611
0 0.799740 0.173611 0.013542 0.013889
0 0.320312 0.414815 0.014063 0.012037
0 0.861849 0.193287 0.015365 0.015278
0 0.417839 0.248148 0.013802 0.012963
0 0.441797 0.249537 0.013802 0.012963
0 0.489974 0.244907 0.013802 0.012963
0 0.466276 0.249074 0.013802 0.012963
0 0.512370 0.237963 0.013802 0.012963
0 0.534766 0.348148 0.008073 0.025000
0 0.311589 0.392361 0.014844 0.014352
0 0.596224 0.626620 0.012760 0.021759
0 0.696875 0.922917 0.008854 0.023611
0 0.688021 0.988194 0.008854 0.023611
0 0.831120 0.707639 0.013281 0.023611
0 0.955339 0.382176 0.020052 0.019907
0 0.722656 0.068056 0.011979 0.025926
0 0.711979 0.030556 0.010417 0.023148
0 0.620833 0.059954 0.015104 0.021759
0 0.603385 0.138889 0.013542 0.022222
0 0.557813 0.255556 0.011979 0.022222
0 0.537500 0.229630 0.029687 0.026852
0 0.161068 0.377083 0.014844 0.014352
0 0.114323 0.381713 0.017188 0.015278
