0 0.701302 0.649769 0.012500 0.014352
0 0.726562 0.734954 0.010417 0.023611
0 0.371615 0.465741 0.013542 0.015741
0 0.712760 0.694676 0.012500 0.018981
0 0.640495 0.176389 0.013281 0.024074
0 0.711458 0.728704 0.012500 0.021296
0 0.827344 0.097685 0.013021 0.019444
0 0.733073 0.869907 0.009896 0.021296
0 0.666797 0.143981 0.012240 0.023148
0 0.713021 0.772222 0.013542 0.030556
0 0.730078 0.784259 0.010156 0.023148
0 0.634245 0.571296 0.013802 0.025000
0 0.642057 0.619676 0.011198 0.020833
0 0.244531 0.216435 0.019271 0.018056
0 0.594792 0.193750 0.023438 0.022685
0 0.378385 0.386574 0.011979 0.015741
0 0.702995 0.110648 0.040885 0.037963
0 0.216667 0.373611 0.016146 0.016667
0 0.688932 0.689815 0.013281 0.020370
0 0.865495 0.651389 0.016927 0.045370
0 0.150130 0.231019 0.020573 0.015741
0 0.321745 0.213657 0.022656 0.017130
0 0.884635 0.562269 0.013021 0.038426
0 0.738542 0.840741 0.008854 0.027778
0 0.409115 0.404398 0.015625 0.014352
0 0.560417 0.584028 0.015625 0.014352
0 0.863932 0.159028 0.013802 0.020833
0 0.969531 0.138657 0.016146 0.017130
0 0.945052 0.356250 0.016146 0.017130
0 0.900260 0.477778 0.010417 0.026852
0 0.736589 0.945370 0.009635 0.032407
0 0.746484 0.959491 0.008594 0.030093
0 0.755339 0.912731 0.008073 0.021759
