0 0.453646 0.328472 0.018750 0.013426
0 0.365495 0.263426 0.036719 0.051852
0 0.382422 0.836806 0.007031 0.022685
0 0.618099 0.349306 0.021615 0.013426
0 0.385417 0.647222 0.009375 0.025926
0 0.109375 0.475231 0.015625 0.021759
0 0.407422 0.787269 0.013802 0.016204
0 0.204818 0.365972 0.011198 0.026389
0 0.682292 0.371528 0.018750 0.008796
0 0.337240 0.276620 0.011979 0.031944
0 0.409375 0.808102 0.015625 0.014352
0 0.753646 0.359491 0.031771 0.018981
0 0.409896 0.849769 0.015625 0.013426
0 0.384245 0.685880 0.010156 0.023611
0 0.384766 0.723380 0.010156 0.020833
0 0.116146 0.583102 0.008333 0.025463
0 0.726302 0.036111 0.010417 0.011111
0 0.277995 0.148380 0.008073 0.026389
0 0.680599 0.037731 0.016927 0.016204
0 0.331250 0.454861 0.013021 0.026389
0 0.453516 0.437731 0.014323 0.013426
0 0.384245 0.763657 0.010156 0.024537
0 0.409896 0.883333 0.016146 0.016667
0 0.410417 0.830556 0.015625 0.013889
0 0.429948 0.961343 0.016146 0.017130
0 0.337370 0.343519 0.010677 0.027778
0 0.442839 0.926620 0.017448 0.013426
0 0.444922 0.911574 0.016927 0.012963
0 0.124219 0.528241 0.018229 0.026852
0 0.361849 0.950694 0.007552 0.026389
0 0.410547 0.437731 0.017448 0.015278
0 0.242188 0.469907 0.009896 0.028704
0 0.381771 0.864815 0.008333 0.021296
0 0.810547 0.430093 0.014323 0.030556
0 0.785547 0.427083 0.014323 0.029167
0 0.539974 0.362269 0.017969 0.017130
0 0.296745 0.189583 0.014323 0.018056
0 0.162370 0.554861 0.016406 0.024537
0 0.179167 0.984028 0.009375 0.031944
0 0.238151 0.664583 0.007552 0.028241
0 0.280339 0.029630 0.006510 0.024074
0 0.384245 0.941667 0.008073 0.026852
0 0.684245 0.350694 0.016406 0.011574
0 0.566276 0.421296 0.015885 0.012037
0 0.230339 0.972454 0.008073 0.030093
0 0.432943 0.977083 0.016927 0.014352
0 0.349349 0.496528 0.013281 0.026389
0 0.772526 0.425231 0.014323 0.027315
0 0.252474 0.012269 0.014323 0.017130
0 0.282943 0.076620 0.008073 0.027315
0 0.675651 0.125231 0.010677 0.014352
0 0.410547 0.868981 0.013802 0.016667
0 0.049089 0.340046 0.017448 0.015278
0 0.080469 0.441204 0.014063 0.019444
0 0.243750 0.374769 0.009896 0.028241
0 0.245443 0.259954 0.007552 0.028241
0 0.256120 0.283565 0.007552 0.028241
0 0.018620 0.653241 0.011719 0.015741
0 0.018620 0.668519 0.011719 0.015741
0 0.016797 0.687269 0.020052 0.014352
0 0.233464 0.859954 0.008594 0.026389
0 0.244792 0.861806 0.006250 0.026389
0 0.293620 0.151389 0.011198 0.026852
0 0.301823 0.139120 0.011979 0.032870
0 0.361849 0.984028 0.007552 0.026389
0 0.516016 0.338194 0.020573 0.015278
0 0.710547 0.170370 0.008594 0.024074
0 0.723177 0.168519 0.008854 0.024074
0 0.741146 0.036806 0.010417 0.010648
0 0.849740 0.152315 0.009375 0.025000
0 0.931250 0.141667 0.009375 0.025000
0 0.942969 0.143519 0.009375 0.025000
0 0.511719 0.405093 0.017708 0.012963
0 0.642839 0.426852 0.015885 0.012037
0 0.377083 0.114120 0.014063 0.080093
