0 0.667188 0.753241 0.010937 0.019444
0 0.632552 0.698843 0.018229 0.016204
0 0.080469 0.387269 0.018750 0.015278
0 0.836719 0.202315 0.014063 0.014815
0 0.597396 0.625231 0.013542 0.021759
0 0.429688 0.242361 0.016146 0.012500
0 0.789062 0.179398 0.015625 0.014352
0 0.617839 0.161806 0.011719 0.026389
0 0.567969 0.281944 0.008854 0.021296
0 0.877214 0.427778 0.019010 0.017593
0 0.518359 0.423148 0.015885 0.012037
0 0.909766 0.217824 0.017448 0.013426
0 0.746745 0.043519 0.010156 0.023148
0 0.582552 0.284722 0.012500 0.024074
0 0.878516 0.517130 0.010156 0.026852
0 0.706901 0.164352 0.013281 0.012037
0 0.691667 0.819444 0.010937 0.025000
0 0.706510 0.901389 0.008854 0.025926
0 0.709245 0.946759 0.007031 0.029630
0 0.124479 0.565509 0.015625 0.015278
