0 0.794922 0.137963 0.014323 0.013889
0 0.912370 0.500926 0.010156 0.017593
0 0.926302 0.577083 0.014063 0.016204
0 0.367057 0.557176 0.017448 0.017130
0 0.105599 0.528935 0.013281 0.010648
0 0.914714 0.335185 0.016406 0.017593
0 0.644661 0.592824 0.013281 0.026389
0 0.661979 0.174537 0.031771 0.034259
0 0.237891 0.206944 0.021094 0.015741
0 0.744661 0.819213 0.009635 0.027315
0 0.702083 0.731250 0.010937 0.024537
0 0.734375 0.690741 0.017188 0.016667
0 0.720573 0.784722 0.009896 0.024074
0 0.165234 0.348380 0.015885 0.017130
0 0.800911 0.074306 0.010677 0.024537
0 0.822396 0.145370 0.013542 0.017593
0 0.724089 0.742824 0.010677 0.021759
0 0.327865 0.215046 0.016146 0.014352
0 0.884766 0.168287 0.015885 0.018056
0 0.637109 0.613194 0.013802 0.020833
0 0.735417 0.843981 0.008854 0.021296
0 0.790755 0.034028 0.010156 0.024537
0 0.613281 0.264352 0.011979 0.022222
0 0.144010 0.183565 0.016146 0.014352
0 0.380729 0.217824 0.016146 0.014352
0 0.406510 0.194676 0.016146 0.014352
0 0.418750 0.222917 0.016146 0.014352
0 0.466406 0.225694 0.016146 0.014352
0 0.483333 0.195602 0.016146 0.014352
0 0.513672 0.227315 0.017969 0.013889
0 0.539714 0.194213 0.014323 0.014352
0 0.554818 0.222917 0.014323 0.014352
0 0.584115 0.219907 0.019792 0.021296
0 0.807161 0.030787 0.010156 0.024537
0 0.878125 0.628009 0.014583 0.035648
0 0.972526 0.535648 0.015885 0.023148
0 0.747917 0.861111 0.008854 0.021296
0 0.857682 0.803704 0.010677 0.024074
0 0.741797 0.903704 0.009635 0.028704
0 0.751302 0.903009 0.007292 0.028241
0 0.752344 0.943287 0.007292 0.023611
0 0.741406 0.956250 0.007292 0.023611
0 0.732031 0.957176 0.007292 0.023611
