0 0.573828 0.209491 0.011719 0.026389
0 0.973828 0.175231 0.016927 0.013426
0 0.565234 0.143056 0.013281 0.018519
0 0.007161 0.335185 0.013802 0.017593
0 0.530990 0.232407 0.014583 0.014815
0 0.795443 0.679630 0.013281 0.019444
0 0.684375 0.798148 0.009375 0.023148
0 0.138802 0.552083 0.013542 0.014352
0 0.657031 0.720139 0.011979 0.025463
0 0.681510 0.835880 0.008854 0.025463
0 0.692448 0.946528 0.007812 0.028241
0 0.542318 0.475926 0.020052 0.012037
0 0.438151 0.252546 0.015365 0.013426
0 0.660547 0.768287 0.011719 0.026389
0 0.818750 0.241667 0.011458 0.022222
0 0.698307 0.869676 0.009115 0.025463
0 0.604297 0.632870 0.012760 0.020370
0 0.623958 0.696991 0.013021 0.021759
0 0.602474 0.662500 0.012760 0.020370
0 0.606380 0.446759 0.016927 0.012037
0 0.476562 0.403241 0.013021 0.012963
0 0.318880 0.581019 0.015365 0.012963
0 0.573177 0.615278 0.029167 0.052778
0 0.969141 0.351620 0.020052 0.018981
0 0.007161 0.356944 0.013802 0.017593
0 0.298438 0.395139 0.043229 0.021759
0 0.369531 0.248611 0.014583 0.015741
0 0.379427 0.225463 0.023958 0.020370
0 0.501823 0.246296 0.023958 0.020370
0 0.468490 0.250000 0.013021 0.012963
0 0.485807 0.213194 0.014844 0.018056
0 0.580469 0.242824 0.010417 0.020833
0 0.598698 0.093750 0.013021 0.026389
0 0.648698 0.154398 0.015104 0.019907
0 0.629948 0.013194 0.010937 0.021759
0 0.651563 0.011111 0.010937 0.021296
0 0.713802 0.029630 0.010417 0.025000
0 0.727734 0.025694 0.011719 0.031019
0 0.722266 0.059722 0.011719 0.025000
0 0.742969 0.066435 0.009896 0.023611
0 0.746094 0.123611 0.012500 0.022222
0 0.767448 0.119907 0.012500 0.022222
0 0.782292 0.186806 0.014583 0.020833
0 0.992057 0.360185 0.015885 0.019444
0 0.689453 0.897917 0.009115 0.025463
0 0.770052 0.944444 0.011458 0.027778
0 0.700781 0.943056 0.007292 0.019444
