0 0.710547 0.750231 0.012240 0.022685
0 0.813281 0.391667 0.018229 0.017593
0 0.722917 0.828241 0.009896 0.025926
0 0.694792 0.748611 0.012500 0.024074
0 0.599740 0.188426 0.014583 0.025926
0 0.993359 0.127315 0.013281 0.015741
0 0.568620 0.191435 0.016406 0.018981
0 0.604297 0.597685 0.019010 0.032407
0 0.037370 0.346759 0.020052 0.016667
0 0.612240 0.456019 0.019271 0.016667
0 0.883333 0.576157 0.015104 0.030093
0 0.319792 0.580556 0.015625 0.016667
0 0.764453 0.679630 0.016927 0.019444
0 0.582031 0.437269 0.019271 0.014352
0 0.682161 0.683102 0.018490 0.019907
0 0.708333 0.785648 0.010417 0.026852
0 0.198307 0.394907 0.020052 0.016667
0 0.241016 0.380093 0.020052 0.016667
0 0.530339 0.204398 0.016406 0.018981
0 0.515885 0.385417 0.020313 0.017130
0 0.628646 0.147222 0.014583 0.025926
0 0.862500 0.662269 0.015104 0.030093
0 0.959766 0.554861 0.017448 0.027315
0 0.932422 0.593750 0.017448 0.027315
0 0.728646 0.800926 0.010417 0.026852
0 0.728255 0.940509 0.014844 0.063426
