0 0.192318 0.589120 0.017448 0.020833
0 0.844271 0.371991 0.017708 0.014352
0 0.032943 0.346296 0.014844 0.017593
0 0.387370 0.647917 0.005990 0.026389
0 0.682161 0.129630 0.011719 0.011111
0 0.120313 0.579861 0.008333 0.027315
0 0.411849 0.787269 0.011719 0.014352
0 0.326693 0.271296 0.010677 0.025926
0 0.387500 0.685417 0.008333 0.024537
0 0.412240 0.804167 0.012500 0.012037
0 0.723307 0.423611 0.013281 0.014815
0 0.386719 0.762963 0.008854 0.023148
0 0.445443 0.912500 0.014323 0.016667
0 0.430729 0.957870 0.015625 0.012037
0 0.376172 0.435880 0.014323 0.018981
0 0.364583 0.950000 0.006771 0.024074
0 0.423958 0.431250 0.013021 0.015278
0 0.313281 0.521528 0.015625 0.031944
0 0.413932 0.856019 0.014323 0.011111
0 0.183203 0.889815 0.008073 0.027778
0 0.258464 0.274306 0.007552 0.031019
0 0.444661 0.424769 0.013802 0.014352
0 0.208594 0.361574 0.007292 0.026852
0 0.387500 0.724074 0.007292 0.023148
0 0.072526 0.293981 0.016406 0.018519
0 0.480208 0.421065 0.014583 0.015278
0 0.234115 0.912037 0.008333 0.031481
0 0.829167 0.445602 0.025521 0.018981
0 0.411068 0.885880 0.013802 0.014352
0 0.246615 0.868750 0.006250 0.023611
0 0.413281 0.870833 0.013021 0.012963
0 0.383073 0.451389 0.014063 0.018519
0 0.427344 0.405324 0.023958 0.018981
0 0.276432 0.193981 0.017969 0.022222
0 0.368359 0.471759 0.014844 0.021296
0 0.385026 0.834954 0.008594 0.019907
0 0.148177 0.518056 0.013542 0.024074
0 0.180729 0.546759 0.016146 0.022222
0 0.076302 0.320602 0.015104 0.018981
0 0.570833 0.274306 0.010417 0.018056
0 0.645182 0.431019 0.022135 0.019444
0 0.162630 0.159491 0.010677 0.023611
0 0.384115 0.864815 0.008333 0.022222
0 0.407813 0.459259 0.013542 0.013889
0 0.435286 0.976620 0.016406 0.014352
0 0.246224 0.441898 0.008594 0.024537
0 0.747396 0.038889 0.013542 0.015741
0 0.415625 0.841435 0.015104 0.012500
0 0.683594 0.040741 0.015104 0.015741
0 0.341406 0.481944 0.010937 0.027778
0 0.022656 0.649306 0.011458 0.016204
0 0.021354 0.663194 0.011458 0.016204
0 0.019401 0.684722 0.018490 0.016667
0 0.064844 0.457407 0.015625 0.020370
0 0.111328 0.290972 0.016927 0.023611
0 0.217188 0.181713 0.014063 0.016204
0 0.232813 0.232870 0.006771 0.028704
0 0.279948 0.121528 0.007812 0.026389
0 0.342578 0.372917 0.007552 0.025463
0 0.241276 0.661806 0.007552 0.026389
0 0.240234 0.770602 0.007552 0.026389
0 0.272266 0.756944 0.007552 0.018519
0 0.363802 0.980093 0.006771 0.024074
0 0.385807 0.940972 0.008594 0.027315
0 0.414583 0.822917 0.015104 0.012500
0 0.716797 0.173148 0.010156 0.025926
0 0.728906 0.173843 0.009896 0.018056
0 0.732292 0.040741 0.013021 0.012963
0 0.854688 0.156481 0.006250 0.024074
0 0.937630 0.145602 0.007552 0.019907
0 0.948177 0.148843 0.007812 0.027315
0 0.476823 0.397454 0.014583 0.015278
0 0.541146 0.403009 0.014583 0.015278
0 0.408594 0.441435 0.013021 0.015278
0 0.392318 0.423843 0.013281 0.016204
