0 0.652734 0.148148 0.017448 0.022222
0 0.922266 0.503472 0.017969 0.022685
0 0.173698 0.568056 0.019271 0.016667
0 0.750000 0.808565 0.009896 0.025463
0 0.717839 0.740278 0.012240 0.022222
0 0.749609 0.966898 0.008073 0.026389
0 0.460938 0.568056 0.015625 0.015741
0 0.410286 0.570139 0.016927 0.015278
0 0.191927 0.216435 0.018229 0.014352
0 0.700911 0.643981 0.016927 0.018519
0 0.177214 0.240972 0.019531 0.015278
0 0.719792 0.700926 0.011979 0.021296
0 0.330859 0.575231 0.019531 0.015278
0 0.733984 0.737963 0.011198 0.024074
0 0.665104 0.012269 0.011979 0.023611
0 0.584635 0.587731 0.013021 0.015278
0 0.284896 0.234259 0.016146 0.017593
0 0.743750 0.770602 0.010937 0.025463
0 0.699479 0.699537 0.013542 0.025926
0 0.676172 0.437963 0.017448 0.016667
0 0.758594 0.915741 0.008854 0.029630
0 0.503646 0.222222 0.019271 0.018519
0 0.755208 0.840278 0.009896 0.030556
0 0.531641 0.219213 0.017448 0.017130
0 0.739062 0.808565 0.010417 0.026389
0 0.451823 0.462037 0.016146 0.013889
0 0.301693 0.440972 0.017448 0.015278
0 0.140625 0.222454 0.018229 0.014352
0 0.844401 0.117593 0.017969 0.017593
0 0.900391 0.231713 0.011719 0.025463
0 0.962891 0.345370 0.018490 0.015741
0 0.729167 0.767130 0.011979 0.028704
0 0.743750 0.845833 0.008854 0.024074
0 0.746875 0.875926 0.008854 0.024074
0 0.757552 0.874306 0.008333 0.026389
0 0.749479 0.918287 0.007812 0.024537
0 0.758724 0.965046 0.008073 0.026389
