0 0.627604 0.613426 0.019271 0.020370
0 0.933984 0.491667 0.016406 0.020370
0 0.854818 0.168981 0.015885 0.027778
0 0.631901 0.194213 0.014323 0.027315
0 0.715885 0.726852 0.014583 0.027778
0 0.685937 0.693981 0.013542 0.024074
0 0.791927 0.660880 0.017188 0.019907
0 0.750651 0.792130 0.010677 0.025926
0 0.964453 0.466435 0.016927 0.021759
0 0.692708 0.648148 0.014583 0.022222
0 0.170443 0.572685 0.019531 0.017593
0 0.829818 0.106713 0.017448 0.018981
0 0.731250 0.767593 0.015104 0.036111
0 0.895312 0.541898 0.013542 0.024537
0 0.755469 0.827315 0.010417 0.025926
0 0.669531 0.646991 0.015625 0.024537
0 0.986458 0.127778 0.014583 0.021296
0 0.733854 0.728935 0.011458 0.023611
0 0.583984 0.189815 0.015885 0.020370
0 0.746224 0.859028 0.009635 0.026389
0 0.660677 0.354630 0.018750 0.016667
0 0.837500 0.304167 0.017188 0.016667
0 0.837240 0.324769 0.017708 0.017130
0 0.744010 0.764120 0.011458 0.027315
0 0.740365 0.800694 0.011458 0.027315
0 0.760417 0.916898 0.014063 0.041204
0 0.759505 0.975231 0.010156 0.031019
0 0.750911 0.967361 0.008594 0.028241
0 0.804036 0.053935 0.016927 0.025463
0 0.768229 0.012037 0.013021 0.023148
0 0.601042 0.231019 0.016146 0.033333
0 0.557292 0.204398 0.018750 0.020833
0 0.622266 0.541898 0.015885 0.028241
