0 0.667839 0.746991 0.011198 0.023611
0 0.669401 0.787963 0.010156 0.021296
0 0.033333 0.429167 0.016667 0.012037
0 0.392057 0.596296 0.016406 0.011111
0 0.508333 0.605556 0.014583 0.012037
0 0.687240 0.852778 0.010417 0.025000
0 0.603255 0.666898 0.013281 0.019907
0 0.728906 0.705093 0.013542 0.013889
0 0.628776 0.703241 0.014323 0.019444
0 0.618099 0.171991 0.014844 0.020833
0 0.733203 0.061574 0.010677 0.024074
0 0.033464 0.387037 0.016406 0.016667
0 0.631120 0.733102 0.012240 0.019907
0 0.685807 0.795370 0.008594 0.023148
0 0.742057 0.150694 0.012760 0.013426
0 0.462240 0.601389 0.015625 0.015741
0 0.129688 0.569444 0.015625 0.012037
0 0.051562 0.549074 0.015625 0.012037
0 0.216016 0.399769 0.019010 0.018056
0 0.259375 0.238657 0.017188 0.014352
0 0.319271 0.259028 0.017188 0.014352
0 0.372656 0.256481 0.013542 0.013889
0 0.451172 0.406019 0.020052 0.015741
0 0.437109 0.256944 0.020052 0.015741
0 0.479687 0.251852 0.013542 0.013889
0 0.508984 0.242130 0.016406 0.012963
0 0.527344 0.233333 0.013542 0.013889
0 0.541406 0.320602 0.008854 0.020833
0 0.634505 0.010648 0.009115 0.020370
0 0.803255 0.215741 0.011719 0.021296
0 0.826953 0.262500 0.011719 0.021296
0 0.849089 0.475926 0.008594 0.024074
0 0.832031 0.540741 0.010937 0.023148
0 0.654297 0.441435 0.014844 0.013426
0 0.624349 0.662731 0.013281 0.019907
0 0.691667 0.909259 0.010417 0.025000
0 0.703906 0.911111 0.010417 0.025000
0 0.696745 0.954398 0.008594 0.023611
0 0.767578 0.990509 0.007552 0.018981
