0 0.967448 0.505324 0.016146 0.018056
0 0.604688 0.690972 0.013542 0.024537
0 0.288281 0.591435 0.015104 0.014352
0 0.359245 0.594444 0.014844 0.012963
0 0.661328 0.132407 0.016927 0.016667
0 0.663021 0.765972 0.011458 0.022685
0 0.630078 0.704861 0.012760 0.022685
0 0.693750 0.903472 0.008854 0.020833
0 0.312240 0.256481 0.014063 0.014815
0 0.639844 0.749306 0.012500 0.020833
0 0.679557 0.820370 0.009115 0.024074
0 0.479818 0.603472 0.013802 0.015278
0 0.101042 0.563889 0.014063 0.012037
0 0.630208 0.040509 0.009896 0.020833
0 0.838151 0.536111 0.010156 0.025926
0 0.712370 0.047685 0.010156 0.023148
0 0.869922 0.373611 0.016406 0.015741
0 0.586198 0.644907 0.013542 0.021296
0 0.304427 0.404630 0.014063 0.014815
0 0.411719 0.423611 0.014063 0.014815
0 0.444010 0.255324 0.015104 0.014352
0 0.469010 0.254398 0.015104 0.014352
0 0.491536 0.249537 0.020052 0.018519
0 0.516536 0.236111 0.014323 0.015741
0 0.534505 0.231019 0.014323 0.015741
0 0.555339 0.249537 0.011198 0.025000
0 0.542448 0.350694 0.007812 0.018981
0 0.751432 0.140741 0.013281 0.023148
0 0.788542 0.190972 0.010937 0.018056
0 0.915104 0.172454 0.014063 0.016204
0 0.896484 0.581713 0.013802 0.018981
0 0.775911 0.818519 0.012240 0.025926
0 0.695182 0.938426 0.009635 0.025000
0 0.688281 0.860417 0.010417 0.024537
0 0.591406 0.616667 0.013542 0.021296
0 0.508073 0.481944 0.018229 0.013889
