0 0.678255 0.635648 0.018490 0.020370
0 0.708594 0.703472 0.013021 0.021759
0 0.951562 0.535417 0.015625 0.026389
0 0.205990 0.554630 0.017188 0.018519
0 0.014063 0.353241 0.018229 0.022222
0 0.739062 0.749074 0.013021 0.024074
0 0.818620 0.101389 0.019010 0.019444
0 0.733984 0.776620 0.013802 0.025463
0 0.684766 0.694444 0.013802 0.026852
0 0.867448 0.193056 0.009896 0.020370
0 0.608594 0.203241 0.013542 0.024074
0 0.929818 0.499306 0.016927 0.024537
0 0.745573 0.650694 0.015625 0.015278
0 0.591797 0.376620 0.019010 0.018056
0 0.740495 0.103472 0.016927 0.018981
0 0.748828 0.792130 0.011198 0.026852
0 0.725391 0.712037 0.014323 0.026852
0 0.610807 0.255787 0.015365 0.030093
0 0.370182 0.568519 0.013802 0.016667
0 0.180990 0.368287 0.019271 0.018056
0 0.533464 0.212731 0.020573 0.018981
0 0.183203 0.576157 0.015885 0.018056
0 0.576432 0.206250 0.020052 0.019907
0 0.841927 0.153704 0.015625 0.021296
0 0.720573 0.738889 0.011979 0.022222
0 0.085677 0.239583 0.018750 0.022685
0 0.229818 0.372222 0.021615 0.023148
0 0.211719 0.242361 0.021875 0.021759
0 0.446615 0.225231 0.020833 0.022685
0 0.383073 0.383102 0.017188 0.015278
0 0.468229 0.395370 0.017188 0.017593
0 0.492708 0.223611 0.019271 0.019444
0 0.682422 0.126389 0.018490 0.020370
0 0.803255 0.052083 0.017448 0.031944
0 0.611458 0.501157 0.011979 0.024537
0 0.918620 0.584259 0.014323 0.026852
0 0.742839 0.818981 0.011719 0.024074
0 0.760156 0.874306 0.009375 0.029167
0 0.750781 0.919213 0.009375 0.031944
0 0.761458 0.952083 0.010417 0.030093
0 0.750781 0.973380 0.009375 0.024537
