0 0.611589 0.595602 0.019010 0.020833
0 0.626042 0.165741 0.015104 0.025000
0 0.835026 0.628935 0.016406 0.020833
0 0.737240 0.669444 0.015625 0.017593
0 0.677604 0.124769 0.014583 0.018981
0 0.155599 0.546296 0.021615 0.021296
0 0.751302 0.814352 0.009896 0.028704
0 0.578255 0.200694 0.016927 0.019907
0 0.072526 0.571528 0.018490 0.020833
0 0.552344 0.581944 0.016146 0.016667
0 0.707292 0.711343 0.011979 0.020833
0 0.797526 0.116667 0.015885 0.019444
0 0.655208 0.019444 0.013021 0.026852
0 0.229167 0.240972 0.019271 0.015278
0 0.758073 0.966898 0.008854 0.025463
0 0.850000 0.781250 0.010937 0.027315
0 0.430339 0.570602 0.017448 0.014352
0 0.091536 0.235417 0.020052 0.018056
0 0.369661 0.384722 0.017969 0.016667
0 0.019401 0.567824 0.015885 0.018056
0 0.950391 0.480324 0.040885 0.044907
0 0.248958 0.581481 0.016667 0.017593
0 0.741536 0.100694 0.015365 0.018056
0 0.771875 0.036111 0.013021 0.025000
0 0.510807 0.225926 0.022656 0.018519
0 0.371484 0.235185 0.017448 0.016667
0 0.748307 0.908565 0.008073 0.026389
0 0.822526 0.137037 0.017448 0.022222
0 0.876172 0.175231 0.013802 0.027315
0 0.955078 0.132407 0.016927 0.015741
0 0.797526 0.046759 0.014844 0.027778
0 0.801562 0.340741 0.018750 0.014815
0 0.831510 0.309028 0.015625 0.017130
0 0.871094 0.316898 0.015625 0.017130
0 0.926823 0.271065 0.015625 0.017130
0 0.883464 0.661343 0.014323 0.034722
0 0.832812 0.805787 0.010937 0.027315
0 0.835417 0.858565 0.010937 0.027315
0 0.748437 0.984722 0.007292 0.025000
0 0.747786 0.946991 0.009635 0.028241
0 0.756641 0.916898 0.008073 0.026389
0 0.757161 0.883102 0.008073 0.026389
0 0.755339 0.850231 0.008073 0.026389
0 0.741927 0.832176 0.008854 0.026389
0 0.736979 0.797454 0.008854 0.026389
0 0.744401 0.778704 0.010677 0.025000
0 0.735807 0.751852 0.012240 0.025926
0 0.726953 0.763426 0.012240 0.025926
0 0.717057 0.739815 0.012240 0.025926
0 0.725651 0.719907 0.017969 0.036111
0 0.738542 0.910648 0.010937 0.037963
0 0.744661 0.864352 0.009115 0.019444
