0 0.591146 0.198843 0.010937 0.018056
0 0.168359 0.556481 0.015365 0.014815
0 0.672526 0.815046 0.010677 0.020833
0 0.748568 0.102083 0.011198 0.019907
0 0.059245 0.527546 0.015365 0.017130
0 0.653255 0.153009 0.030990 0.033796
0 0.586068 0.648380 0.037240 0.055093
0 0.017708 0.410417 0.017708 0.018056
0 0.639974 0.729861 0.013802 0.019907
0 0.618099 0.182176 0.010677 0.018056
0 0.686328 0.822222 0.010677 0.027778
0 0.684635 0.872685 0.008854 0.026852
0 0.271354 0.228009 0.017188 0.018056
0 0.531120 0.347685 0.013802 0.015741
0 0.862109 0.185648 0.015365 0.012963
0 0.603906 0.643519 0.016146 0.023148
0 0.843750 0.512500 0.012500 0.023148
0 0.088542 0.355787 0.017188 0.014352
0 0.372396 0.248843 0.011979 0.019907
0 0.786849 0.164583 0.013802 0.018981
0 0.402083 0.250000 0.012500 0.017593
0 0.432943 0.250000 0.013281 0.015741
0 0.478255 0.247454 0.014323 0.015278
0 0.519401 0.237269 0.030990 0.021759
0 0.628255 0.076389 0.010677 0.023148
0 0.275651 0.392130 0.015365 0.014815
0 0.654818 0.726157 0.013802 0.019907
0 0.698958 0.929167 0.008854 0.026852
0 0.689063 0.955556 0.008854 0.026852
0 0.699219 0.972222 0.008854 0.026852
0 0.753125 0.922222 0.008854 0.026852
0 0.784115 0.872222 0.008854 0.026852
0 0.814453 0.752778 0.010156 0.030556
0 0.833984 0.338194 0.014844 0.018056
0 0.781901 0.356713 0.014844 0.018056
0 0.631380 0.386806 0.014844 0.018056
0 0.760026 0.161806 0.013802 0.018981
0 0.730599 0.040509 0.014844 0.024537
0 0.718880 0.057870 0.014844 0.024074
0 0.986328 0.175926 0.015365 0.012963
