0 0.608333 0.655093 0.012500 0.015741
0 0.550130 0.637731 0.017448 0.019907
0 0.658464 0.714815 0.012760 0.023148
0 0.683984 0.831944 0.010677 0.022222
0 0.848958 0.386574 0.015104 0.012037
0 0.247135 0.588889 0.015625 0.013889
0 0.179557 0.580324 0.012760 0.015278
0 0.675391 0.136111 0.013281 0.013889
0 0.659375 0.760417 0.012500 0.023611
0 0.554297 0.290278 0.011198 0.023148
0 0.591146 0.143519 0.014583 0.022222
0 0.636849 0.713426 0.013802 0.022222
0 0.690104 0.880556 0.009375 0.025000
0 0.800651 0.655556 0.013802 0.017593
0 0.119661 0.245139 0.020052 0.018056
0 0.686068 0.795833 0.010677 0.027778
0 0.315365 0.407407 0.021875 0.019444
0 0.481250 0.601852 0.016667 0.016667
0 0.048698 0.549537 0.015625 0.012963
0 0.045182 0.369676 0.018490 0.014352
0 0.204427 0.460880 0.017708 0.011574
0 0.249219 0.260185 0.016146 0.013889
0 0.304948 0.256481 0.016146 0.013889
0 0.420703 0.257639 0.020573 0.017130
0 0.463281 0.255093 0.016146 0.013889
0 0.507031 0.243519 0.016146 0.013889
0 0.527344 0.233796 0.011458 0.013889
0 0.558203 0.558333 0.009635 0.016667
0 0.650911 0.775463 0.010156 0.020370
0 0.701432 0.879861 0.009115 0.019907
0 0.692187 0.917824 0.008854 0.028241
0 0.696354 0.976852 0.005729 0.025926
0 0.782682 0.908796 0.009115 0.023148
0 0.768359 0.867130 0.009115 0.023148
0 0.802995 0.799074 0.009115 0.023148
0 0.782161 0.181250 0.013281 0.020833
0 0.757812 0.146528 0.011979 0.020833
