0 0.768229 0.690972 0.013542 0.019907
0 0.663802 0.733796 0.014063 0.024074
0 0.664583 0.772454 0.013542 0.025463
0 0.636979 0.671759 0.014583 0.015741
0 0.132943 0.565741 0.017448 0.015741
0 0.053906 0.545370 0.019271 0.016667
0 0.558854 0.634954 0.011979 0.018056
0 0.209115 0.235417 0.015625 0.015278
0 0.477474 0.599074 0.020052 0.015741
0 0.568880 0.205556 0.014323 0.020370
0 0.414844 0.590509 0.018750 0.018981
0 0.717187 0.137500 0.014063 0.013889
0 0.850651 0.512731 0.010156 0.025463
0 0.282292 0.251620 0.021354 0.020833
0 0.369271 0.591898 0.021354 0.018056
0 0.753646 0.097454 0.012500 0.025463
0 0.606641 0.637963 0.012240 0.023148
0 0.623047 0.073148 0.011198 0.022222
0 0.686849 0.846759 0.009115 0.021296
0 0.920443 0.553241 0.013802 0.022222
0 0.346875 0.252778 0.016146 0.017593
0 0.328906 0.253704 0.016146 0.017593
0 0.372396 0.252315 0.016146 0.017593
0 0.408073 0.254630 0.016146 0.017593
0 0.445833 0.253704 0.016146 0.017593
0 0.514844 0.185648 0.016146 0.017593
0 0.504948 0.238889 0.016146 0.017593
0 0.543490 0.220833 0.016146 0.017593
0 0.475651 0.250463 0.012240 0.013889
0 0.225781 0.397454 0.015625 0.015278
0 0.256771 0.417361 0.015625 0.015278
0 0.294792 0.422917 0.015625 0.015278
0 0.019271 0.372917 0.015625 0.015278
0 0.482292 0.484028 0.015625 0.015278
0 0.644792 0.394907 0.014063 0.016667
0 0.729688 0.421065 0.016146 0.016204
0 0.753125 0.371759 0.014063 0.016667
0 0.798177 0.340278 0.014063 0.016667
0 0.645312 0.729630 0.014063 0.024074
0 0.679427 0.771528 0.013542 0.025463
0 0.687370 0.801620 0.010156 0.024537
0 0.677995 0.813194 0.010156 0.024537
0 0.697266 0.843750 0.010156 0.024537
0 0.690495 0.886111 0.009115 0.021296
0 0.695052 0.922685 0.008333 0.024074
0 0.695052 0.962963 0.008333 0.024074
0 0.687370 0.985648 0.008073 0.025926
0 0.754427 0.957407 0.008333 0.024074
0 0.894141 0.583796 0.013802 0.022222
0 0.845703 0.560417 0.010677 0.021759
0 0.873698 0.621065 0.016146 0.026389
0 0.933464 0.495833 0.016406 0.020370
0 0.934375 0.287963 0.014063 0.016667
0 0.937370 0.303472 0.014844 0.015278
