0 0.613932 0.176620 0.014844 0.019907
0 0.574089 0.140972 0.013281 0.018981
0 0.638802 0.685880 0.013021 0.019907
0 0.112500 0.592593 0.014583 0.018519
0 0.053385 0.376852 0.015625 0.018519
0 0.582422 0.235185 0.013802 0.022222
0 0.576823 0.201852 0.014583 0.023148
0 0.733984 0.060880 0.012760 0.026389
0 0.830729 0.417593 0.019792 0.017593
0 0.576042 0.600694 0.013542 0.028241
0 0.385807 0.235880 0.014323 0.019907
0 0.662760 0.770370 0.010417 0.018519
0 0.738281 0.114120 0.011458 0.025463
0 0.606120 0.639583 0.013281 0.020833
0 0.167969 0.416667 0.015625 0.016667
0 0.843490 0.187269 0.018750 0.019907
0 0.886068 0.181019 0.017448 0.013889
0 0.939714 0.176852 0.015365 0.016667
0 0.866667 0.385185 0.018750 0.020370
0 0.714063 0.041898 0.011979 0.025463
0 0.454427 0.255556 0.031771 0.025000
0 0.531120 0.240278 0.016927 0.021296
0 0.610677 0.060417 0.010937 0.020833
0 0.749349 0.088657 0.012760 0.026389
0 0.736589 0.152315 0.013802 0.017593
0 0.916406 0.328704 0.018750 0.020370
0 0.926562 0.299074 0.016667 0.017593
0 0.970833 0.344213 0.016667 0.018056
0 0.849740 0.490972 0.009896 0.028241
0 0.819141 0.760880 0.011719 0.025463
0 0.695703 0.967361 0.009115 0.025463
0 0.692318 0.878009 0.009115 0.025463
0 0.694141 0.827083 0.009115 0.025463
0 0.654167 0.786343 0.010937 0.025463
0 0.677083 0.767361 0.009896 0.020833
0 0.635286 0.718519 0.014844 0.021296
0 0.580339 0.663657 0.012760 0.018056
