0 0.826172 0.623843 0.015365 0.018981
0 0.628646 0.185417 0.013021 0.020833
0 0.316146 0.576620 0.016667 0.018056
0 0.704688 0.742593 0.008854 0.018519
0 0.466797 0.577546 0.019531 0.018981
0 0.508724 0.582407 0.020573 0.017593
0 0.932292 0.512731 0.013021 0.018056
0 0.669271 0.656019 0.013021 0.017593
0 0.796224 0.062731 0.015885 0.025463
0 0.667448 0.029630 0.014583 0.022222
0 0.631641 0.614352 0.013802 0.022222
0 0.786198 0.116204 0.019271 0.019444
0 0.103646 0.351852 0.014583 0.013889
0 0.291797 0.396296 0.019531 0.021296
0 0.895573 0.152778 0.015104 0.016667
0 0.733724 0.783102 0.010677 0.028241
0 0.366016 0.235880 0.014323 0.016204
0 0.610547 0.116204 0.013802 0.021296
0 0.389844 0.234028 0.010937 0.012500
0 0.409375 0.236343 0.015625 0.011574
0 0.876172 0.522222 0.013281 0.021296
0 0.690495 0.428935 0.020573 0.014352
0 0.669141 0.682870 0.013802 0.019444
0 0.731901 0.843981 0.010677 0.023148
0 0.575521 0.212269 0.015104 0.017130
0 0.087240 0.227083 0.014583 0.017130
0 0.051823 0.952546 0.016667 0.019907
0 0.722266 0.743519 0.010677 0.022222
0 0.464844 0.233796 0.012500 0.015741
0 0.439714 0.236806 0.012240 0.016204
0 0.513151 0.234259 0.021615 0.016667
0 0.544922 0.226157 0.021615 0.017130
0 0.687370 0.386343 0.020573 0.014352
0 0.777995 0.071991 0.011719 0.028241
0 0.764714 0.022917 0.015885 0.025463
0 0.876563 0.249769 0.019271 0.019907
0 0.735547 0.883333 0.013281 0.022222
0 0.739323 0.931944 0.013021 0.022222
0 0.738802 0.980556 0.013021 0.022222
0 0.813672 0.960648 0.010677 0.023148
0 0.989714 0.275463 0.020573 0.024074
0 0.650000 0.614120 0.015625 0.028241
0 0.727344 0.809028 0.008854 0.030093
