0 0.929818 0.512731 0.013802 0.018981
0 0.587370 0.203241 0.013802 0.015741
0 0.634896 0.132639 0.015104 0.023611
0 0.927604 0.286343 0.015104 0.019907
0 0.723958 0.756944 0.009375 0.023148
0 0.748177 0.102546 0.017708 0.018981
0 0.911458 0.442593 0.013021 0.025926
0 0.707812 0.716435 0.011458 0.026389
0 0.755599 0.660880 0.016406 0.015278
0 0.483984 0.571759 0.014323 0.013889
0 0.686068 0.124769 0.013802 0.023611
0 0.796484 0.649769 0.014323 0.015278
0 0.195182 0.238657 0.019531 0.016204
0 0.746094 0.847685 0.009896 0.022222
0 0.808724 0.094213 0.038802 0.033796
0 0.477214 0.203704 0.013281 0.018519
0 0.601823 0.507639 0.013021 0.028241
0 0.740365 0.759491 0.008854 0.020833
0 0.899479 0.131944 0.019271 0.022222
0 0.649089 0.627546 0.014323 0.018981
0 0.785156 0.010185 0.015625 0.019444
0 0.777995 0.037037 0.016927 0.026852
0 0.750911 0.812269 0.013281 0.027315
0 0.679297 0.030556 0.013802 0.021296
0 0.607031 0.233102 0.013021 0.019907
0 0.798047 0.044676 0.013802 0.025463
0 0.768099 0.010417 0.014844 0.019907
0 0.880208 0.218750 0.033333 0.060648
0 0.741276 0.425694 0.017448 0.020833
0 0.929818 0.583565 0.013802 0.018981
0 0.902995 0.513426 0.017969 0.053704
0 0.637109 0.566435 0.013802 0.023611
0 0.668880 0.623380 0.013802 0.023611
0 0.730859 0.725231 0.010677 0.024537
0 0.757552 0.880556 0.009896 0.022222
0 0.748958 0.951852 0.009896 0.022222
0 0.758854 0.988889 0.009896 0.022222
