0 0.612109 0.235880 0.016927 0.028241
0 0.568359 0.228935 0.013281 0.016204
0 0.754948 0.167361 0.015104 0.015278
0 0.589714 0.282870 0.012240 0.025000
0 0.159245 0.388889 0.046094 0.028704
0 0.803906 0.188889 0.015104 0.014815
0 0.698698 0.945139 0.008854 0.024537
0 0.669141 0.415509 0.014844 0.013426
0 0.933333 0.350463 0.017708 0.017593
0 0.328906 0.968750 0.015625 0.024537
0 0.671094 0.176620 0.021354 0.019907
0 0.178776 0.416898 0.017969 0.014352
0 0.475651 0.238889 0.019010 0.014815
0 0.451302 0.425231 0.018229 0.015278
0 0.583854 0.599074 0.012500 0.025000
0 0.605078 0.682176 0.015365 0.024537
0 0.785417 0.124306 0.011979 0.022685
0 0.858333 0.204630 0.023958 0.018519
0 0.901302 0.646065 0.014583 0.020833
0 0.857682 0.727083 0.014323 0.023611
