0 0.796484 0.208102 0.012240 0.021759
0 0.714063 0.132407 0.015104 0.012963
0 0.025000 0.364120 0.022396 0.018981
0 0.619010 0.710417 0.014583 0.023611
0 0.618750 0.683565 0.012500 0.018981
0 0.580859 0.601389 0.012240 0.021296
0 0.648177 0.769676 0.013021 0.026389
0 0.686979 0.862500 0.009375 0.022222
0 0.900781 0.574074 0.012500 0.018519
0 0.814583 0.589120 0.013021 0.020833
0 0.620833 0.074537 0.011979 0.022222
0 0.577083 0.453472 0.015625 0.014352
0 0.273438 0.486343 0.043750 0.024537
0 0.291797 0.593519 0.016406 0.016667
0 0.494922 0.244907 0.014844 0.016667
0 0.435807 0.253935 0.014323 0.013426
0 0.460417 0.252546 0.016146 0.014352
0 0.480729 0.602083 0.013542 0.012500
0 0.411589 0.255556 0.020573 0.018519
0 0.422656 0.593519 0.012500 0.012037
0 0.556120 0.216204 0.014844 0.016667
0 0.063542 0.258102 0.016146 0.012500
0 0.646875 0.731713 0.010417 0.017130
0 0.669271 0.786806 0.010937 0.023611
0 0.681901 0.784259 0.010677 0.023148
0 0.681120 0.824074 0.010677 0.023148
0 0.692318 0.913657 0.008594 0.026389
0 0.693359 0.959954 0.008594 0.026389
0 0.761198 0.906019 0.008333 0.024074
0 0.799870 0.827778 0.009635 0.025926
0 0.820052 0.733333 0.011458 0.025926
0 0.879818 0.543981 0.013802 0.017593
0 0.949089 0.525463 0.013802 0.017593
0 0.859505 0.495833 0.009115 0.026852
0 0.799609 0.356019 0.016406 0.015741
0 0.845182 0.339815 0.016406 0.015741
0 0.983724 0.281019 0.014323 0.014815
0 0.722396 0.081713 0.011458 0.022685
0 0.713281 0.044213 0.011458 0.022685
