0 0.189974 0.565509 0.016927 0.013426
0 0.644661 0.725231 0.011719 0.019907
0 0.646615 0.772222 0.011979 0.024074
0 0.563672 0.551157 0.012240 0.027315
0 0.566536 0.217130 0.014323 0.017593
0 0.830339 0.626389 0.013281 0.020370
0 0.310807 0.585417 0.016406 0.016204
0 0.602865 0.143750 0.011979 0.022685
0 0.804167 0.792130 0.012500 0.022222
0 0.857292 0.184722 0.013542 0.012037
0 0.636328 0.165509 0.010677 0.018981
0 0.673047 0.807870 0.010677 0.022222
0 0.690755 0.831481 0.010677 0.026852
0 0.625781 0.725000 0.013542 0.019444
0 0.195833 0.244444 0.018229 0.013889
0 0.148438 0.246296 0.016667 0.016667
0 0.294792 0.250000 0.018229 0.013889
0 0.337240 0.227315 0.018229 0.013889
0 0.355859 0.251157 0.014844 0.014352
0 0.395443 0.251620 0.014844 0.014352
0 0.418620 0.250231 0.014844 0.014352
0 0.451693 0.252083 0.014844 0.014352
0 0.477214 0.251157 0.014844 0.014352
0 0.504818 0.246065 0.014844 0.014352
0 0.528516 0.234028 0.014844 0.014352
0 0.710026 0.014120 0.010677 0.024537
0 0.732552 0.042593 0.009896 0.023148
0 0.751693 0.095139 0.011198 0.021759
0 0.723437 0.148843 0.015625 0.015278
0 0.777474 0.181250 0.012240 0.016204
0 0.934115 0.186111 0.014583 0.015741
0 0.830469 0.358102 0.015104 0.015278
0 0.771615 0.371991 0.015104 0.015278
0 0.883984 0.399769 0.018490 0.018056
0 0.724349 0.068056 0.024219 0.065741
0 0.992188 0.296296 0.015625 0.014815
0 0.795312 0.734491 0.011458 0.022685
0 0.554688 0.581944 0.012500 0.023148
0 0.605859 0.674074 0.015885 0.020370
0 0.659115 0.762037 0.011979 0.024074
0 0.662370 0.728472 0.010677 0.022685
0 0.681250 0.790509 0.010937 0.023611
0 0.681380 0.849537 0.008594 0.023148
0 0.696224 0.868287 0.009635 0.029167
0 0.679297 0.931713 0.009635 0.029167
0 0.690625 0.947685 0.008333 0.028704
0 0.700260 0.923380 0.007812 0.025463
0 0.702083 0.985417 0.007812 0.025463
0 0.638411 0.390741 0.018490 0.015741
0 0.652214 0.008565 0.011198 0.016204
