0 0.672396 0.768981 0.013542 0.027778
0 0.992839 0.364120 0.014323 0.018981
0 0.639714 0.695139 0.013281 0.019907
0 0.111458 0.248148 0.018229 0.016667
0 0.546094 0.550231 0.009896 0.024537
0 0.614974 0.192361 0.017448 0.021759
0 0.265755 0.471759 0.015885 0.016667
0 0.675521 0.820833 0.010937 0.026852
0 0.742448 0.149306 0.016146 0.018981
0 0.528255 0.241435 0.013802 0.017130
0 0.698828 0.139120 0.013281 0.014352
0 0.799349 0.631250 0.013802 0.024537
0 0.811458 0.190509 0.013542 0.019907
0 0.588932 0.179861 0.013802 0.025463
0 0.219401 0.451389 0.017969 0.014815
0 0.613411 0.653704 0.014323 0.022222
0 0.357161 0.423843 0.016927 0.015278
0 0.855208 0.494676 0.007812 0.023611
0 0.510417 0.249537 0.013542 0.015741
0 0.718880 0.053704 0.010677 0.022222
0 0.868620 0.329167 0.022656 0.019444
0 0.809375 0.232176 0.014063 0.024537
0 0.842839 0.252546 0.014844 0.030093
0 0.832161 0.287963 0.011719 0.023148
0 0.734766 0.049537 0.010677 0.022222
0 0.752734 0.093519 0.012760 0.022222
0 0.733854 0.094213 0.011458 0.022685
0 0.567318 0.237269 0.012760 0.022685
0 0.562891 0.291435 0.009635 0.024537
0 0.494271 0.252315 0.015104 0.014815
0 0.477865 0.256713 0.011458 0.013426
0 0.460417 0.256250 0.011458 0.013426
0 0.428125 0.256250 0.011458 0.013426
0 0.538411 0.353935 0.009635 0.028241
0 0.500911 0.422454 0.016927 0.015278
0 0.268359 0.395602 0.016927 0.015278
0 0.160547 0.381250 0.019531 0.016204
0 0.568490 0.615741 0.012500 0.023148
0 0.633464 0.713657 0.013281 0.019907
0 0.698438 0.881481 0.010937 0.026852
0 0.702083 0.956944 0.010937 0.026852
0 0.788281 0.790509 0.015104 0.040278
0 0.818880 0.602083 0.013802 0.024537
