0 0.791797 0.096528 0.015885 0.018981
0 0.669141 0.672685 0.019531 0.027778
0 0.468099 0.584954 0.023698 0.018056
0 0.709896 0.750463 0.013021 0.025926
0 0.600000 0.593056 0.013021 0.025926
0 0.648307 0.144907 0.016927 0.027778
0 0.859375 0.660185 0.014063 0.035185
0 0.727344 0.804398 0.009375 0.025463
0 0.801172 0.662037 0.014844 0.017593
0 0.803255 0.051620 0.014844 0.032870
0 0.659505 0.697685 0.013802 0.022222
0 0.701042 0.771759 0.011458 0.025926
0 0.620964 0.590046 0.013802 0.025463
0 0.567187 0.189352 0.018229 0.016667
0 0.876563 0.174306 0.022396 0.050463
0 0.739193 0.872222 0.010156 0.025926
0 0.118359 0.378241 0.014323 0.017593
0 0.692318 0.105324 0.017448 0.024537
0 0.901432 0.513657 0.010677 0.017130
0 0.255078 0.197222 0.014323 0.017593
0 0.308073 0.219213 0.017188 0.016204
0 0.322786 0.199306 0.026823 0.018981
0 0.578776 0.296991 0.013802 0.031944
0 0.659896 0.356481 0.018229 0.016667
0 0.744531 0.361574 0.018229 0.016667
0 0.661328 0.032870 0.012240 0.030556
0 0.817969 0.840278 0.014063 0.035185
0 0.718620 0.831944 0.010156 0.025926
0 0.742839 0.944213 0.008073 0.026389
0 0.732422 0.961343 0.008073 0.030093
0 0.743490 0.988194 0.008333 0.023611
0 0.789062 0.988194 0.008333 0.023611
