0 0.172396 0.211806 0.015104 0.024537
0 0.070964 0.325231 0.014323 0.018056
0 0.426432 0.430787 0.013802 0.015278
0 0.371875 0.463889 0.014063 0.021296
0 0.210807 0.361343 0.007552 0.028241
0 0.389193 0.646991 0.008073 0.030093
0 0.683333 0.127778 0.012500 0.011111
0 0.432682 0.956019 0.014323 0.012963
0 0.415365 0.409491 0.021354 0.021759
0 0.416536 0.818287 0.014323 0.014352
0 0.417578 0.838194 0.014844 0.013426
0 0.448177 0.910880 0.014063 0.015278
0 0.124740 0.577546 0.007292 0.025463
0 0.484635 0.416435 0.021354 0.018981
0 0.375651 0.435648 0.013281 0.019444
0 0.413281 0.784722 0.010417 0.012963
0 0.265755 0.916204 0.007552 0.028704
0 0.214323 0.181713 0.014583 0.018056
0 0.512240 0.419444 0.023438 0.017593
0 0.195052 0.170602 0.015625 0.019907
0 0.241146 0.790509 0.009375 0.030093
0 0.189714 0.670370 0.008073 0.021296
0 0.320964 0.504630 0.011719 0.024074
0 0.365755 0.978009 0.008594 0.028241
0 0.443620 0.423843 0.012760 0.011574
0 0.462109 0.419676 0.013802 0.012500
0 0.044531 0.415278 0.015625 0.017593
0 0.414714 0.853472 0.013281 0.014352
0 0.261979 0.810648 0.010417 0.029630
0 0.387370 0.833333 0.007552 0.024074
0 0.364583 0.502546 0.013021 0.020833
0 0.238542 0.862037 0.007812 0.028704
0 0.394661 0.422454 0.013802 0.015278
0 0.413542 0.882176 0.014583 0.014352
0 0.686979 0.035185 0.015625 0.022222
0 0.387760 0.936806 0.007812 0.026389
0 0.463802 0.396991 0.013021 0.013426
0 0.443099 0.397685 0.014844 0.013889
0 0.389453 0.761111 0.008594 0.022222
0 0.389714 0.722917 0.005990 0.025463
0 0.234766 0.984259 0.006510 0.021296
0 0.561068 0.422222 0.015365 0.016667
0 0.148828 0.237963 0.012240 0.021296
0 0.367448 0.948380 0.006771 0.026389
0 0.684635 0.415509 0.016146 0.016204
0 0.386198 0.863657 0.007292 0.025463
0 0.389323 0.684954 0.006771 0.025463
0 0.572396 0.272917 0.011458 0.019907
0 0.026953 0.646296 0.010677 0.011111
0 0.279948 0.087269 0.007292 0.027315
0 0.780859 0.441667 0.016927 0.015741
0 0.316276 0.236343 0.014323 0.031019
0 0.250651 0.375000 0.008594 0.031481
0 0.026172 0.661806 0.012240 0.010648
0 0.023698 0.680093 0.018229 0.016667
0 0.152474 0.506713 0.012240 0.030093
0 0.109896 0.285417 0.015625 0.024537
0 0.247135 0.836111 0.010417 0.047222
0 0.275391 0.741898 0.010156 0.030093
0 0.242969 0.653472 0.008333 0.028241
0 0.285417 0.560417 0.013542 0.021759
0 0.341927 0.417130 0.009375 0.032407
0 0.343229 0.338194 0.008854 0.028241
0 0.412370 0.298380 0.016927 0.023611
0 0.268490 0.057639 0.007292 0.027315
0 0.278906 0.028472 0.007292 0.027315
0 0.436328 0.974074 0.014323 0.012963
0 0.415104 0.870602 0.014583 0.014352
0 0.414583 0.802546 0.010937 0.012500
0 0.404557 0.441898 0.013802 0.015278
0 0.480208 0.398380 0.013021 0.013426
0 0.951042 0.147454 0.011458 0.027315
0 0.939583 0.143519 0.008854 0.019444
0 0.856901 0.155093 0.010156 0.026852
0 0.731120 0.170833 0.011198 0.013889
0 0.717969 0.173148 0.012500 0.023148
0 0.734896 0.040972 0.011979 0.015278
0 0.749870 0.037731 0.012240 0.011574
