0 0.831901 0.629861 0.014323 0.018056
0 0.632422 0.168056 0.012240 0.017593
0 0.715495 0.672222 0.014844 0.016667
0 0.727083 0.772685 0.006771 0.016667
0 0.924479 0.521759 0.011458 0.015741
0 0.950000 0.492361 0.009896 0.018981
0 0.710938 0.111806 0.015104 0.018981
0 0.313281 0.576852 0.013021 0.012963
0 0.549609 0.578009 0.013802 0.014352
0 0.130469 0.238657 0.015104 0.013426
0 0.278906 0.215509 0.013021 0.015278
0 0.622786 0.623611 0.013281 0.017593
0 0.639193 0.608565 0.012240 0.018056
0 0.072266 0.563889 0.014323 0.015741
0 0.745703 0.793287 0.008594 0.020833
0 0.362500 0.565046 0.016146 0.016204
0 0.746224 0.900694 0.007552 0.021759
0 0.816797 0.129398 0.014844 0.016204
0 0.126432 0.535417 0.011198 0.014352
0 0.844661 0.162269 0.013281 0.017130
0 0.479167 0.228241 0.009896 0.012037
0 0.481771 0.198611 0.013542 0.013889
0 0.829818 0.764352 0.009115 0.024074
0 0.647135 0.591667 0.009896 0.016667
0 0.368490 0.463426 0.014583 0.012037
0 0.424219 0.205324 0.017188 0.013426
0 0.706250 0.712269 0.009896 0.018981
0 0.773698 0.034259 0.011979 0.026852
0 0.623437 0.382176 0.013542 0.011574
0 0.877865 0.523148 0.012500 0.022222
0 0.917578 0.365046 0.013281 0.014352
0 0.642188 0.443287 0.013542 0.011574
0 0.886328 0.250463 0.011719 0.013889
0 0.976172 0.258565 0.013281 0.014352
0 0.900781 0.425694 0.008854 0.023611
0 0.905599 0.619907 0.013281 0.021296
0 0.725391 0.721065 0.009635 0.018056
0 0.717057 0.738194 0.009635 0.022685
0 0.736328 0.754398 0.009635 0.022685
0 0.738932 0.827546 0.008594 0.020833
0 0.752734 0.843750 0.008594 0.020833
0 0.743099 0.867824 0.008594 0.020833
0 0.755078 0.873843 0.008594 0.020833
0 0.755339 0.910880 0.007552 0.021759
0 0.747005 0.934954 0.007552 0.021759
0 0.758464 0.954398 0.007552 0.021759
0 0.747526 0.964583 0.007552 0.021759
0 0.757031 0.992361 0.008854 0.015278
