0 0.835677 0.185880 0.015625 0.018981
0 0.658203 0.732639 0.012760 0.025463
0 0.598698 0.659028 0.012500 0.024537
0 0.820052 0.653009 0.011458 0.018056
0 0.631641 0.718981 0.014844 0.026852
0 0.035417 0.429861 0.025000 0.019907
0 0.097396 0.370139 0.016667 0.015278
0 0.196745 0.394213 0.021094 0.013426
0 0.792188 0.144676 0.014063 0.026389
0 0.683333 0.783565 0.011979 0.026389
0 0.933203 0.346759 0.016927 0.020370
0 0.749479 0.013426 0.014063 0.025926
0 0.903255 0.212731 0.023698 0.022685
0 0.603906 0.635880 0.011458 0.022685
0 0.710026 0.891204 0.014323 0.045370
0 0.713542 0.987500 0.009375 0.025000
0 0.851953 0.732870 0.011198 0.023148
0 0.841797 0.692593 0.010677 0.027778
0 0.876693 0.678704 0.013281 0.024074
