0 0.772526 0.164120 0.014323 0.016204
0 0.629297 0.735185 0.012760 0.024074
0 0.686198 0.874769 0.009896 0.024537
0 0.610026 0.130787 0.011719 0.028241
0 0.818099 0.175926 0.015365 0.016667
0 0.880729 0.551852 0.015625 0.018519
0 0.853516 0.185185 0.013802 0.016667
0 0.892318 0.189352 0.016406 0.013889
0 0.229687 0.581944 0.014583 0.013889
0 0.512500 0.246991 0.016146 0.017130
0 0.557422 0.629398 0.014323 0.016204
0 0.607552 0.662963 0.015625 0.016667
0 0.709505 0.035185 0.010156 0.025926
0 0.657031 0.763194 0.011458 0.020833
0 0.525130 0.620139 0.016406 0.017130
0 0.424349 0.257870 0.015885 0.013889
0 0.626302 0.390278 0.017708 0.013889
0 0.745573 0.085417 0.028646 0.062500
0 0.532292 0.243981 0.015625 0.016667
0 0.676562 0.884954 0.010417 0.027315
0 0.430859 0.233796 0.012240 0.012963
0 0.725911 0.371759 0.015885 0.015741
0 0.723568 0.029167 0.010156 0.025926
0 0.721745 0.075926 0.010677 0.025000
0 0.734505 0.119907 0.010677 0.025000
0 0.680208 0.401389 0.017708 0.013889
0 0.603906 0.417361 0.015625 0.014352
0 0.537891 0.328009 0.010156 0.026389
0 0.480990 0.214815 0.012500 0.013889
0 0.491797 0.250463 0.016927 0.015741
0 0.470833 0.254630 0.012500 0.013889
0 0.454167 0.255093 0.012500 0.013889
0 0.382812 0.232870 0.014063 0.013889
0 0.364193 0.257176 0.017448 0.015278
0 0.343880 0.407176 0.017448 0.015278
0 0.200130 0.414120 0.017448 0.015278
0 0.124219 0.382176 0.046354 0.027315
0 0.638672 0.732870 0.012760 0.024074
0 0.674740 0.812731 0.011979 0.027315
0 0.694271 0.959954 0.010417 0.027315
0 0.949740 0.542130 0.015625 0.018519
0 0.856380 0.500231 0.018490 0.054167
