0 0.927995 0.503935 0.041927 0.046759
0 0.460417 0.571991 0.019271 0.016204
0 0.867578 0.609259 0.013802 0.028704
0 0.709375 0.107407 0.014583 0.017593
0 0.703385 0.703009 0.011979 0.020833
0 0.380339 0.579861 0.016406 0.018056
0 0.736328 0.751620 0.012240 0.025463
0 0.671875 0.640972 0.015625 0.014352
0 0.826432 0.922917 0.013281 0.031944
0 0.354687 0.402546 0.014063 0.016204
0 0.564844 0.585185 0.016146 0.016667
0 0.756901 0.100000 0.017448 0.017593
0 0.846224 0.116667 0.015365 0.017593
0 0.235417 0.222917 0.016667 0.018056
0 0.585677 0.193056 0.021875 0.025926
0 0.745182 0.780093 0.010677 0.025926
0 0.969271 0.464583 0.015625 0.019907
0 0.753516 0.816667 0.011198 0.029630
0 0.738411 0.799769 0.010677 0.026389
0 0.727865 0.767130 0.011458 0.025926
0 0.085938 0.372222 0.017188 0.015741
0 0.216927 0.561806 0.016146 0.016204
0 0.508594 0.226389 0.021354 0.017593
0 0.387370 0.233796 0.021094 0.016667
0 0.738672 0.902315 0.007552 0.025926
0 0.319922 0.216435 0.020052 0.018056
0 0.773047 0.037963 0.012760 0.027778
0 0.800391 0.051389 0.014844 0.028704
0 0.786328 0.018519 0.014844 0.028704
0 0.734115 0.341667 0.015625 0.019444
0 0.908984 0.132407 0.019531 0.013889
0 0.912500 0.428935 0.009896 0.028241
0 0.759245 0.984722 0.008073 0.027778
0 0.759766 0.957407 0.008073 0.026852
0 0.750260 0.983796 0.008333 0.023148
0 0.749089 0.950463 0.008073 0.026852
0 0.749349 0.911574 0.007552 0.025926
0 0.757812 0.919676 0.007812 0.031019
0 0.758203 0.884491 0.008594 0.028241
0 0.756510 0.852315 0.008333 0.026852
0 0.745833 0.866204 0.008333 0.018519
0 0.742839 0.834028 0.009635 0.026389
0 0.718099 0.741204 0.012760 0.023148
0 0.722396 0.710417 0.017708 0.032870
0 0.704427 0.741898 0.017708 0.032870
