0 0.606510 0.605324 0.013021 0.015278
0 0.846745 0.587037 0.014844 0.021296
0 0.112760 0.415972 0.021354 0.015278
0 0.933073 0.495139 0.015104 0.019907
0 0.273307 0.568519 0.016927 0.015741
0 0.164974 0.564352 0.020052 0.017593
0 0.536719 0.564583 0.015104 0.014352
0 0.749219 0.095370 0.018750 0.020370
0 0.738021 0.651389 0.015104 0.016667
0 0.869922 0.175694 0.013281 0.020833
0 0.464193 0.564583 0.016406 0.018981
0 0.665755 0.053009 0.013802 0.024537
0 0.720052 0.744213 0.013542 0.021759
0 0.825130 0.134259 0.011719 0.017593
0 0.602214 0.427315 0.014844 0.024074
0 0.415885 0.564352 0.015625 0.017593
0 0.125000 0.227546 0.024479 0.018981
0 0.746615 0.949306 0.012500 0.030093
0 0.728776 0.782407 0.008594 0.017593
0 0.416536 0.462500 0.016927 0.021296
0 0.763151 0.008796 0.011198 0.016667
0 0.742969 0.856713 0.011458 0.029167
0 0.796745 0.041435 0.016406 0.036574
0 0.539453 0.212963 0.016927 0.022222
0 0.364193 0.381713 0.016927 0.019907
0 0.709896 0.714120 0.009896 0.019907
0 0.183984 0.365741 0.018490 0.021296
0 0.422396 0.225231 0.017188 0.014352
0 0.561719 0.208333 0.014583 0.013889
0 0.580990 0.198843 0.015104 0.013426
0 0.625911 0.154167 0.016927 0.035185
0 0.700781 0.112731 0.016146 0.013426
0 0.598958 0.301620 0.025521 0.059722
0 0.780990 0.009722 0.010937 0.017593
0 0.774609 0.034954 0.012240 0.026389
0 0.835156 0.741667 0.010417 0.026852
0 0.750781 0.831713 0.010937 0.025463
0 0.695052 0.725463 0.021875 0.038889
0 0.723698 0.720139 0.009896 0.020833
0 0.733333 0.748380 0.010417 0.021759
0 0.740755 0.774769 0.010677 0.026389
0 0.756901 0.958333 0.008073 0.031481
