0 0.658333 0.743287 0.012500 0.018981
0 0.635417 0.732870 0.013021 0.021296
0 0.089193 0.435880 0.015885 0.013426
0 0.586458 0.210880 0.015625 0.026389
0 0.524479 0.617824 0.015104 0.015278
0 0.129557 0.567361 0.013281 0.013426
0 0.690495 0.682176 0.016927 0.014352
0 0.824219 0.631481 0.012500 0.025926
0 0.596875 0.645833 0.020833 0.020370
0 0.550651 0.563194 0.011719 0.023611
0 0.322656 0.251852 0.021875 0.017593
0 0.350911 0.253472 0.017448 0.013426
0 0.085417 0.553704 0.013542 0.013889
0 0.382812 0.252778 0.018750 0.014815
0 0.673177 0.795139 0.009896 0.023611
0 0.314714 0.230093 0.015365 0.014815
0 0.387630 0.228241 0.017448 0.016667
0 0.415885 0.252315 0.015104 0.016667
0 0.742578 0.074769 0.010677 0.024537
0 0.802474 0.175463 0.013802 0.022222
0 0.849219 0.381250 0.018750 0.014352
0 0.010156 0.549769 0.011979 0.018056
0 0.274609 0.232870 0.014323 0.012037
0 0.273047 0.400463 0.014323 0.012037
0 0.057943 0.381250 0.015885 0.013426
0 0.345964 0.591435 0.013802 0.012500
0 0.570703 0.568287 0.011719 0.023611
0 0.669401 0.735185 0.013281 0.024074
0 0.688281 0.801620 0.009896 0.023611
0 0.684505 0.834028 0.010677 0.027315
0 0.691927 0.885417 0.009375 0.026389
0 0.705990 0.918750 0.009375 0.026389
0 0.696875 0.940509 0.009375 0.026389
0 0.785677 0.890509 0.009375 0.026389
0 0.875260 0.396065 0.018750 0.014352
0 0.670312 0.391667 0.014583 0.013889
0 0.703906 0.363194 0.017708 0.016204
0 0.715885 0.382176 0.017708 0.016204
0 0.538932 0.281481 0.011198 0.025000
0 0.443229 0.222917 0.013542 0.014352
0 0.458594 0.250694 0.013542 0.014352
0 0.521354 0.234954 0.013542 0.014352
0 0.729036 0.039120 0.010677 0.024537
0 0.751432 0.156713 0.014844 0.018056
0 0.718750 0.140972 0.011979 0.012500
0 0.660807 0.142130 0.015365 0.014815
