0 0.688411 0.724769 0.016927 0.014352
0 0.631641 0.203704 0.017448 0.023148
0 0.263542 0.406944 0.016146 0.022222
0 0.579036 0.636111 0.014323 0.022222
0 0.073958 0.362500 0.024479 0.016667
0 0.665365 0.784491 0.015625 0.022685
0 0.584766 0.680093 0.011198 0.018519
0 0.520312 0.634028 0.044271 0.036574
0 0.743750 0.481019 0.017708 0.012963
0 0.740104 0.397917 0.020313 0.014352
0 0.900000 0.373611 0.017708 0.021296
0 0.701953 0.153472 0.036719 0.022685
0 0.569271 0.346759 0.011458 0.027778
0 0.338802 0.420602 0.021875 0.022685
