0 0.713542 0.693750 0.012500 0.021759
0 0.604688 0.553009 0.009375 0.018056
0 0.893880 0.512500 0.011719 0.027778
0 0.747266 0.789583 0.010156 0.023611
0 0.666146 0.627083 0.015104 0.018981
0 0.652865 0.079398 0.011979 0.023611
0 0.731510 0.770602 0.013021 0.031019
0 0.921745 0.495370 0.013802 0.020370
0 0.833854 0.108565 0.014583 0.020833
0 0.638411 0.128241 0.010677 0.023148
0 0.216146 0.573611 0.019792 0.021296
0 0.698177 0.695139 0.012500 0.019907
0 0.835026 0.592593 0.011719 0.021296
0 0.709505 0.097222 0.013281 0.020370
0 0.151302 0.371991 0.019271 0.018981
0 0.769010 0.027778 0.010937 0.028704
0 0.858073 0.560417 0.012500 0.027315
0 0.955208 0.461806 0.014583 0.019907
0 0.599479 0.272454 0.009375 0.023611
0 0.886589 0.113426 0.016406 0.014815
0 0.826042 0.383796 0.021354 0.019444
0 0.458984 0.225926 0.014323 0.012963
0 0.497135 0.223380 0.016667 0.010648
0 0.517448 0.218981 0.012500 0.012963
0 0.541536 0.214352 0.012240 0.011111
0 0.561458 0.209491 0.013542 0.014352
0 0.581250 0.197454 0.017708 0.015278
0 0.608594 0.208565 0.010417 0.021759
0 0.779687 0.012963 0.011458 0.025000
0 0.739193 0.086111 0.014323 0.013889
0 0.946745 0.123380 0.010677 0.013426
0 0.989974 0.236806 0.016927 0.018056
0 0.827214 0.793287 0.016927 0.046759
0 0.743359 0.835648 0.010156 0.023148
0 0.758724 0.887037 0.005990 0.025000
0 0.748828 0.921759 0.008594 0.025926
0 0.759766 0.966898 0.005469 0.026389
0 0.749349 0.990509 0.007552 0.017130
0 0.608073 0.493750 0.011979 0.024537
