0 0.922266 0.514815 0.013802 0.022222
0 0.512109 0.575694 0.016927 0.015278
0 0.723698 0.709028 0.009896 0.018981
0 0.677344 0.639120 0.013021 0.021759
0 0.139453 0.559028 0.016927 0.018056
0 0.627083 0.563194 0.011979 0.019907
0 0.765104 0.898380 0.007292 0.021759
0 0.640885 0.131250 0.011979 0.023611
0 0.867057 0.169676 0.013281 0.019907
0 0.598698 0.127546 0.012500 0.018981
0 0.256380 0.231944 0.015885 0.013889
0 0.714844 0.662963 0.016146 0.026852
0 0.888542 0.571991 0.013021 0.018981
0 0.609766 0.283102 0.009115 0.030093
0 0.846354 0.750231 0.007812 0.020833
0 0.798698 0.023148 0.013021 0.023148
0 0.744792 0.726620 0.010937 0.025463
0 0.779167 0.029630 0.010417 0.025926
0 0.695052 0.690509 0.013021 0.019907
0 0.771484 0.828241 0.008073 0.023148
0 0.760547 0.089352 0.028385 0.025000
0 0.366276 0.241204 0.015885 0.013889
0 0.529948 0.219676 0.015625 0.015278
0 0.555990 0.209954 0.013542 0.013426
0 0.444401 0.406019 0.014844 0.013889
0 0.504557 0.226157 0.014323 0.014352
0 0.666146 0.068287 0.013021 0.023611
0 0.980990 0.113426 0.013542 0.012037
0 0.661198 0.582176 0.014063 0.022685
0 0.423047 0.388426 0.014844 0.013889
0 0.323047 0.245602 0.023177 0.016204
0 0.405078 0.238889 0.015885 0.013889
0 0.436589 0.238889 0.015885 0.013889
0 0.451172 0.209028 0.015885 0.014352
0 0.581771 0.200926 0.020313 0.022222
0 0.653125 0.163657 0.018229 0.031019
0 0.602474 0.249306 0.009115 0.026389
0 0.743359 0.337963 0.014844 0.013889
0 0.648047 0.352778 0.014844 0.013889
0 0.649740 0.043750 0.013021 0.023611
0 0.702214 0.105787 0.014323 0.018981
0 0.744531 0.761343 0.010937 0.025463
0 0.760938 0.786806 0.010937 0.025463
0 0.757943 0.823148 0.008073 0.023148
0 0.839974 0.815278 0.008073 0.023148
0 0.767578 0.954861 0.008073 0.028241
