0 0.593229 0.194444 0.011458 0.014815
0 0.743490 0.663889 0.014063 0.012037
0 0.704818 0.710417 0.011719 0.018981
0 0.686068 0.653241 0.015365 0.016667
0 0.052995 0.417824 0.017448 0.015278
0 0.784635 0.069907 0.013021 0.021296
0 0.294531 0.576157 0.015104 0.011574
0 0.745964 0.921296 0.007031 0.022222
0 0.817969 0.626620 0.016146 0.020833
0 0.633203 0.623611 0.016927 0.018519
0 0.548047 0.582870 0.017448 0.016667
0 0.484766 0.571296 0.031510 0.015741
0 0.764974 0.018750 0.012240 0.026389
0 0.723307 0.715972 0.011198 0.019907
0 0.715625 0.743056 0.012500 0.022222
0 0.940625 0.503472 0.014063 0.018981
0 0.604167 0.114120 0.016146 0.019907
0 0.733073 0.746759 0.009375 0.021296
0 0.993229 0.454398 0.009896 0.020833
0 0.931771 0.137500 0.019792 0.015741
0 0.504818 0.375926 0.013802 0.013889
0 0.632682 0.158796 0.011719 0.015741
0 0.207813 0.371528 0.012500 0.015278
0 0.314844 0.234491 0.015625 0.015278
0 0.551432 0.214120 0.014844 0.014352
0 0.457161 0.203935 0.016406 0.012500
0 0.823438 0.138657 0.011458 0.018981
0 0.463542 0.227546 0.015104 0.015278
0 0.876563 0.689120 0.013021 0.028241
0 0.219661 0.389815 0.015885 0.014815
0 0.761849 0.416204 0.013802 0.013889
0 0.910286 0.285648 0.013802 0.013889
0 0.901823 0.314120 0.017188 0.020833
0 0.877344 0.589120 0.014063 0.018981
0 0.741146 0.777315 0.009375 0.021296
0 0.727083 0.768981 0.009375 0.021296
0 0.734375 0.798148 0.009375 0.021296
0 0.750781 0.818519 0.009375 0.021296
0 0.739583 0.831481 0.009375 0.021296
0 0.753125 0.848148 0.007812 0.022222
0 0.743490 0.870370 0.007812 0.022222
0 0.756510 0.878704 0.007812 0.022222
0 0.756380 0.916204 0.007031 0.022222
0 0.748568 0.965741 0.007031 0.022222
0 0.758203 0.980093 0.007031 0.022222
