0 0.692578 0.652083 0.017969 0.024537
0 0.918229 0.515509 0.019271 0.021759
0 0.704297 0.112037 0.014323 0.019444
0 0.108594 0.235648 0.017708 0.014815
0 0.862500 0.564120 0.015104 0.028241
0 0.675130 0.681944 0.016406 0.025926
0 0.943750 0.493750 0.014583 0.018981
0 0.816536 0.073843 0.015365 0.027315
0 0.657292 0.088657 0.013542 0.028241
0 0.391667 0.566204 0.018750 0.015741
0 0.612240 0.504861 0.011979 0.025463
0 0.202083 0.234259 0.020313 0.015741
0 0.730729 0.783796 0.015104 0.038889
0 0.882422 0.575231 0.013281 0.030093
0 0.635938 0.586343 0.013021 0.025463
0 0.966667 0.137037 0.018750 0.016667
0 0.618490 0.178935 0.017188 0.022685
0 0.727344 0.729167 0.014583 0.029630
0 0.882552 0.296991 0.015104 0.018981
0 0.867057 0.162500 0.016927 0.025000
0 0.692969 0.682176 0.012500 0.022685
0 0.768359 0.016204 0.010677 0.021296
0 0.710547 0.346759 0.042969 0.026852
0 0.668490 0.145833 0.015625 0.025926
0 0.601823 0.292130 0.011979 0.031481
0 0.163802 0.364120 0.018750 0.017130
0 0.273307 0.395602 0.016927 0.016204
0 0.451302 0.379630 0.016667 0.013889
0 0.314063 0.231019 0.016667 0.013889
0 0.407292 0.228704 0.016667 0.013889
0 0.432292 0.199074 0.016667 0.013889
0 0.474219 0.200926 0.016667 0.013889
0 0.564323 0.208102 0.017188 0.022685
0 0.755990 0.930556 0.008854 0.025926
0 0.743620 0.856944 0.009635 0.030556
0 0.754557 0.846759 0.009635 0.030556
0 0.625521 0.623843 0.016146 0.023611
0 0.602865 0.526157 0.013021 0.030093
