0 0.644271 0.640972 0.014583 0.021759
0 0.707422 0.829630 0.010677 0.028704
0 0.787500 0.422685 0.019271 0.015741
0 0.459245 0.480093 0.020052 0.015741
0 0.242839 0.404398 0.021615 0.014352
0 0.565625 0.296528 0.011458 0.029167
0 0.817969 0.140046 0.017708 0.018981
0 0.715495 0.125231 0.019531 0.016204
0 0.903646 0.165509 0.018229 0.014352
0 0.866667 0.162269 0.018750 0.017130
0 0.648047 0.161343 0.017448 0.028241
0 0.199089 0.401157 0.020052 0.013426
0 0.580990 0.222685 0.013021 0.025000
0 0.733073 0.008333 0.010417 0.011111
0 0.468620 0.417130 0.017969 0.015741
0 0.538021 0.413657 0.018229 0.016204
0 0.709245 0.363657 0.017969 0.016204
0 0.582943 0.278472 0.011198 0.029167
0 0.619271 0.194444 0.011458 0.029630
0 0.541667 0.226852 0.016667 0.022222
0 0.766146 0.141204 0.016146 0.018519
0 0.749870 0.060880 0.012240 0.028241
0 0.691797 0.775694 0.010677 0.029167
0 0.806120 0.769444 0.010677 0.028704
0 0.863151 0.570833 0.010677 0.028704
0 0.879297 0.478241 0.010677 0.028704
0 0.823047 0.609028 0.012760 0.024537
0 0.896094 0.544213 0.015625 0.024537
0 0.646224 0.686343 0.030990 0.044907
0 0.714974 0.885880 0.010677 0.029167
0 0.715625 0.946991 0.008854 0.031019
0 0.726693 0.954630 0.008073 0.043519
