0 0.812500 0.652315 0.020833 0.025000
0 0.912630 0.550926 0.018490 0.024074
0 0.789974 0.077315 0.013802 0.026852
0 0.218880 0.575694 0.030469 0.018981
0 0.039583 0.346528 0.021875 0.019907
0 0.837240 0.115972 0.021354 0.023611
0 0.104167 0.425694 0.018750 0.018981
0 0.248307 0.206481 0.019531 0.020370
0 0.919531 0.377778 0.020833 0.018519
0 0.763672 0.013194 0.015365 0.025463
0 0.270052 0.225231 0.021354 0.016204
0 0.397396 0.408565 0.021354 0.016204
0 0.611198 0.388194 0.021354 0.016204
0 0.785547 0.424769 0.019010 0.017130
0 0.675651 0.384491 0.027344 0.021759
0 0.843229 0.338889 0.020833 0.018519
0 0.944010 0.280093 0.020833 0.018519
0 0.900260 0.317130 0.020833 0.018519
0 0.884766 0.248380 0.012760 0.031944
0 0.877995 0.592361 0.013281 0.038426
0 0.913802 0.623380 0.017188 0.029167
0 0.889583 0.674769 0.017188 0.029167
