0 0.546615 0.550694 0.010937 0.023611
0 0.692448 0.928241 0.008333 0.022222
0 0.665885 0.772685 0.010417 0.021296
0 0.685937 0.793287 0.009896 0.019907
0 0.623047 0.661574 0.013802 0.016667
0 0.585026 0.129167 0.010156 0.020370
0 0.677995 0.815278 0.008594 0.019444
0 0.816016 0.171759 0.014844 0.013889
0 0.760417 0.154398 0.011979 0.019907
0 0.849740 0.553472 0.011979 0.023611
0 0.394922 0.595139 0.014323 0.016204
0 0.765495 0.123148 0.012760 0.023148
0 0.198307 0.475694 0.013802 0.015278
0 0.630469 0.733565 0.011979 0.019907
0 0.410417 0.255787 0.020313 0.017130
0 0.628255 0.700694 0.014323 0.024537
0 0.886068 0.592130 0.013281 0.020370
0 0.685156 0.851852 0.009375 0.023148
0 0.843359 0.500231 0.009635 0.025463
0 0.248438 0.462500 0.015625 0.013889
0 0.435937 0.256481 0.016667 0.013889
0 0.460938 0.251852 0.016667 0.013889
0 0.481380 0.248843 0.015365 0.014352
0 0.504036 0.244444 0.013802 0.013889
0 0.524089 0.234722 0.013802 0.013889
0 0.546354 0.288194 0.009896 0.019907
0 0.477995 0.403704 0.022656 0.015741
0 0.362891 0.424074 0.014844 0.012037
0 0.180859 0.412037 0.016927 0.013889
0 0.128516 0.402778 0.016927 0.013889
0 0.061068 0.552546 0.013802 0.015278
0 0.696224 0.450231 0.045052 0.029167
0 0.691406 0.884259 0.009375 0.023148
0 0.687760 0.980324 0.007812 0.029167
0 0.752083 0.956250 0.008333 0.024537
0 0.829036 0.712731 0.012760 0.022685
0 0.777214 0.650000 0.013281 0.020370
0 0.632422 0.047454 0.009115 0.021759
0 0.880729 0.171065 0.014583 0.012500
0 0.883854 0.307176 0.013542 0.012500
