0 0.626693 0.653241 0.014323 0.016667
0 0.848047 0.410417 0.020052 0.014352
0 0.711849 0.828009 0.010677 0.026389
0 0.779297 0.073843 0.011719 0.029167
0 0.633464 0.687269 0.013281 0.024537
0 0.675521 0.707870 0.013021 0.025926
0 0.497396 0.581019 0.016146 0.014815
0 0.984245 0.525694 0.014323 0.017130
0 0.767318 0.046528 0.014323 0.029167
0 0.042318 0.349306 0.018490 0.018981
0 0.824219 0.622685 0.016146 0.022222
0 0.621615 0.135880 0.013021 0.031944
0 0.691146 0.134028 0.021354 0.019907
0 0.906771 0.334259 0.019792 0.016667
0 0.692448 0.797454 0.012500 0.026389
0 0.794401 0.809028 0.010677 0.028241
0 0.662370 0.143056 0.016406 0.026852
0 0.434766 0.234954 0.019531 0.018056
0 0.119792 0.368981 0.018750 0.018519
0 0.129948 0.530093 0.018750 0.018519
0 0.367188 0.385880 0.018229 0.016204
0 0.096094 0.342593 0.037500 0.022222
0 0.039193 0.324769 0.023177 0.020833
0 0.555469 0.404167 0.018229 0.016667
0 0.647396 0.374306 0.018229 0.016204
0 0.768490 0.372454 0.018229 0.016204
0 0.491016 0.237731 0.016927 0.015278
0 0.519922 0.236806 0.016927 0.015278
0 0.541797 0.222454 0.016927 0.015278
0 0.569922 0.219444 0.016927 0.015741
0 0.586849 0.265046 0.014323 0.031019
0 0.814974 0.185417 0.014323 0.020833
0 0.860417 0.276620 0.011979 0.031944
0 0.817448 0.357407 0.018229 0.016667
0 0.665365 0.750926 0.013021 0.025926
0 0.696745 0.753704 0.013281 0.025926
0 0.704948 0.790741 0.013021 0.025926
0 0.717969 0.880093 0.009896 0.030556
0 0.720573 0.921991 0.009896 0.030093
0 0.720573 0.965509 0.009896 0.030093
