0 0.850911 0.583333 0.015885 0.025926
0 0.657552 0.626852 0.014063 0.017593
0 0.209505 0.558565 0.016927 0.018056
0 0.587760 0.596296 0.016667 0.017593
0 0.788542 0.070602 0.014063 0.026389
0 0.264193 0.569213 0.019531 0.015278
0 0.657161 0.124074 0.013281 0.021296
0 0.681380 0.118287 0.014323 0.021759
0 0.944661 0.489815 0.016406 0.019444
0 0.752214 0.812037 0.009635 0.027778
0 0.766276 0.021759 0.013281 0.031481
0 0.727734 0.721065 0.011719 0.023611
0 0.824089 0.118056 0.018490 0.019444
0 0.385547 0.387963 0.017969 0.015741
0 0.902865 0.488194 0.011979 0.024537
0 0.611198 0.548148 0.011458 0.025000
0 0.584896 0.202083 0.016146 0.018981
0 0.732552 0.782176 0.009896 0.021759
0 0.745052 0.781944 0.009896 0.024074
0 0.690755 0.711111 0.013281 0.024074
0 0.744271 0.656250 0.015625 0.017130
0 0.655859 0.008102 0.011719 0.009722
0 0.756510 0.842593 0.008854 0.026852
0 0.057292 0.239583 0.020313 0.016204
0 0.735417 0.746759 0.012500 0.025926
0 0.617448 0.221296 0.012500 0.024074
0 0.064323 0.371759 0.016667 0.019444
0 0.283203 0.400463 0.016406 0.014815
0 0.441276 0.231481 0.019531 0.013889
0 0.851953 0.171065 0.016406 0.024537
0 0.958984 0.139815 0.017448 0.013889
0 0.891927 0.635648 0.014583 0.025926
0 0.701693 0.731944 0.013281 0.024074
0 0.708984 0.714583 0.020573 0.038426
0 0.739323 0.811111 0.010417 0.025926
0 0.744792 0.848148 0.008854 0.026852
0 0.747396 0.884259 0.008854 0.026852
0 0.759635 0.886111 0.008854 0.026852
0 0.759635 0.925463 0.008854 0.026852
0 0.748568 0.917130 0.007552 0.026852
0 0.749870 0.956713 0.007031 0.029167
0 0.760807 0.961343 0.007031 0.029167
0 0.751172 0.987500 0.007552 0.025000
