0 0.592187 0.656713 0.012500 0.018056
0 0.849479 0.537037 0.012500 0.023148
0 0.805599 0.409722 0.020052 0.015741
0 0.156901 0.553935 0.016927 0.015278
0 0.649219 0.712500 0.013542 0.021296
0 0.730078 0.096065 0.013802 0.026389
0 0.676172 0.833796 0.010677 0.023148
0 0.214974 0.225463 0.017448 0.018519
0 0.039844 0.522222 0.013542 0.016667
0 0.684505 0.910648 0.010156 0.025926
0 0.772526 0.141435 0.014844 0.023611
0 0.861589 0.412500 0.019010 0.016667
0 0.689063 0.141898 0.015625 0.019907
0 0.941406 0.187731 0.018229 0.013426
0 0.655859 0.773611 0.010677 0.023148
0 0.626172 0.709259 0.014844 0.021296
0 0.579557 0.592824 0.011198 0.024537
0 0.692839 0.874537 0.010156 0.022222
0 0.683594 0.810648 0.009375 0.025000
0 0.618359 0.183102 0.017969 0.026389
0 0.342448 0.242361 0.016146 0.013426
0 0.415365 0.249306 0.016146 0.013426
0 0.534896 0.231713 0.030729 0.029167
0 0.438021 0.250694 0.016146 0.013426
0 0.461198 0.251157 0.016146 0.013426
0 0.478125 0.245602 0.016146 0.013426
0 0.500260 0.241435 0.016146 0.013426
0 0.563281 0.278704 0.012500 0.025000
0 0.546094 0.281019 0.012500 0.025000
0 0.422786 0.399074 0.015885 0.015741
0 0.498568 0.399537 0.015885 0.015741
0 0.697005 0.974074 0.010156 0.025926
0 0.757812 0.872454 0.009896 0.021759
0 0.747786 0.965278 0.019531 0.059259
0 0.897786 0.379167 0.019010 0.016667
0 0.687891 0.399074 0.019010 0.016667
0 0.640755 0.411111 0.019010 0.016667
0 0.626563 0.385648 0.039583 0.026852
0 0.819141 0.178009 0.014844 0.023611
0 0.883724 0.202083 0.014844 0.023611
0 0.723307 0.072454 0.013802 0.026389
0 0.710807 0.020139 0.013802 0.026389
