0 0.134896 0.231944 0.014583 0.014815
0 0.597526 0.155556 0.010677 0.024074
0 0.671875 0.691667 0.015625 0.016667
0 0.670833 0.759491 0.011458 0.024537
0 0.571615 0.266667 0.011979 0.028704
0 0.669661 0.793981 0.010156 0.023148
0 0.444401 0.597454 0.017448 0.016204
0 0.826693 0.600694 0.017448 0.022685
0 0.510026 0.247454 0.014323 0.013426
0 0.639193 0.167593 0.014844 0.020370
0 0.680599 0.841898 0.009115 0.023611
0 0.536198 0.237731 0.013542 0.013426
0 0.734115 0.098148 0.011458 0.024074
0 0.149089 0.455787 0.017969 0.015278
0 0.494141 0.250694 0.017448 0.016204
0 0.562760 0.605556 0.014583 0.025926
0 0.988542 0.285185 0.015625 0.015741
0 0.703646 0.695833 0.017708 0.015741
0 0.221745 0.229630 0.013281 0.013889
0 0.480859 0.600231 0.016927 0.014352
0 0.035156 0.241204 0.016667 0.015741
0 0.673047 0.145602 0.013802 0.018981
0 0.035807 0.367824 0.016406 0.014352
0 0.478255 0.253704 0.012760 0.013889
0 0.691276 0.979861 0.007552 0.024537
0 0.847005 0.335648 0.017969 0.018519
0 0.932292 0.190278 0.013542 0.014815
0 0.839323 0.183102 0.013021 0.013426
0 0.790885 0.165972 0.013021 0.013426
0 0.771875 0.127083 0.015104 0.020833
0 0.746484 0.078241 0.012240 0.023148
0 0.724219 0.068981 0.009375 0.022222
0 0.734896 0.054167 0.010937 0.023148
0 0.715885 0.033333 0.012500 0.030556
0 0.463281 0.255556 0.014583 0.015741
0 0.434245 0.255093 0.011719 0.014815
0 0.410547 0.252315 0.015365 0.012963
0 0.276432 0.246296 0.015365 0.012963
0 0.442969 0.397917 0.019271 0.017130
0 0.560026 0.395139 0.022656 0.017130
0 0.470182 0.423148 0.017448 0.016667
0 0.608724 0.468287 0.015365 0.015278
0 0.583854 0.598611 0.014063 0.022222
0 0.891667 0.598843 0.015104 0.023611
0 0.657031 0.758796 0.011979 0.023148
0 0.681380 0.790046 0.010156 0.021759
0 0.691797 0.832639 0.009115 0.023611
0 0.698698 0.890741 0.009375 0.027778
0 0.690365 0.911574 0.009375 0.027778
0 0.702083 0.984722 0.008333 0.025926
0 0.764062 0.893056 0.011979 0.034259
0 0.799219 0.743981 0.010937 0.022222
