0 0.605469 0.162269 0.018750 0.021759
0 0.556120 0.192130 0.016406 0.015741
0 0.166667 0.566204 0.015625 0.013889
0 0.745573 0.676157 0.020833 0.016204
0 0.666146 0.655093 0.013021 0.018519
0 0.708073 0.768519 0.015104 0.026852
0 0.842448 0.392593 0.019271 0.017593
0 0.665365 0.714120 0.016667 0.025463
0 0.638672 0.650926 0.016406 0.023148
0 0.688151 0.756481 0.012240 0.027778
0 0.724219 0.087731 0.017708 0.018981
0 0.747396 0.907870 0.009375 0.029630
0 0.777995 0.090046 0.020052 0.018981
0 0.770573 0.024769 0.013021 0.023611
0 0.739323 0.837269 0.012500 0.031019
0 0.877995 0.591204 0.014844 0.031481
0 0.855599 0.109954 0.020573 0.019907
0 0.368750 0.584491 0.018750 0.015278
0 0.732422 0.889583 0.011198 0.030093
0 0.877474 0.294907 0.020052 0.020370
0 0.806771 0.052546 0.016667 0.027315
0 0.475000 0.400231 0.018750 0.015278
0 0.586719 0.389120 0.018750 0.015278
0 0.397396 0.220139 0.018750 0.015278
0 0.429167 0.193981 0.018750 0.015741
0 0.568099 0.269907 0.011719 0.030556
0 0.580339 0.533333 0.015365 0.030556
0 0.607943 0.558565 0.014323 0.026389
0 0.605469 0.083333 0.013021 0.028704
0 0.899870 0.117593 0.022656 0.021296
0 0.965495 0.279167 0.020052 0.020370
0 0.718620 0.362269 0.019531 0.017130
0 0.755599 0.418981 0.033073 0.027778
0 0.722396 0.764583 0.014583 0.030093
0 0.817448 0.969907 0.012500 0.030556
0 0.738021 0.974769 0.009375 0.029167
