0 0.766016 0.664583 0.012240 0.018981
0 0.665495 0.789120 0.010677 0.024537
0 0.690755 0.839583 0.011719 0.025463
0 0.582292 0.660417 0.025000 0.033796
0 0.725521 0.070833 0.009896 0.024074
0 0.682161 0.869676 0.009635 0.025463
0 0.750130 0.935880 0.009115 0.023611
0 0.687630 0.923611 0.011198 0.023148
0 0.742057 0.071759 0.010677 0.023148
0 0.545443 0.300231 0.012760 0.027315
0 0.486328 0.210648 0.019010 0.017593
0 0.835026 0.579167 0.013281 0.027778
0 0.815495 0.656944 0.014323 0.025926
0 0.642969 0.696528 0.015104 0.018056
0 0.617448 0.103704 0.011979 0.022222
0 0.689583 0.975694 0.009375 0.023611
0 0.534245 0.235880 0.015885 0.021759
0 0.899609 0.589815 0.016927 0.022222
0 0.652734 0.756944 0.013281 0.024074
0 0.442708 0.251852 0.029167 0.028704
0 0.423958 0.224306 0.015104 0.019907
0 0.214323 0.243750 0.015104 0.019907
0 0.338281 0.243519 0.015104 0.020370
0 0.314583 0.585417 0.015104 0.019907
0 0.193750 0.396528 0.015104 0.019907
0 0.461979 0.417361 0.015104 0.019907
0 0.504427 0.242824 0.033333 0.031019
0 0.476042 0.255093 0.012500 0.021296
0 0.616016 0.178472 0.012760 0.027315
0 0.558333 0.414120 0.015104 0.019907
0 0.688281 0.375231 0.015104 0.019907
0 0.761068 0.118056 0.010677 0.023148
0 0.743359 0.130556 0.010677 0.023148
0 0.764062 0.171296 0.014583 0.028704
0 0.755469 0.442824 0.015104 0.019907
0 0.841927 0.359954 0.015104 0.019907
0 0.950391 0.538426 0.016927 0.022222
0 0.845964 0.672222 0.013281 0.027778
0 0.626563 0.702083 0.015104 0.018056
0 0.674609 0.769444 0.013281 0.024074
0 0.697526 0.918519 0.011198 0.023148
0 0.697917 0.968287 0.009375 0.023611
0 0.768490 0.937037 0.013021 0.046296
