0 0.553906 0.574769 0.011458 0.024537
0 0.752865 0.153704 0.013021 0.014815
0 0.623047 0.675000 0.015365 0.016667
0 0.655469 0.681944 0.016146 0.015741
0 0.668359 0.153472 0.013802 0.013426
0 0.717578 0.144444 0.014323 0.015741
0 0.693359 0.969676 0.010677 0.024537
0 0.702083 0.694213 0.015625 0.013426
0 0.489193 0.412963 0.020573 0.012963
0 0.235417 0.240509 0.015104 0.013426
0 0.611849 0.120139 0.010677 0.023611
0 0.922135 0.523148 0.021875 0.022222
0 0.355339 0.428472 0.016927 0.016204
0 0.414844 0.258796 0.017188 0.016667
0 0.665104 0.779861 0.010417 0.022685
0 0.652604 0.787269 0.011979 0.023611
0 0.956380 0.178704 0.017969 0.012963
0 0.309635 0.256713 0.016146 0.015278
0 0.683203 0.843519 0.010156 0.027778
0 0.295052 0.239815 0.012500 0.013889
0 0.652474 0.758333 0.011719 0.024074
0 0.358073 0.235417 0.014063 0.014352
0 0.368620 0.595833 0.014323 0.012037
0 0.787240 0.162037 0.015104 0.016667
0 0.708594 0.028241 0.009375 0.022222
0 0.715365 0.055556 0.009375 0.022222
0 0.726562 0.089352 0.009375 0.022222
0 0.718750 0.011343 0.009375 0.021759
0 0.736589 0.060417 0.025781 0.066204
0 0.550130 0.279398 0.011198 0.026389
0 0.532422 0.244213 0.017969 0.020833
0 0.512109 0.248843 0.016927 0.017130
0 0.491797 0.251157 0.016927 0.017130
0 0.471094 0.254167 0.013542 0.014815
0 0.451823 0.256019 0.013542 0.014815
0 0.413411 0.408102 0.016406 0.015278
0 0.437109 0.428009 0.016927 0.016204
0 0.114453 0.377315 0.016927 0.014815
0 0.762370 0.899074 0.010677 0.021296
0 0.780729 0.890972 0.008854 0.024537
0 0.833464 0.270370 0.023177 0.046296
