0 0.667969 0.624074 0.013542 0.020370
0 0.636328 0.170370 0.015885 0.022222
0 0.270313 0.574769 0.015104 0.013426
0 0.729818 0.732870 0.011719 0.025000
0 0.733333 0.792361 0.010417 0.024537
0 0.851693 0.675463 0.011198 0.026852
0 0.632031 0.598611 0.014063 0.021296
0 0.952214 0.486343 0.015365 0.022685
0 0.576302 0.203009 0.016146 0.018981
0 0.078776 0.565509 0.016927 0.016204
0 0.120964 0.535417 0.017448 0.016204
0 0.975391 0.513194 0.016927 0.019907
0 0.786198 0.647454 0.017188 0.018981
0 0.755469 0.856713 0.007812 0.027315
0 0.748828 0.806250 0.011198 0.028241
0 0.644792 0.584722 0.014063 0.023148
0 0.675521 0.662500 0.016667 0.025926
0 0.193880 0.240509 0.017448 0.014352
0 0.671094 0.035648 0.011979 0.027778
0 0.747656 0.904167 0.008333 0.025000
0 0.747917 0.943981 0.007812 0.025000
0 0.171354 0.382407 0.017708 0.014815
0 0.826953 0.377546 0.019010 0.016204
0 0.199479 0.449537 0.016667 0.013889
0 0.282292 0.398148 0.017708 0.014815
0 0.409245 0.234491 0.019010 0.013426
0 0.482161 0.201157 0.017448 0.017130
0 0.422656 0.400694 0.015625 0.015278
0 0.439063 0.464352 0.015625 0.015741
0 0.528906 0.189815 0.016146 0.017593
0 0.499089 0.229861 0.015365 0.015278
0 0.596875 0.320139 0.009896 0.027315
0 0.838021 0.106713 0.015625 0.023611
0 0.870573 0.202546 0.015625 0.028241
0 0.723307 0.424769 0.015365 0.015278
0 0.887891 0.649306 0.014323 0.028241
0 0.758594 0.946991 0.007812 0.026389
0 0.759115 0.984491 0.007812 0.026389
0 0.748437 0.980787 0.007812 0.026389
0 0.757552 0.907639 0.007292 0.027315
0 0.742448 0.847917 0.008854 0.024537
0 0.719401 0.740278 0.011719 0.025000
0 0.611849 0.508565 0.011719 0.025463
