0 0.652474 0.680093 0.015885 0.026852
0 0.167578 0.211806 0.016927 0.013426
0 0.697656 0.754861 0.011979 0.018981
0 0.721745 0.785648 0.020573 0.048148
0 0.573828 0.253241 0.013281 0.035185
0 0.589193 0.567130 0.013802 0.025926
0 0.711589 0.812963 0.015365 0.030556
0 0.973177 0.136574 0.015625 0.015741
0 0.745964 0.685417 0.023177 0.015278
0 0.743359 0.090278 0.020573 0.018519
0 0.665495 0.121759 0.017448 0.022222
0 0.822917 0.103009 0.018750 0.019907
0 0.848307 0.132639 0.017969 0.023611
0 0.887109 0.580093 0.011719 0.029630
0 0.241797 0.193519 0.022656 0.016667
0 0.736068 0.866435 0.011198 0.024537
0 0.767318 0.016204 0.014844 0.031481
0 0.679167 0.443056 0.018750 0.015741
0 0.076693 0.359259 0.020052 0.018519
0 0.317057 0.190046 0.019531 0.013426
0 0.350521 0.213657 0.036458 0.021759
0 0.563802 0.319444 0.009375 0.034259
0 0.793099 0.022222 0.014844 0.031481
0 0.853255 0.176389 0.014844 0.031481
0 0.957552 0.299769 0.017188 0.023611
0 0.850130 0.696759 0.011719 0.029630
0 0.807943 0.874074 0.011719 0.029630
0 0.791797 0.967593 0.011719 0.029630
0 0.743099 0.938426 0.011719 0.029630
0 0.729818 0.939815 0.011719 0.029630
