0 0.650000 0.613657 0.014063 0.023611
0 0.889583 0.575694 0.013021 0.031944
0 0.704557 0.698148 0.019531 0.025926
0 0.198958 0.579398 0.022396 0.018981
0 0.785547 0.072685 0.012760 0.032407
0 0.669010 0.009722 0.013021 0.017593
0 0.597917 0.539120 0.017188 0.025463
0 0.609635 0.271296 0.015625 0.023148
0 0.736068 0.786574 0.010677 0.036111
0 0.802734 0.126852 0.015885 0.016667
0 0.006120 0.227546 0.011198 0.018056
0 0.615365 0.579167 0.018750 0.021296
0 0.695312 0.722454 0.014583 0.025463
0 0.648568 0.047454 0.013802 0.024537
0 0.159115 0.382176 0.018750 0.014352
0 0.486979 0.581019 0.018229 0.015741
0 0.034505 0.238657 0.018490 0.016204
0 0.754818 0.114815 0.020052 0.021296
0 0.969531 0.504630 0.024479 0.023148
0 0.329427 0.234259 0.019271 0.020370
0 0.708984 0.788657 0.011719 0.038426
0 0.586198 0.403472 0.022396 0.014352
0 0.490885 0.408796 0.021875 0.015741
0 0.242057 0.239120 0.021094 0.018056
0 0.766016 0.018519 0.011198 0.025000
0 0.735677 0.843750 0.014063 0.024537
0 0.541146 0.234028 0.018229 0.013426
0 0.396224 0.237037 0.015885 0.015741
0 0.244401 0.456713 0.033073 0.026389
0 0.134115 0.356250 0.018750 0.014352
0 0.209375 0.371991 0.018750 0.014352
0 0.441146 0.572685 0.018229 0.015741
0 0.624740 0.458796 0.018229 0.015741
0 0.668490 0.372685 0.018229 0.015741
0 0.722005 0.778009 0.011719 0.038426
0 0.740234 0.898148 0.012240 0.029630
0 0.751432 0.893981 0.012240 0.029630
0 0.808724 0.867593 0.012240 0.029630
0 0.837109 0.850000 0.012240 0.029630
0 0.741016 0.949537 0.012240 0.029630
0 0.805078 0.948611 0.012240 0.029630
0 0.870052 0.584491 0.013021 0.031944
0 0.851953 0.182407 0.014844 0.024074
0 0.886328 0.257176 0.014844 0.024537
0 0.574349 0.221065 0.018490 0.019907
0 0.518229 0.235185 0.018229 0.013889
0 0.521354 0.199769 0.018229 0.013426
0 0.481771 0.240972 0.018229 0.013426
0 0.221484 0.215972 0.021094 0.018056
0 0.197005 0.237500 0.015885 0.014815
0 0.082682 0.226389 0.015885 0.014815
