0 0.630208 0.670370 0.016146 0.025000
0 0.646875 0.655324 0.014063 0.024537
0 0.642578 0.096065 0.013281 0.028241
0 0.571745 0.464583 0.021094 0.014352
0 0.686979 0.727778 0.013542 0.028704
0 0.773177 0.128241 0.018750 0.021296
0 0.082161 0.203704 0.018490 0.016667
0 0.652995 0.155324 0.020052 0.029167
0 0.856771 0.257870 0.013542 0.025000
0 0.411198 0.405556 0.019271 0.015741
0 0.975521 0.296759 0.020313 0.019444
0 0.720313 0.874306 0.009896 0.025463
0 0.586589 0.526620 0.013281 0.027315
0 0.603125 0.573380 0.011458 0.024537
0 0.694141 0.371991 0.020052 0.013426
0 0.938542 0.182870 0.017188 0.016667
0 0.791927 0.091204 0.016667 0.036111
0 0.587760 0.287037 0.013542 0.033333
0 0.815885 0.153704 0.018750 0.017593
0 0.498437 0.228704 0.019271 0.015741
0 0.568229 0.302315 0.013542 0.033333
0 0.807552 0.352315 0.020313 0.019444
0 0.778646 0.376852 0.020313 0.019444
0 0.580859 0.566898 0.013281 0.027315
0 0.667188 0.725231 0.014063 0.026389
0 0.912240 0.603241 0.016146 0.025000
0 0.842839 0.730556 0.015365 0.028704
0 0.706510 0.788889 0.013542 0.028704
0 0.698177 0.798148 0.013542 0.028704
0 0.705729 0.859491 0.009896 0.025463
