0 0.932422 0.503472 0.014844 0.017130
0 0.704688 0.737963 0.009375 0.021296
0 0.607161 0.571296 0.013281 0.025000
0 0.451432 0.573148 0.013281 0.012963
0 0.631250 0.619907 0.014583 0.022222
0 0.166406 0.218750 0.015625 0.014352
0 0.233333 0.235880 0.014063 0.010648
0 0.710807 0.660880 0.014323 0.015278
0 0.715234 0.721296 0.011719 0.024074
0 0.669271 0.064583 0.012500 0.022685
0 0.962630 0.494213 0.016927 0.018056
0 0.856771 0.201157 0.015625 0.025463
0 0.271875 0.563426 0.015625 0.012963
0 0.619401 0.175231 0.013802 0.024537
0 0.777734 0.059028 0.011719 0.028241
0 0.030859 0.527083 0.023177 0.018981
0 0.844271 0.598380 0.014583 0.024537
0 0.798958 0.062963 0.016146 0.027778
0 0.799609 0.110417 0.015365 0.025463
0 0.682161 0.011111 0.012240 0.021296
0 0.064974 0.531481 0.017448 0.021296
0 0.734635 0.865972 0.011979 0.025463
0 0.008203 0.340278 0.015885 0.016667
0 0.748437 0.956019 0.013542 0.067593
0 0.738542 0.982176 0.006771 0.018981
0 0.809375 0.853241 0.007812 0.024074
0 0.737500 0.907176 0.008854 0.022685
0 0.743229 0.839815 0.009375 0.023148
0 0.728125 0.819213 0.009896 0.028241
0 0.736979 0.795602 0.010937 0.026389
0 0.717187 0.775694 0.012500 0.023611
0 0.724349 0.753472 0.012760 0.021759
0 0.652995 0.037269 0.012760 0.020833
0 0.591276 0.207176 0.017969 0.019907
0 0.557552 0.221991 0.015104 0.012500
0 0.536198 0.227778 0.015104 0.012037
0 0.529948 0.190741 0.013021 0.012963
0 0.511589 0.235417 0.014323 0.010648
0 0.475260 0.233333 0.012500 0.013889
0 0.468099 0.384259 0.016927 0.015741
0 0.621875 0.565046 0.011979 0.019907
0 0.443750 0.232407 0.014063 0.016667
