0 0.850781 0.527546 0.008854 0.025463
0 0.449089 0.593056 0.013802 0.014815
0 0.784375 0.186806 0.014583 0.018981
0 0.635417 0.746528 0.011458 0.018981
0 0.672266 0.806481 0.009635 0.022222
0 0.644141 0.696296 0.013281 0.023148
0 0.935807 0.509722 0.027344 0.029630
0 0.792969 0.637963 0.014063 0.024074
0 0.599870 0.657176 0.014844 0.018056
0 0.687760 0.145139 0.026042 0.027315
0 0.649219 0.152315 0.015625 0.019444
0 0.545833 0.623148 0.013021 0.015741
0 0.226432 0.386111 0.012760 0.014815
0 0.139453 0.555324 0.016927 0.017130
0 0.751693 0.091898 0.012240 0.025463
0 0.586068 0.207407 0.013281 0.018519
0 0.685807 0.881481 0.009115 0.025926
0 0.690885 0.834491 0.010937 0.025463
0 0.660156 0.771991 0.011979 0.022685
0 0.756250 0.700000 0.012500 0.012963
0 0.387500 0.588889 0.016667 0.013889
0 0.537630 0.335648 0.009115 0.025000
0 0.382422 0.253241 0.010677 0.012963
0 0.728385 0.088657 0.013021 0.024537
0 0.960156 0.178009 0.014583 0.014352
0 0.347786 0.246296 0.029948 0.025000
0 0.503776 0.248380 0.014844 0.019907
0 0.413672 0.248380 0.031510 0.028241
0 0.421615 0.418056 0.015625 0.015741
0 0.461068 0.253241 0.016406 0.014815
0 0.527214 0.241667 0.014844 0.017593
0 0.528255 0.181481 0.014844 0.017593
0 0.637891 0.721759 0.013281 0.023148
0 0.679036 0.779630 0.011198 0.025926
0 0.682292 0.847917 0.010937 0.025463
0 0.697005 0.879167 0.009115 0.025926
0 0.698568 0.915509 0.007552 0.019907
0 0.690234 0.960417 0.007552 0.019907
0 0.701172 0.950231 0.007552 0.019907
0 0.700911 0.990046 0.007552 0.019907
0 0.754167 0.440046 0.016667 0.016204
0 0.872526 0.558333 0.012240 0.017593
0 0.872656 0.623380 0.011979 0.023611
0 0.737891 0.057176 0.012240 0.025463
0 0.726302 0.027315 0.008854 0.021296
0 0.709635 0.023148 0.008854 0.021296
0 0.718490 0.058333 0.009375 0.019444
0 0.626042 0.081019 0.009375 0.019444
0 0.643229 0.032870 0.009896 0.023148
