0 0.990625 0.134259 0.015104 0.012963
0 0.964453 0.555556 0.016927 0.020370
0 0.940755 0.528472 0.016927 0.021759
0 0.250391 0.446528 0.020052 0.013426
0 0.644531 0.066667 0.015625 0.026852
0 0.933203 0.375231 0.021615 0.018981
0 0.774089 0.037963 0.013281 0.025000
0 0.705599 0.371528 0.021615 0.018981
0 0.850260 0.170370 0.015625 0.023148
0 0.251953 0.402546 0.020052 0.013426
0 0.460286 0.406713 0.020052 0.013426
0 0.177214 0.227546 0.020052 0.013426
0 0.147005 0.209491 0.020052 0.013426
0 0.280990 0.579861 0.035417 0.021759
0 0.523958 0.405787 0.027083 0.017130
0 0.762891 0.359491 0.021615 0.018981
0 0.770573 0.092593 0.017708 0.018519
0 0.806380 0.327315 0.017969 0.020370
0 0.929688 0.595602 0.015104 0.027315
0 0.900651 0.477315 0.012240 0.038889
0 0.855990 0.597222 0.021875 0.031481
0 0.793229 0.966667 0.010937 0.029630
