0 0.387370 0.646759 0.010156 0.027778
0 0.386979 0.687500 0.009375 0.026852
0 0.062760 0.333102 0.016146 0.018056
0 0.331510 0.294213 0.015625 0.031019
0 0.208724 0.362963 0.009635 0.025926
0 0.411849 0.804398 0.012240 0.011574
0 0.092969 0.310648 0.014583 0.016667
0 0.508854 0.418287 0.022396 0.017130
0 0.446615 0.912731 0.015104 0.015278
0 0.413672 0.409954 0.021094 0.019907
0 0.386849 0.762731 0.007031 0.021759
0 0.030469 0.344213 0.014063 0.017130
0 0.367969 0.473148 0.015625 0.017593
0 0.409635 0.440741 0.012500 0.014815
0 0.431380 0.956944 0.016927 0.016667
0 0.412109 0.786574 0.012240 0.012963
0 0.537240 0.407176 0.012500 0.016204
0 0.413151 0.855787 0.015885 0.014352
0 0.424609 0.431481 0.012760 0.014815
0 0.185156 0.199537 0.016146 0.020370
0 0.363932 0.979861 0.007552 0.027315
0 0.327734 0.488889 0.008073 0.028704
0 0.121875 0.579398 0.009375 0.028241
0 0.441536 0.398611 0.016927 0.013889
0 0.442057 0.426157 0.013281 0.013426
0 0.216797 0.181713 0.018490 0.019907
0 0.516406 0.210648 0.011979 0.022222
0 0.028906 0.411111 0.014583 0.016667
0 0.387760 0.722685 0.007812 0.022222
0 0.412630 0.884491 0.016927 0.018056
0 0.811719 0.444907 0.016146 0.015741
0 0.684635 0.040741 0.015625 0.015741
0 0.415365 0.841667 0.016146 0.012037
0 0.464193 0.399074 0.013281 0.013889
0 0.384766 0.863194 0.007031 0.023611
0 0.570443 0.274769 0.011198 0.020833
0 0.682813 0.130556 0.012500 0.012037
0 0.276953 0.718056 0.008594 0.028704
0 0.386328 0.940278 0.009635 0.031481
0 0.183333 0.667130 0.009896 0.028704
0 0.413672 0.872685 0.015365 0.017593
0 0.248958 0.379167 0.007812 0.029630
0 0.298047 0.197685 0.011719 0.025000
0 0.364714 0.501157 0.012240 0.018056
0 0.235547 0.886574 0.007552 0.021296
0 0.380729 0.455324 0.013021 0.019907
0 0.392578 0.421759 0.013802 0.016667
0 0.436068 0.973843 0.016927 0.014352
0 0.746875 0.041204 0.013021 0.014815
0 0.023438 0.649537 0.014583 0.016667
0 0.023177 0.665278 0.014583 0.016667
0 0.020313 0.682176 0.018229 0.018981
0 0.071875 0.458333 0.014583 0.016667
0 0.123307 0.372222 0.008594 0.029630
0 0.181250 0.166435 0.018750 0.019907
0 0.254427 0.073611 0.009375 0.028704
0 0.277344 0.098148 0.009375 0.028704
0 0.263151 0.084491 0.011719 0.051389
0 0.251302 0.265046 0.009375 0.025463
0 0.342969 0.378009 0.008333 0.024537
0 0.274740 0.560648 0.014063 0.019444
0 0.249349 0.736111 0.008594 0.028704
0 0.260286 0.792593 0.010156 0.035185
0 0.365234 0.949769 0.007552 0.027315
0 0.414844 0.821759 0.015104 0.012037
0 0.385417 0.835417 0.007812 0.024537
0 0.375521 0.437269 0.013021 0.019907
0 0.461849 0.421528 0.013802 0.012500
0 0.623047 0.429630 0.023698 0.018519
0 0.732552 0.041204 0.013021 0.014815
0 0.717057 0.175694 0.010677 0.024537
0 0.728906 0.174074 0.011979 0.020370
0 0.855078 0.157176 0.008073 0.023611
0 0.949349 0.150694 0.008073 0.023611
0 0.937500 0.145833 0.010417 0.021296
