0 0.675651 0.654861 0.013281 0.019907
0 0.745052 0.774537 0.009896 0.021296
0 0.429167 0.569213 0.015625 0.016204
0 0.933854 0.497685 0.014063 0.018519
0 0.968099 0.132870 0.013281 0.013889
0 0.605599 0.603935 0.013281 0.017130
0 0.827604 0.103241 0.015625 0.022222
0 0.648698 0.586343 0.016146 0.024537
0 0.746224 0.092361 0.012240 0.011574
0 0.574740 0.585417 0.015104 0.016204
0 0.722135 0.709954 0.011458 0.020833
0 0.754297 0.829398 0.009635 0.024537
0 0.722005 0.744676 0.010677 0.020833
0 0.677474 0.012037 0.010156 0.019444
0 0.347396 0.570370 0.016667 0.014815
0 0.748437 0.899769 0.008333 0.024537
0 0.648177 0.616898 0.012500 0.018981
0 0.596224 0.518750 0.012760 0.029167
0 0.057682 0.568750 0.013802 0.014352
0 0.658984 0.147685 0.013802 0.020370
0 0.739974 0.815972 0.010156 0.027315
0 0.692578 0.110648 0.014323 0.016667
0 0.523177 0.434259 0.010937 0.012037
0 0.471484 0.199769 0.015885 0.018056
0 0.596615 0.266435 0.009896 0.031019
0 0.616667 0.519676 0.009896 0.022685
0 0.619792 0.378704 0.014583 0.013889
0 0.759115 0.889120 0.008333 0.024537
0 0.811979 0.883102 0.008333 0.024537
0 0.751042 0.937731 0.008333 0.024537
0 0.760677 0.955787 0.008333 0.024537
0 0.918099 0.518981 0.012240 0.018519
0 0.882812 0.579630 0.011979 0.025926
0 0.978776 0.449074 0.016927 0.019444
0 0.898438 0.298380 0.014583 0.014352
0 0.884115 0.282639 0.014583 0.014352
0 0.883984 0.202315 0.011719 0.024074
0 0.886068 0.119907 0.013281 0.013889
