0 0.728385 0.152315 0.014063 0.015741
0 0.619661 0.700926 0.013281 0.022222
0 0.647135 0.756250 0.013021 0.020833
0 0.692578 0.855093 0.012240 0.029630
0 0.714844 0.051389 0.009896 0.024074
0 0.943229 0.366204 0.018229 0.015741
0 0.840234 0.565278 0.010156 0.025926
0 0.875781 0.387963 0.017188 0.013889
0 0.727214 0.091204 0.011198 0.026852
0 0.593880 0.683102 0.012240 0.019907
0 0.749349 0.095833 0.011719 0.027778
0 0.773307 0.159722 0.014323 0.019444
0 0.762760 0.420370 0.015625 0.014815
0 0.821875 0.672454 0.012500 0.025463
0 0.427474 0.251620 0.013802 0.015278
0 0.188021 0.246991 0.015625 0.013426
0 0.589323 0.168287 0.030729 0.066204
0 0.550521 0.570833 0.014583 0.025926
0 0.695964 0.917361 0.010677 0.024537
0 0.352604 0.418287 0.015625 0.013426
0 0.459766 0.252546 0.013802 0.015278
0 0.477734 0.248843 0.013802 0.015278
0 0.500260 0.243056 0.015104 0.012037
0 0.527995 0.234491 0.029427 0.023611
0 0.532552 0.393981 0.015104 0.012037
0 0.557552 0.248148 0.010417 0.026852
0 0.570052 0.264352 0.010417 0.026852
0 0.736849 0.068519 0.011198 0.026852
0 0.710286 0.024074 0.011198 0.026852
0 0.637109 0.168056 0.014323 0.016667
0 0.838281 0.182407 0.011979 0.017593
0 0.789323 0.206481 0.011979 0.017593
0 0.831120 0.280556 0.023698 0.051852
0 0.852995 0.339583 0.016927 0.018981
0 0.704818 0.456713 0.040365 0.023611
0 0.825651 0.615278 0.010156 0.025926
0 0.683203 0.901620 0.010677 0.024537
0 0.675911 0.933565 0.010677 0.024537
0 0.682682 0.810417 0.010677 0.024537
0 0.643750 0.709954 0.013021 0.020833
0 0.603255 0.644907 0.013281 0.022222
0 0.990885 0.283796 0.018229 0.015741
