0 0.868359 0.626157 0.013281 0.026389
0 0.533464 0.577315 0.016927 0.016667
0 0.638411 0.638426 0.021615 0.026852
0 0.226172 0.577315 0.017969 0.019444
0 0.588281 0.190972 0.015625 0.019907
0 0.691146 0.654861 0.019271 0.030093
0 0.425911 0.572917 0.015885 0.015278
0 0.926693 0.504630 0.040885 0.046296
0 0.708594 0.718519 0.012500 0.020370
0 0.739844 0.758333 0.011458 0.024074
0 0.665755 0.128704 0.021615 0.025926
0 0.345703 0.577083 0.019531 0.018981
0 0.738021 0.796296 0.010417 0.025000
0 0.663411 0.640972 0.014844 0.021759
0 0.813802 0.073148 0.015625 0.025000
0 0.750651 0.803704 0.010677 0.027778
0 0.718490 0.783333 0.009896 0.022222
0 0.755729 0.847454 0.007812 0.026389
0 0.791927 0.029398 0.015625 0.029167
0 0.784115 0.065741 0.015625 0.030556
0 0.722526 0.713889 0.013802 0.025926
0 0.980078 0.246296 0.018490 0.019444
0 0.758333 0.882639 0.007812 0.025463
0 0.749089 0.909491 0.009115 0.028241
0 0.954948 0.474306 0.015104 0.020833
0 0.048438 0.517593 0.017708 0.017593
0 0.359635 0.401620 0.015625 0.017130
0 0.389714 0.208796 0.017969 0.018519
0 0.466667 0.200694 0.019271 0.017130
0 0.487240 0.228241 0.017708 0.016667
0 0.632161 0.376620 0.015885 0.017130
0 0.889453 0.488426 0.010677 0.031481
0 0.897656 0.444444 0.010417 0.028704
0 0.861849 0.182639 0.013802 0.024537
0 0.819661 0.133102 0.013802 0.024537
0 0.989974 0.121065 0.015365 0.016204
0 0.823047 0.853009 0.012760 0.028241
0 0.757943 0.918750 0.009115 0.028241
0 0.738932 0.932639 0.009115 0.028241
0 0.748568 0.948843 0.009115 0.028241
0 0.759505 0.956250 0.009115 0.028241
0 0.749219 0.981944 0.007812 0.024074
0 0.758854 0.983333 0.007812 0.024074
0 0.742448 0.833102 0.007812 0.026389
0 0.746224 0.865509 0.007031 0.020833
0 0.724219 0.752778 0.011458 0.024074
