0 0.684766 0.851852 0.009115 0.025000
0 0.673177 0.795370 0.011979 0.023148
0 0.640365 0.726389 0.013021 0.024074
0 0.143099 0.580324 0.014844 0.013426
0 0.753906 0.165278 0.013021 0.015741
0 0.224349 0.470602 0.016927 0.018056
0 0.664844 0.738657 0.013021 0.022685
0 0.728125 0.029167 0.010937 0.026852
0 0.950260 0.364815 0.021875 0.016667
0 0.693880 0.987037 0.010677 0.025926
0 0.421094 0.254398 0.014063 0.018056
0 0.449089 0.226620 0.015365 0.018056
0 0.530599 0.241204 0.014323 0.014815
0 0.558594 0.586574 0.011979 0.027778
0 0.899349 0.196296 0.016406 0.014815
0 0.876042 0.409722 0.018229 0.019444
0 0.834766 0.593519 0.013281 0.028704
0 0.386719 0.255324 0.015625 0.014352
0 0.595964 0.658796 0.013802 0.021296
0 0.722917 0.143519 0.013021 0.012963
0 0.471484 0.484028 0.015365 0.016204
0 0.718229 0.047222 0.010937 0.026852
0 0.732552 0.089352 0.010937 0.026852
0 0.738542 0.055787 0.011458 0.023611
0 0.751042 0.091898 0.016146 0.034722
0 0.812500 0.232870 0.016146 0.025000
0 0.642188 0.046065 0.011458 0.025463
0 0.786328 0.887963 0.010677 0.027778
0 0.703516 0.987037 0.010677 0.025926
0 0.702344 0.925231 0.007812 0.028241
0 0.693490 0.914583 0.007812 0.028241
0 0.701953 0.883333 0.010156 0.025926
0 0.687500 0.805324 0.009375 0.020833
0 0.618880 0.660185 0.013281 0.020370
0 0.569792 0.562500 0.011979 0.027778
0 0.328646 0.595602 0.016667 0.016204
0 0.264844 0.396296 0.023958 0.022222
0 0.444271 0.259954 0.014063 0.018056
0 0.482812 0.255093 0.017708 0.015741
0 0.512500 0.249537 0.013542 0.015741
0 0.553906 0.337731 0.011458 0.028241
0 0.569922 0.221296 0.014323 0.027778
