0 0.849349 0.586343 0.015365 0.026389
0 0.941406 0.488657 0.015625 0.021759
0 0.732552 0.730787 0.013542 0.023611
0 0.904948 0.521296 0.015625 0.021296
0 0.627604 0.146528 0.013542 0.030093
0 0.681771 0.636343 0.017708 0.024537
0 0.678125 0.664352 0.015104 0.022222
0 0.826042 0.131019 0.015104 0.020370
0 0.524349 0.575694 0.021615 0.019907
0 0.616797 0.560185 0.011198 0.016667
0 0.332292 0.461574 0.030729 0.021296
0 0.876432 0.621296 0.012760 0.028704
0 0.715885 0.727778 0.012500 0.023148
0 0.051693 0.564352 0.020573 0.017593
0 0.231641 0.220139 0.015365 0.016204
0 0.459245 0.462037 0.020052 0.015741
0 0.766406 0.008102 0.011979 0.014352
0 0.169401 0.446296 0.042969 0.026852
0 0.775651 0.044676 0.013281 0.026389
0 0.798307 0.636574 0.017969 0.019444
0 0.448958 0.398148 0.018750 0.014815
0 0.744271 0.776620 0.011458 0.027315
0 0.684766 0.123843 0.015885 0.021759
0 0.172005 0.385648 0.015365 0.016667
0 0.160286 0.364815 0.015365 0.016667
0 0.110807 0.375000 0.015365 0.016667
0 0.309115 0.381481 0.015625 0.014815
0 0.452083 0.380556 0.018750 0.014815
0 0.354948 0.400000 0.017188 0.014815
0 0.482682 0.568519 0.020052 0.015741
0 0.544661 0.209954 0.012760 0.016204
0 0.581901 0.293750 0.009115 0.023611
0 0.591667 0.384722 0.015104 0.014815
0 0.575521 0.205324 0.017188 0.018981
0 0.800391 0.046528 0.013281 0.026389
0 0.884766 0.196991 0.013802 0.028241
0 0.811458 0.899537 0.010417 0.029630
0 0.799740 0.966667 0.010417 0.029630
0 0.734505 0.780093 0.016406 0.041667
0 0.754557 0.833333 0.009635 0.024074
0 0.731380 0.836111 0.009635 0.024074
0 0.745182 0.853704 0.009635 0.024074
0 0.759245 0.876620 0.008594 0.024537
0 0.748437 0.896991 0.008854 0.026389
0 0.760156 0.910880 0.008854 0.026389
0 0.739323 0.939583 0.008854 0.026389
0 0.749740 0.949306 0.008854 0.026389
0 0.761198 0.960417 0.008854 0.026389
