0 0.115104 0.254167 0.014583 0.012037
0 0.677083 0.813657 0.009375 0.026389
0 0.423828 0.468056 0.016406 0.013889
0 0.016797 0.355556 0.017448 0.014815
0 0.589844 0.640278 0.013021 0.020370
0 0.410417 0.596065 0.019792 0.015278
0 0.820573 0.627778 0.011458 0.025926
0 0.804688 0.211806 0.026562 0.044907
0 0.527604 0.415972 0.017708 0.017130
0 0.684766 0.858565 0.008594 0.024537
0 0.219271 0.471759 0.012500 0.012963
0 0.621484 0.697685 0.014844 0.023148
0 0.064714 0.384491 0.017448 0.014352
0 0.406120 0.257639 0.010156 0.013426
0 0.550000 0.559722 0.011979 0.025926
0 0.720182 0.143287 0.015365 0.011574
0 0.157161 0.389352 0.017448 0.012037
0 0.435286 0.407870 0.016406 0.013889
0 0.770964 0.431944 0.015365 0.018519
0 0.652865 0.746065 0.011458 0.021759
0 0.693099 0.919676 0.008073 0.028241
0 0.695312 0.852083 0.009896 0.027315
0 0.704818 0.938426 0.007552 0.025000
0 0.695964 0.987037 0.007552 0.025000
0 0.726693 0.379398 0.015885 0.016204
0 0.660807 0.398380 0.013281 0.013426
0 0.439323 0.257639 0.015625 0.012500
0 0.477344 0.250463 0.013542 0.013889
0 0.500521 0.249074 0.013542 0.013889
0 0.555469 0.280556 0.008854 0.019444
0 0.525521 0.237269 0.019271 0.022685
0 0.691276 0.138194 0.012760 0.012500
0 0.660937 0.144213 0.014063 0.014352
0 0.625391 0.075000 0.009635 0.025000
0 0.602474 0.114120 0.011198 0.022685
0 0.727474 0.025231 0.010677 0.027315
