0 0.708724 0.669213 0.014844 0.015278
0 0.868099 0.126157 0.017448 0.015278
0 0.212760 0.573148 0.015625 0.010185
0 0.723568 0.749074 0.010677 0.020370
0 0.720703 0.708102 0.013281 0.019907
0 0.026432 0.230324 0.014323 0.014352
0 0.121615 0.224306 0.019271 0.018056
0 0.011719 0.345833 0.015625 0.018519
0 0.079167 0.229630 0.016667 0.013889
0 0.622656 0.580324 0.009896 0.015278
0 0.744661 0.782870 0.010677 0.023148
0 0.757682 0.866667 0.011198 0.022222
0 0.702214 0.743981 0.010677 0.020370
0 0.457161 0.390509 0.014844 0.017130
0 0.814193 0.856250 0.009115 0.021759
0 0.684635 0.005787 0.014063 0.010648
0 0.951172 0.490741 0.016406 0.014815
0 0.708724 0.717593 0.011198 0.020370
0 0.746094 0.929167 0.009896 0.018519
0 0.954948 0.338657 0.013542 0.016204
0 0.613411 0.202546 0.010677 0.018981
0 0.746224 0.337500 0.014844 0.011111
0 0.758594 0.983333 0.008333 0.021296
0 0.602995 0.299306 0.010677 0.018981
0 0.585807 0.323843 0.010677 0.018981
0 0.652214 0.171065 0.010677 0.018981
0 0.798307 0.349537 0.014844 0.011111
0 0.879687 0.231481 0.012500 0.020370
0 0.903255 0.377546 0.039323 0.026389
0 0.607812 0.496991 0.009896 0.015278
0 0.733464 0.744907 0.010677 0.020370
0 0.743359 0.860880 0.012240 0.022685
0 0.756901 0.931944 0.008073 0.021296
0 0.749349 0.989352 0.008073 0.021296
