0 0.928125 0.222454 0.015625 0.012500
0 0.744401 0.164352 0.015365 0.013889
0 0.185547 0.414352 0.019531 0.015741
0 0.631771 0.087731 0.009896 0.018981
0 0.599219 0.254167 0.011979 0.022222
0 0.578646 0.221759 0.013542 0.017593
0 0.780990 0.981944 0.010937 0.022222
0 0.539193 0.425694 0.046094 0.019907
0 0.784896 0.183796 0.015104 0.018519
0 0.851172 0.203472 0.016406 0.016204
0 0.116667 0.378009 0.016146 0.015278
0 0.634896 0.727778 0.013021 0.021296
0 0.087240 0.393981 0.016146 0.013889
0 0.043099 0.375231 0.017969 0.015278
0 0.644010 0.436343 0.019271 0.011574
0 0.574349 0.323843 0.012760 0.025463
0 0.816146 0.378935 0.017708 0.015278
0 0.785547 0.125694 0.010677 0.021759
