0 0.565495 0.289815 0.014844 0.024074
0 0.195312 0.233796 0.015625 0.012037
0 0.709896 0.368287 0.017188 0.012500
0 0.681901 0.800694 0.012760 0.027315
0 0.866797 0.174306 0.016927 0.015278
0 0.156641 0.367593 0.050260 0.028704
0 0.313021 0.406944 0.018229 0.012037
0 0.595703 0.406250 0.016406 0.012500
0 0.909115 0.178472 0.015625 0.015278
0 0.962891 0.295139 0.030990 0.029167
0 0.707682 0.914120 0.006510 0.031019
0 0.931641 0.565972 0.031510 0.041204
0 0.989453 0.521759 0.012760 0.014815
0 0.729167 0.132176 0.012500 0.014352
0 0.047266 0.419444 0.022656 0.018519
