0 0.993750 0.136343 0.012500 0.017130
0 0.768229 0.101157 0.016667 0.009722
0 0.635677 0.142593 0.015625 0.025926
0 0.678776 0.671528 0.013281 0.018056
0 0.652734 0.603241 0.010677 0.016667
0 0.836328 0.149306 0.010677 0.019907
0 0.752734 0.827778 0.009635 0.023148
0 0.796745 0.667361 0.014323 0.016204
0 0.725781 0.725926 0.008854 0.023148
0 0.327083 0.577778 0.013021 0.011111
0 0.623047 0.585880 0.011198 0.018981
0 0.730078 0.839583 0.011198 0.019907
0 0.020052 0.561343 0.014063 0.013426
0 0.739193 0.802083 0.008073 0.018981
0 0.630078 0.556019 0.010677 0.016667
0 0.745703 0.915509 0.007031 0.024537
0 0.267448 0.380556 0.015104 0.012963
0 0.023958 0.228704 0.016146 0.015741
0 0.591406 0.391435 0.016146 0.013426
0 0.589714 0.368750 0.014844 0.013426
0 0.603646 0.297917 0.009375 0.023611
0 0.678906 0.034954 0.009375 0.023611
0 0.884505 0.240046 0.010677 0.019907
0 0.858854 0.663657 0.010417 0.022685
0 0.720964 0.748148 0.010677 0.020370
0 0.736589 0.755093 0.010677 0.020370
0 0.758464 0.924769 0.007031 0.024537
0 0.756380 0.963657 0.007031 0.024537
0 0.746484 0.968287 0.007031 0.024537
