0 0.495312 0.575231 0.016667 0.015278
0 0.707812 0.714120 0.011979 0.023611
0 0.923568 0.517130 0.015365 0.021296
0 0.460547 0.576157 0.014844 0.017130
0 0.611719 0.553472 0.011979 0.023611
0 0.708333 0.649769 0.015104 0.015278
0 0.205078 0.243981 0.014323 0.015741
0 0.736458 0.754398 0.011979 0.026389
0 0.825130 0.107639 0.017448 0.018056
0 0.690104 0.118750 0.016667 0.026389
0 0.746354 0.788889 0.011458 0.025926
0 0.150911 0.366667 0.016927 0.022222
0 0.417448 0.579398 0.020313 0.019907
0 0.047786 0.347454 0.020052 0.023611
0 0.803776 0.920833 0.010156 0.028704
0 0.747396 0.920602 0.008333 0.018981
0 0.513542 0.222917 0.016667 0.017130
0 0.140885 0.231481 0.018229 0.021296
0 0.783724 0.098843 0.018490 0.018981
0 0.772396 0.652083 0.017708 0.016204
0 0.687240 0.706481 0.014583 0.023148
0 0.617448 0.181250 0.014063 0.026389
0 0.780990 0.016898 0.013542 0.024537
0 0.585938 0.197454 0.017708 0.018981
0 0.157943 0.247685 0.026823 0.019444
0 0.904036 0.496296 0.013802 0.027778
0 0.606120 0.261806 0.014844 0.023611
0 0.482292 0.208333 0.018750 0.017593
0 0.598307 0.607176 0.023698 0.028241
0 0.685807 0.349074 0.016927 0.016667
0 0.558203 0.215972 0.014844 0.017130
0 0.731641 0.785648 0.011198 0.026852
0 0.741927 0.819907 0.011458 0.026852
0 0.513021 0.398843 0.019271 0.020833
0 0.622005 0.540972 0.014323 0.025463
0 0.794271 0.049074 0.014583 0.026852
0 0.748568 0.353009 0.017969 0.016204
0 0.984766 0.123843 0.016927 0.019907
0 0.972135 0.275926 0.018750 0.020370
0 0.900651 0.428472 0.012240 0.031944
0 0.876693 0.577083 0.014844 0.032870
0 0.838281 0.596528 0.015625 0.026389
0 0.758594 0.959491 0.007812 0.031019
0 0.745833 0.869213 0.009375 0.029167
0 0.749479 0.960417 0.007812 0.031019
0 0.757812 0.917824 0.007812 0.031019
0 0.756250 0.864583 0.007812 0.031019
0 0.718099 0.744213 0.012240 0.024537
0 0.726172 0.722222 0.018490 0.038889
