0 0.630859 0.714120 0.014323 0.023611
0 0.598568 0.656019 0.017969 0.020370
0 0.674479 0.769907 0.010417 0.025000
0 0.687630 0.887500 0.010677 0.026852
0 0.777734 0.656713 0.014844 0.021759
0 0.874349 0.556019 0.016406 0.020370
0 0.850000 0.557176 0.010417 0.025463
0 0.974740 0.177315 0.014063 0.014815
0 0.582552 0.188426 0.011458 0.023148
0 0.131380 0.240741 0.023177 0.015741
0 0.414062 0.483796 0.017188 0.015741
0 0.033984 0.229167 0.016927 0.012037
0 0.567187 0.642593 0.016146 0.019444
0 0.838151 0.417824 0.015885 0.013426
0 0.493620 0.252546 0.017969 0.015278
0 0.528125 0.239583 0.014583 0.017130
0 0.714714 0.033333 0.012240 0.031481
0 0.869792 0.188426 0.018750 0.014815
0 0.764844 0.361574 0.015104 0.015741
0 0.992188 0.298380 0.015625 0.016204
0 0.733464 0.053241 0.011719 0.024074
0 0.722786 0.066435 0.010677 0.022685
0 0.732422 0.094213 0.010677 0.022685
0 0.745443 0.076157 0.010677 0.022685
0 0.758203 0.102546 0.012760 0.021759
0 0.801302 0.174537 0.014063 0.015741
0 0.708203 0.141435 0.012760 0.013426
0 0.673568 0.146528 0.012760 0.013426
0 0.622396 0.109259 0.010937 0.023148
0 0.573958 0.254630 0.011458 0.023148
0 0.556510 0.312963 0.011458 0.023148
0 0.510417 0.247917 0.014583 0.017130
0 0.477083 0.254861 0.011979 0.013426
0 0.461589 0.256250 0.014844 0.015278
0 0.429297 0.255324 0.014844 0.015278
0 0.388151 0.250694 0.014844 0.015278
0 0.536068 0.346991 0.010677 0.024537
0 0.635026 0.386111 0.017969 0.015741
0 0.348828 0.400463 0.021615 0.016667
0 0.243359 0.387500 0.020052 0.018519
0 0.643099 0.703241 0.013281 0.020370
0 0.677083 0.820370 0.010417 0.025000
0 0.693229 0.840278 0.008854 0.023148
0 0.699740 0.900463 0.008333 0.025926
0 0.690625 0.977778 0.008333 0.025926
0 0.701302 0.986806 0.008333 0.026389
0 0.745182 0.982407 0.009115 0.024074
0 0.777474 0.919444 0.009115 0.024074
0 0.803255 0.623148 0.015365 0.025926
0 0.824740 0.659722 0.014583 0.034259
