0 0.873177 0.556713 0.015104 0.020833
0 0.570964 0.579167 0.016927 0.015741
0 0.687370 0.674074 0.014323 0.023148
0 0.662760 0.621065 0.017708 0.020833
0 0.745052 0.778472 0.011458 0.023611
0 0.519141 0.571296 0.016406 0.016667
0 0.752083 0.807639 0.010937 0.026389
0 0.622396 0.190278 0.013542 0.029630
0 0.150260 0.574074 0.017708 0.014815
0 0.265625 0.566898 0.016146 0.015278
0 0.622917 0.618287 0.017188 0.023611
0 0.756901 0.837500 0.010156 0.027778
0 0.912760 0.599306 0.013542 0.023611
0 0.591016 0.185185 0.017448 0.021296
0 0.793490 0.080556 0.015625 0.030556
0 0.702083 0.663657 0.014063 0.021759
0 0.724219 0.754861 0.011979 0.024537
0 0.299349 0.398380 0.017969 0.014352
0 0.368359 0.383333 0.019531 0.015741
0 0.489453 0.459259 0.016406 0.016667
0 0.446875 0.208102 0.017188 0.017130
0 0.558984 0.164583 0.018490 0.022685
0 0.678776 0.017361 0.011198 0.023611
0 0.794922 0.037500 0.013802 0.028704
0 0.774349 0.030556 0.013802 0.028704
0 0.848177 0.160648 0.015625 0.025926
0 0.920703 0.132639 0.016927 0.013426
0 0.867448 0.314815 0.015625 0.017593
0 0.721354 0.356944 0.018229 0.018519
0 0.708073 0.405556 0.018229 0.018519
0 0.898438 0.440741 0.009896 0.028704
0 0.839453 0.601620 0.014844 0.023611
0 0.707682 0.706713 0.012760 0.025463
0 0.734635 0.740741 0.011979 0.028704
0 0.742969 0.833102 0.010417 0.031019
0 0.760026 0.880787 0.009115 0.026389
0 0.746484 0.880324 0.008073 0.028241
0 0.760026 0.917824 0.009635 0.029167
0 0.748958 0.931944 0.008333 0.030556
0 0.760807 0.957407 0.007552 0.027778
0 0.750781 0.971065 0.008333 0.024537
0 0.821615 0.962500 0.009375 0.024074
0 0.801432 0.965509 0.011198 0.034722
0 0.976432 0.455787 0.017969 0.022685
