0 0.610677 0.602083 0.015625 0.024537
0 0.636589 0.186574 0.016927 0.019444
0 0.792578 0.096296 0.013281 0.025926
0 0.931380 0.189120 0.017448 0.013426
0 0.561458 0.222222 0.015104 0.016667
0 0.032031 0.199769 0.018229 0.016204
0 0.703385 0.853241 0.009375 0.022222
0 0.769792 0.043981 0.010417 0.020370
0 0.755469 0.043287 0.012500 0.024537
0 0.070182 0.489352 0.017969 0.019444
0 0.991146 0.528704 0.008854 0.015741
0 0.715365 0.876389 0.011458 0.033333
0 0.822396 0.432639 0.022396 0.014352
0 0.139323 0.352315 0.015104 0.017593
0 0.766016 0.074537 0.011198 0.023148
0 0.682422 0.143519 0.016406 0.023148
0 0.888021 0.337269 0.016667 0.017130
0 0.280859 0.360648 0.017969 0.019444
0 0.583854 0.388889 0.020833 0.018519
0 0.492448 0.197685 0.015104 0.016667
0 0.784115 0.149537 0.019792 0.019444
0 0.781120 0.072222 0.011198 0.023148
0 0.604948 0.201620 0.024479 0.031019
0 0.478125 0.383796 0.021875 0.016667
0 0.583333 0.525000 0.013021 0.030556
0 0.636198 0.682870 0.015625 0.027778
0 0.662760 0.730556 0.015625 0.027778
0 0.695052 0.770370 0.011458 0.028704
0 0.692448 0.799537 0.011979 0.028704
0 0.780990 0.858796 0.011979 0.028704
0 0.822656 0.711111 0.011979 0.028704
0 0.716016 0.959954 0.008073 0.028241
0 0.704297 0.989815 0.007031 0.020370
