0 0.929557 0.496528 0.017969 0.020833
0 0.855599 0.585880 0.014844 0.024537
0 0.387760 0.568981 0.015625 0.014815
0 0.696745 0.655324 0.016406 0.022685
0 0.468880 0.568981 0.017969 0.018519
0 0.209766 0.578472 0.020573 0.018981
0 0.790104 0.103241 0.019271 0.022222
0 0.597005 0.188426 0.017969 0.025926
0 0.992448 0.122454 0.015104 0.018056
0 0.677604 0.661574 0.022396 0.037037
0 0.872656 0.168750 0.016146 0.028241
0 0.646354 0.167593 0.014063 0.026852
0 0.726562 0.747454 0.015104 0.027315
0 0.829427 0.773611 0.014583 0.033333
0 0.747135 0.851852 0.008333 0.025926
0 0.653255 0.600926 0.016406 0.024074
0 0.751172 0.805093 0.011719 0.026852
0 0.775391 0.032639 0.014323 0.031944
0 0.681510 0.104861 0.016667 0.029167
0 0.576302 0.371065 0.018750 0.018056
0 0.742969 0.762731 0.011458 0.023611
0 0.723828 0.785417 0.012760 0.028241
0 0.726042 0.708333 0.014583 0.029630
0 0.518490 0.396296 0.020833 0.017593
0 0.322005 0.466667 0.020052 0.019444
0 0.437500 0.402778 0.017188 0.021296
0 0.798828 0.039583 0.014323 0.027315
0 0.677604 0.024306 0.014063 0.033796
0 0.951953 0.478704 0.014844 0.019444
0 0.969141 0.464583 0.017969 0.023611
0 0.807422 0.928472 0.012760 0.035648
0 0.751302 0.940046 0.008854 0.026389
0 0.761068 0.929167 0.009635 0.029630
0 0.758333 0.896759 0.010417 0.029630
0 0.757682 0.853704 0.014844 0.040741
0 0.738932 0.870139 0.014844 0.038426
0 0.739062 0.802083 0.010417 0.023611
