0 0.629948 0.208333 0.016667 0.027778
0 0.822786 0.196528 0.017969 0.019907
0 0.643490 0.717824 0.016146 0.025463
0 0.095703 0.250231 0.020052 0.013426
0 0.579036 0.309491 0.011198 0.025463
0 0.708854 0.950000 0.011458 0.029630
0 0.892708 0.655093 0.018229 0.022222
0 0.908333 0.216435 0.018229 0.015278
0 0.553255 0.255787 0.024219 0.018056
0 0.116406 0.392130 0.022917 0.016667
0 0.280859 0.409954 0.020052 0.013426
0 0.485677 0.423843 0.021354 0.016204
0 0.546354 0.441435 0.021354 0.016204
0 0.599870 0.259491 0.011198 0.025463
0 0.773047 0.112731 0.011198 0.025463
0 0.764453 0.083565 0.011198 0.025463
0 0.861198 0.208102 0.015625 0.018056
0 0.679427 0.175463 0.022917 0.024074
0 0.755078 0.044676 0.011198 0.025463
