0 0.217188 0.194676 0.017708 0.016204
0 0.298568 0.570370 0.017448 0.015741
0 0.216276 0.562963 0.019531 0.014815
0 0.831641 0.099769 0.017448 0.029167
0 0.862370 0.658565 0.017448 0.041204
0 0.809896 0.055556 0.015625 0.025000
0 0.671094 0.739583 0.014583 0.029167
0 0.659505 0.693056 0.013802 0.021296
0 0.724479 0.808565 0.010417 0.026389
0 0.591667 0.635648 0.015625 0.025000
0 0.021094 0.202315 0.020313 0.016667
0 0.736979 0.897685 0.009896 0.029630
0 0.482292 0.383102 0.022917 0.018056
0 0.591406 0.589815 0.012500 0.025926
0 0.249219 0.391435 0.019271 0.018056
0 0.617188 0.592824 0.013542 0.028241
0 0.898177 0.514815 0.011458 0.029630
0 0.873568 0.578241 0.015885 0.032407
0 0.889583 0.132407 0.018229 0.016667
0 0.430859 0.581481 0.020052 0.016667
0 0.536979 0.162269 0.015625 0.020833
0 0.057292 0.350694 0.017708 0.016204
0 0.100521 0.352083 0.017708 0.016204
0 0.340625 0.398380 0.017708 0.016204
0 0.593750 0.538426 0.029167 0.073148
0 0.587240 0.104861 0.015625 0.020833
0 0.696094 0.104398 0.020833 0.021759
0 0.572135 0.273148 0.009896 0.031481
0 0.870964 0.218287 0.012760 0.030093
0 0.697917 0.769907 0.012500 0.027778
0 0.739583 0.975926 0.010417 0.027778
0 0.728646 0.970833 0.010417 0.027778
