0 0.707422 0.733102 0.011719 0.024537
0 0.687891 0.694444 0.017448 0.024074
0 0.639714 0.069907 0.012240 0.027778
0 0.671224 0.704861 0.016927 0.025463
0 0.554818 0.186806 0.017448 0.018981
0 0.991146 0.511806 0.009896 0.019907
0 0.623568 0.631481 0.015365 0.025926
0 0.014844 0.365741 0.019792 0.021296
0 0.474870 0.588657 0.020573 0.018981
0 0.889974 0.505093 0.014323 0.028704
0 0.691667 0.772917 0.013021 0.027315
0 0.354818 0.583796 0.020052 0.017593
0 0.602214 0.547454 0.014323 0.026389
0 0.704167 0.347917 0.016146 0.018056
0 0.616797 0.363194 0.020573 0.018981
0 0.148568 0.562269 0.020573 0.018981
0 0.198177 0.587269 0.017708 0.016204
0 0.731641 0.868519 0.009635 0.032407
0 0.719922 0.816667 0.011719 0.032407
0 0.792969 0.039815 0.015625 0.026852
0 0.784245 0.328241 0.021094 0.016667
0 0.100521 0.381019 0.021354 0.015741
0 0.379297 0.399769 0.021094 0.015278
0 0.398047 0.199769 0.021094 0.015278
0 0.468099 0.218519 0.017448 0.019444
0 0.615495 0.177083 0.014323 0.025463
0 0.580469 0.296991 0.012500 0.031944
0 0.567969 0.300694 0.012500 0.031944
0 0.773698 0.039815 0.015625 0.026852
0 0.759375 0.092593 0.015625 0.014815
0 0.891667 0.118981 0.015625 0.014815
0 0.966146 0.127315 0.015625 0.014815
0 0.866276 0.561343 0.014323 0.028241
0 0.863542 0.752083 0.014063 0.028241
0 0.826172 0.841435 0.014323 0.028241
0 0.738021 0.955556 0.009375 0.032407
0 0.746745 0.949306 0.008073 0.028241
0 0.746745 0.899306 0.008073 0.028241
0 0.734766 0.815741 0.019531 0.058333
