0 0.657552 0.727778 0.010937 0.025000
0 0.667969 0.785880 0.011458 0.023611
0 0.162760 0.568519 0.017188 0.015741
0 0.118099 0.558333 0.016927 0.016667
0 0.588932 0.636111 0.011198 0.019444
0 0.556771 0.303704 0.009896 0.021296
0 0.180339 0.468287 0.014844 0.014352
0 0.630859 0.739583 0.012240 0.021759
0 0.586589 0.606944 0.012240 0.020370
0 0.431510 0.259722 0.015625 0.014815
0 0.067578 0.442361 0.018490 0.016204
0 0.772917 0.943287 0.009375 0.020833
0 0.682422 0.792593 0.010156 0.023148
0 0.695703 0.859491 0.008594 0.026389
0 0.727604 0.154630 0.016146 0.016667
0 0.562370 0.596991 0.011719 0.021759
0 0.129297 0.379630 0.014323 0.014815
0 0.273307 0.420602 0.015365 0.016204
0 0.264193 0.255093 0.012240 0.013889
0 0.318620 0.255556 0.016927 0.016667
0 0.378255 0.257639 0.013281 0.014352
0 0.386198 0.406713 0.018229 0.019907
0 0.384375 0.425694 0.017708 0.015278
0 0.486198 0.254630 0.014063 0.014815
0 0.508594 0.252315 0.016667 0.015741
0 0.532292 0.240278 0.013542 0.015741
0 0.570052 0.224074 0.012500 0.025000
0 0.371094 0.594213 0.015104 0.015278
0 0.565885 0.557639 0.010937 0.021759
0 0.650781 0.748611 0.018750 0.037037
0 0.702734 0.912269 0.008594 0.026389
0 0.703776 0.959954 0.008594 0.026389
0 0.674740 0.152778 0.016146 0.016667
0 0.730469 0.088657 0.010417 0.018056
0 0.711328 0.027546 0.010156 0.029167
0 0.778385 0.183565 0.009375 0.018056
0 0.878255 0.191204 0.015365 0.012963
