0 0.690885 0.687963 0.014583 0.023148
0 0.265365 0.574537 0.017708 0.017593
0 0.825911 0.146296 0.016406 0.024074
0 0.951172 0.482407 0.018490 0.022222
0 0.675000 0.633565 0.016146 0.023611
0 0.820052 0.623148 0.016146 0.024074
0 0.199870 0.575463 0.020052 0.018519
0 0.419010 0.387500 0.017188 0.016667
0 0.657552 0.637731 0.015625 0.026389
0 0.716667 0.740046 0.012500 0.026389
0 0.883464 0.550000 0.013802 0.025000
0 0.937240 0.500926 0.015625 0.022222
0 0.723047 0.811574 0.011198 0.023148
0 0.104036 0.567593 0.016927 0.018519
0 0.726562 0.771528 0.010937 0.025463
0 0.184505 0.226852 0.020573 0.019444
0 0.636328 0.623843 0.013281 0.024537
0 0.756250 0.881481 0.008333 0.026852
0 0.792969 0.049537 0.013542 0.025000
0 0.703776 0.112500 0.014844 0.017593
0 0.555599 0.583333 0.016406 0.021296
0 0.315365 0.398611 0.019792 0.017593
0 0.956380 0.344444 0.024219 0.023148
0 0.751563 0.836574 0.010417 0.026852
0 0.431510 0.209259 0.017188 0.016667
0 0.613151 0.516898 0.014323 0.029167
0 0.950651 0.140741 0.018490 0.019444
0 0.916536 0.525000 0.015885 0.025926
0 0.731510 0.740972 0.012500 0.030093
0 0.742708 0.782407 0.010417 0.027778
0 0.739583 0.843981 0.010417 0.026852
0 0.803776 0.915741 0.010156 0.026852
0 0.746875 0.886574 0.008333 0.026852
0 0.755990 0.944907 0.008333 0.026852
0 0.746224 0.920833 0.008073 0.031481
0 0.747526 0.978009 0.007031 0.030093
