0 0.535417 0.593981 0.015104 0.015741
0 0.705208 0.748843 0.011979 0.024537
0 0.618490 0.626620 0.016667 0.026389
0 0.630859 0.676389 0.017448 0.025926
0 0.831771 0.096528 0.016146 0.027315
0 0.123698 0.196528 0.022396 0.018056
0 0.125521 0.545833 0.018750 0.017593
0 0.199609 0.559722 0.017448 0.016667
0 0.665234 0.705556 0.013281 0.025000
0 0.752865 0.096528 0.020833 0.018981
0 0.851953 0.135185 0.015885 0.025926
0 0.348047 0.579167 0.020573 0.016667
0 0.310547 0.192593 0.017448 0.016667
0 0.632943 0.025000 0.013802 0.024074
0 0.226823 0.384954 0.017708 0.016204
0 0.729818 0.841204 0.011719 0.027778
0 0.400651 0.403472 0.019010 0.016204
0 0.838151 0.747685 0.015365 0.041667
0 0.055990 0.355093 0.018750 0.015741
0 0.259896 0.378009 0.017708 0.016204
0 0.489193 0.397454 0.019010 0.016204
0 0.682422 0.359954 0.019010 0.016204
0 0.604167 0.173380 0.014063 0.027315
0 0.594661 0.100694 0.014844 0.024537
0 0.967839 0.138426 0.020052 0.019444
0 0.851562 0.674769 0.011979 0.024537
0 0.877083 0.625231 0.011979 0.024537
0 0.943490 0.579167 0.015625 0.022222
0 0.589844 0.524074 0.014583 0.030556
0 0.723047 0.874074 0.009635 0.029630
0 0.739193 0.912963 0.009635 0.029630
