0 0.685026 0.687269 0.014844 0.012500
0 0.544792 0.292130 0.010417 0.025000
0 0.715234 0.138657 0.015885 0.015278
0 0.583984 0.631944 0.013802 0.022222
0 0.689714 0.862037 0.009115 0.023148
0 0.675391 0.795370 0.009635 0.022222
0 0.661589 0.759491 0.013281 0.025463
0 0.725391 0.083796 0.010156 0.022222
0 0.758073 0.663889 0.014063 0.019444
0 0.594661 0.156250 0.013802 0.024537
0 0.686589 0.792824 0.010156 0.024537
0 0.553385 0.558333 0.012500 0.025926
0 0.699740 0.848380 0.012500 0.024537
0 0.460677 0.465278 0.019271 0.014815
0 0.182031 0.581713 0.015104 0.015278
0 0.712370 0.048148 0.010156 0.022222
0 0.619401 0.082407 0.011198 0.026852
0 0.787500 0.180556 0.014583 0.020370
0 0.538281 0.226852 0.014583 0.019444
0 0.515104 0.241667 0.021354 0.020370
0 0.494141 0.248380 0.015885 0.013426
0 0.470443 0.252546 0.015885 0.013426
0 0.445964 0.255787 0.015885 0.013426
0 0.608984 0.640278 0.015365 0.024074
0 0.695703 0.949074 0.009115 0.023148
0 0.706641 0.929167 0.009115 0.023148
0 0.939583 0.492130 0.014583 0.016667
