0 0.127995 0.546065 0.016927 0.015278
0 0.604818 0.607870 0.014844 0.031481
0 0.563411 0.191898 0.014323 0.021759
0 0.671615 0.718056 0.013542 0.025000
0 0.724089 0.416435 0.015365 0.015278
0 0.010026 0.512269 0.015885 0.016204
0 0.664714 0.124306 0.017969 0.027315
0 0.634115 0.627315 0.023438 0.043519
0 0.590495 0.109028 0.017969 0.029167
0 0.711198 0.815972 0.012500 0.028241
0 0.811849 0.110648 0.018490 0.017593
0 0.683594 0.085417 0.022396 0.025463
0 0.492578 0.183333 0.018490 0.018519
0 0.592969 0.237500 0.012500 0.031481
0 0.577604 0.308102 0.011458 0.033796
0 0.624740 0.124537 0.012500 0.031481
0 0.811328 0.109722 0.018490 0.017593
0 0.875130 0.307639 0.015365 0.015278
0 0.581641 0.557870 0.014844 0.031481
0 0.807813 0.959954 0.012500 0.028241
0 0.917188 0.616435 0.016146 0.031019
