0 0.985547 0.211343 0.013281 0.015278
0 0.675521 0.756944 0.013542 0.022222
0 0.620964 0.181019 0.014844 0.023148
0 0.905469 0.215278 0.018750 0.015741
0 0.271745 0.261806 0.016927 0.013426
0 0.419922 0.426852 0.033073 0.021296
0 0.752214 0.161343 0.017969 0.016204
0 0.713021 0.971759 0.007292 0.027778
0 0.712370 0.902778 0.011719 0.025926
0 0.694792 0.812269 0.012500 0.021759
0 0.648047 0.743519 0.010677 0.019444
0 0.839193 0.693981 0.014323 0.025000
0 0.602995 0.636574 0.012760 0.025000
0 0.577214 0.570602 0.025260 0.053241
0 0.709245 0.487731 0.017448 0.014352
0 0.641797 0.122917 0.015365 0.034722
0 0.113021 0.377083 0.021354 0.019907
0 0.532292 0.259722 0.015625 0.014815
0 0.574349 0.240741 0.017448 0.014815
