0 0.550651 0.635185 0.014323 0.016667
0 0.576432 0.641898 0.013281 0.018056
0 0.410417 0.597917 0.016667 0.014352
0 0.674349 0.792361 0.010677 0.025463
0 0.642448 0.681250 0.013542 0.020833
0 0.736458 0.065278 0.009896 0.020370
0 0.484375 0.604167 0.015625 0.013889
0 0.977344 0.156944 0.015625 0.014815
0 0.024219 0.253704 0.017708 0.013889
0 0.688281 0.137963 0.019271 0.014815
0 0.615625 0.106713 0.009375 0.019907
0 0.749609 0.675000 0.014844 0.016667
0 0.566406 0.201852 0.014583 0.022222
0 0.677604 0.761574 0.011979 0.023148
0 0.651563 0.769676 0.011979 0.023611
0 0.676562 0.860648 0.010417 0.026852
0 0.751563 0.154398 0.017708 0.018981
0 0.723047 0.071528 0.011198 0.026389
0 0.823828 0.409954 0.016406 0.014352
0 0.645312 0.725926 0.016146 0.023148
0 0.602083 0.193519 0.010417 0.023148
0 0.274740 0.259722 0.015104 0.013889
0 0.323177 0.257870 0.016667 0.015741
0 0.388281 0.257870 0.013542 0.012963
0 0.454297 0.257870 0.014844 0.013889
0 0.495703 0.250463 0.014844 0.013889
0 0.522917 0.239583 0.015104 0.018056
0 0.546875 0.274537 0.010417 0.024074
0 0.219922 0.417361 0.018490 0.015278
0 0.095703 0.399306 0.018490 0.015278
0 0.037240 0.545602 0.018229 0.016204
0 0.626042 0.690972 0.013542 0.020833
0 0.638542 0.737963 0.016146 0.023148
0 0.689974 0.805324 0.010677 0.025463
0 0.696484 0.842824 0.010677 0.025463
0 0.849349 0.337269 0.016406 0.014352
0 0.902734 0.173843 0.020573 0.018981
0 0.622396 0.010185 0.009375 0.019444
0 0.948307 0.280324 0.016406 0.014352
