0 0.633333 0.651620 0.015625 0.023611
0 0.814974 0.070139 0.017969 0.032870
0 0.296354 0.575231 0.013021 0.013426
0 0.072135 0.566204 0.019271 0.017593
0 0.883594 0.540046 0.012500 0.027315
0 0.144271 0.577315 0.018750 0.015741
0 0.730339 0.990046 0.011198 0.019907
0 0.791146 0.031713 0.012500 0.032870
0 0.667448 0.701852 0.014583 0.028704
0 0.588672 0.113194 0.014844 0.019907
0 0.876042 0.587731 0.012500 0.024537
0 0.336068 0.396528 0.017448 0.013426
0 0.858073 0.647222 0.012500 0.030556
0 0.200521 0.448843 0.018750 0.018056
0 0.929948 0.311806 0.037500 0.019907
0 0.904167 0.303241 0.031250 0.022222
0 0.715495 0.823611 0.012240 0.029630
0 0.787370 0.067824 0.013802 0.030093
0 0.791406 0.331944 0.022917 0.015741
0 0.092448 0.538426 0.019271 0.017593
0 0.031641 0.519213 0.032031 0.027315
0 0.853776 0.332870 0.019010 0.019444
0 0.492839 0.400463 0.019010 0.019444
0 0.503255 0.207407 0.019010 0.019444
0 0.510547 0.172222 0.019010 0.019444
0 0.658203 0.126852 0.019010 0.019444
0 0.815625 0.120370 0.016667 0.020370
0 0.654818 0.050231 0.014323 0.032870
0 0.881510 0.229398 0.016146 0.034722
0 0.766536 0.012037 0.013281 0.023148
0 0.848177 0.715509 0.016667 0.035648
0 0.704427 0.779630 0.014583 0.028704
0 0.729167 0.937037 0.010417 0.029630
