0 0.676042 0.714120 0.013542 0.024537
0 0.613151 0.637731 0.014844 0.026389
0 0.573568 0.216667 0.015365 0.016667
0 0.828646 0.168750 0.015104 0.019907
0 0.709896 0.823148 0.009896 0.026852
0 0.697266 0.821759 0.009115 0.025926
0 0.705990 0.881713 0.010417 0.034722
0 0.679297 0.768981 0.012240 0.025926
0 0.771484 0.046065 0.011719 0.025463
0 0.825391 0.434028 0.019010 0.017130
0 0.770182 0.083102 0.012760 0.029167
0 0.604167 0.583796 0.013021 0.025000
0 0.527995 0.222222 0.015365 0.016667
0 0.360026 0.224537 0.015365 0.016667
0 0.600260 0.218287 0.015104 0.031019
0 0.577865 0.276157 0.015104 0.031019
0 0.580469 0.319213 0.015104 0.031019
0 0.615625 0.172917 0.015104 0.031019
0 0.806901 0.371528 0.019010 0.017130
0 0.885547 0.358565 0.019010 0.017130
0 0.781901 0.141435 0.017448 0.017130
0 0.750391 0.131250 0.017448 0.017130
0 0.779036 0.071528 0.012760 0.029167
0 0.793880 0.097917 0.012760 0.029167
0 0.758203 0.050231 0.011719 0.025463
0 0.751693 0.012963 0.011719 0.025000
0 0.653125 0.700463 0.014063 0.025000
0 0.699609 0.771065 0.012760 0.030093
0 0.806380 0.850231 0.012760 0.030093
0 0.780339 0.961806 0.012760 0.030093
0 0.912109 0.610648 0.017969 0.027778
