0 0.592708 0.505556 0.011458 0.017593
0 0.933854 0.514583 0.013021 0.020833
0 0.823307 0.126852 0.013281 0.021296
0 0.887109 0.503704 0.014323 0.021296
0 0.724870 0.761806 0.010677 0.019907
0 0.223698 0.557176 0.013542 0.016204
0 0.741797 0.673611 0.014844 0.012037
0 0.130469 0.355093 0.017708 0.014815
0 0.697396 0.117130 0.012500 0.016667
0 0.706510 0.716898 0.008854 0.018981
0 0.735286 0.804630 0.008594 0.018519
0 0.317708 0.235417 0.013542 0.013426
0 0.725260 0.722454 0.010417 0.020833
0 0.381250 0.445370 0.013021 0.013889
0 0.775130 0.037269 0.013802 0.024537
0 0.150911 0.563194 0.014323 0.014352
0 0.639844 0.617824 0.015104 0.021759
0 0.868880 0.207870 0.010156 0.018519
0 0.088281 0.227778 0.018229 0.014815
0 0.644792 0.183333 0.011458 0.022222
0 0.372656 0.232639 0.013542 0.013426
0 0.454427 0.229861 0.013542 0.013426
0 0.357292 0.399074 0.013021 0.013889
0 0.788542 0.412269 0.013542 0.013426
0 0.870703 0.180093 0.010156 0.018519
0 0.978776 0.262037 0.030469 0.022222
0 0.913932 0.536111 0.014323 0.021296
0 0.867578 0.569676 0.027865 0.049537
0 0.736849 0.763657 0.010677 0.019907
0 0.745833 0.795833 0.009375 0.017593
0 0.755469 0.858796 0.009375 0.017593
0 0.758073 0.899537 0.007292 0.022222
0 0.745833 0.877778 0.007292 0.022222
0 0.757422 0.940509 0.007552 0.018056
0 0.748437 0.960417 0.006250 0.024537
0 0.757943 0.983796 0.005469 0.022222
