0 0.846224 0.129630 0.014844 0.013889
0 0.468750 0.575000 0.011458 0.010185
0 0.648698 0.629861 0.013021 0.018056
0 0.648177 0.114583 0.013542 0.019907
0 0.729427 0.785648 0.009375 0.015741
0 0.721615 0.751157 0.008854 0.019907
0 0.749219 0.821065 0.007292 0.017130
0 0.172266 0.236343 0.013802 0.010648
0 0.650000 0.051620 0.010937 0.018981
0 0.797656 0.112731 0.013542 0.017130
0 0.008203 0.402083 0.010677 0.013426
0 0.384375 0.446528 0.014583 0.011574
0 0.966927 0.483333 0.015625 0.019444
0 0.710156 0.689120 0.012500 0.020833
0 0.768750 0.011111 0.011458 0.021296
0 0.782031 0.057176 0.010937 0.021759
0 0.615365 0.520833 0.012500 0.022222
0 0.682161 0.644213 0.013802 0.018981
0 0.026562 0.245602 0.017188 0.015278
0 0.073307 0.237269 0.014323 0.012500
0 0.392057 0.572454 0.010677 0.013426
0 0.881380 0.132176 0.013802 0.010648
0 0.294792 0.442130 0.014063 0.010185
0 0.897396 0.552546 0.015625 0.020833
0 0.743490 0.858796 0.006250 0.022222
0 0.697135 0.701620 0.013021 0.018981
0 0.740625 0.774074 0.008854 0.017593
0 0.562240 0.395139 0.011458 0.010648
0 0.689063 0.371991 0.011458 0.010648
0 0.760286 0.355324 0.012760 0.013426
0 0.821875 0.337963 0.017188 0.014815
0 0.876823 0.368056 0.016146 0.012037
0 0.880990 0.234491 0.009896 0.020833
0 0.754948 0.853704 0.006250 0.022222
0 0.757292 0.885185 0.006250 0.022222
0 0.746875 0.912037 0.006250 0.022222
0 0.758333 0.928241 0.006250 0.022222
0 0.748047 0.972685 0.007552 0.022222
0 0.757161 0.976852 0.007552 0.022222
0 0.604036 0.370370 0.028385 0.019444
