0 0.509896 0.613194 0.015104 0.015278
0 0.586719 0.187037 0.008854 0.023148
0 0.055078 0.430093 0.016406 0.014815
0 0.598828 0.653704 0.014323 0.021296
0 0.894661 0.575000 0.015365 0.017593
0 0.727734 0.140972 0.014323 0.014352
0 0.426042 0.465509 0.015104 0.013426
0 0.649609 0.737269 0.012760 0.023611
0 0.693750 0.987037 0.008854 0.023148
0 0.982031 0.493287 0.014583 0.019907
0 0.694531 0.928935 0.009896 0.025463
0 0.700521 0.687731 0.018229 0.016204
0 0.598958 0.135880 0.009375 0.019907
0 0.652344 0.778241 0.009896 0.022222
0 0.436068 0.254630 0.014844 0.012037
0 0.167708 0.576852 0.018229 0.012037
0 0.825781 0.411574 0.046875 0.029630
0 0.409375 0.255324 0.020833 0.017130
0 0.460286 0.251389 0.014844 0.012037
0 0.481641 0.248611 0.014844 0.012037
0 0.503646 0.244213 0.013021 0.013426
0 0.522917 0.234028 0.013021 0.013426
0 0.543229 0.269444 0.008854 0.021296
0 0.165495 0.408796 0.016406 0.014815
0 0.381250 0.484954 0.015104 0.013426
0 0.297786 0.406250 0.024740 0.017130
0 0.837240 0.526157 0.011458 0.025463
0 0.873177 0.333333 0.013542 0.014815
0 0.706250 0.363889 0.013542 0.014815
0 0.675521 0.802315 0.009896 0.022222
0 0.684635 0.844676 0.007812 0.018981
0 0.689844 0.891435 0.008333 0.023611
0 0.702604 0.903472 0.008333 0.023611
0 0.786719 0.149769 0.016146 0.014352
0 0.834115 0.238194 0.011458 0.020833
0 0.725000 0.086343 0.010937 0.020833
0 0.742057 0.075926 0.010677 0.024074
0 0.777604 0.796528 0.009896 0.023611
