0 0.617318 0.665741 0.013802 0.016667
0 0.066146 0.250231 0.016667 0.014352
0 0.593750 0.147454 0.011979 0.019907
0 0.890365 0.533565 0.016146 0.018981
0 0.646875 0.734259 0.013021 0.022222
0 0.852995 0.568056 0.014844 0.018519
0 0.670443 0.744444 0.010677 0.018519
0 0.682943 0.783333 0.010677 0.021296
0 0.557422 0.599306 0.010677 0.025463
0 0.097005 0.441898 0.017969 0.018056
0 0.719792 0.139120 0.021354 0.018056
0 0.225260 0.587269 0.017188 0.014352
0 0.652734 0.141898 0.014323 0.024537
0 0.681380 0.823380 0.010677 0.024537
0 0.698958 0.837037 0.008854 0.023148
0 0.681901 0.141204 0.014323 0.014815
0 0.094141 0.260185 0.016406 0.013889
0 0.901693 0.169444 0.021094 0.012963
0 0.938672 0.531713 0.020052 0.022685
0 0.658594 0.763889 0.009896 0.021296
0 0.122526 0.468287 0.016406 0.014352
0 0.708333 0.688194 0.015625 0.014352
0 0.201172 0.419213 0.016406 0.014352
0 0.569922 0.565278 0.015365 0.033333
0 0.560417 0.269213 0.011979 0.019907
0 0.524740 0.240278 0.012500 0.017593
0 0.501563 0.245370 0.016667 0.019444
0 0.471224 0.256250 0.014323 0.014352
0 0.424609 0.257639 0.014323 0.014352
0 0.430729 0.406019 0.018750 0.018519
0 0.686589 0.368981 0.014323 0.014815
0 0.755859 0.427778 0.014323 0.014815
0 0.885938 0.370139 0.016667 0.018056
0 0.757422 0.160417 0.017448 0.018981
0 0.799870 0.723148 0.009635 0.023148
0 0.786068 0.894444 0.009635 0.023148
