0 0.631120 0.672222 0.014844 0.016667
0 0.630859 0.166898 0.015365 0.021759
0 0.763411 0.166204 0.015365 0.019444
0 0.655729 0.716898 0.012500 0.023611
0 0.881641 0.549074 0.011198 0.016667
0 0.647005 0.771065 0.012760 0.022685
0 0.858464 0.477083 0.011198 0.021759
0 0.668359 0.150000 0.027344 0.025000
0 0.779687 0.685648 0.012500 0.016667
0 0.567187 0.218750 0.012500 0.017130
0 0.189062 0.564120 0.016667 0.013426
0 0.673047 0.808565 0.010156 0.023611
0 0.682552 0.848611 0.009896 0.030556
0 0.578125 0.640509 0.014583 0.015278
0 0.953125 0.498148 0.028125 0.025926
0 0.379688 0.253935 0.011979 0.011574
0 0.685807 0.881713 0.007031 0.023611
0 0.496484 0.248843 0.015885 0.013426
0 0.345313 0.246296 0.029167 0.024074
0 0.157682 0.374537 0.014844 0.015741
0 0.481771 0.600463 0.013542 0.014815
0 0.408854 0.250463 0.032292 0.021296
0 0.612109 0.117593 0.011198 0.023148
0 0.809375 0.424306 0.018750 0.015278
0 0.422656 0.590278 0.015104 0.013889
0 0.452865 0.252083 0.013021 0.015278
0 0.356771 0.415509 0.016667 0.013426
0 0.500521 0.200463 0.015104 0.014815
0 0.523438 0.244907 0.015104 0.014815
0 0.647135 0.737269 0.012500 0.023611
0 0.661458 0.774537 0.011979 0.022222
0 0.681641 0.786343 0.010156 0.023611
0 0.691146 0.839815 0.009896 0.030556
0 0.698307 0.881250 0.007031 0.023611
0 0.698307 0.915972 0.007031 0.023611
0 0.690104 0.966898 0.008333 0.023611
0 0.701823 0.953472 0.008333 0.023611
0 0.750260 0.953009 0.008333 0.023611
0 0.814453 0.602546 0.013281 0.025463
0 0.901172 0.585417 0.014844 0.018981
0 0.925000 0.184954 0.014583 0.011574
0 0.729036 0.092130 0.011719 0.020370
0 0.751953 0.090278 0.011719 0.020370
0 0.737240 0.055787 0.010417 0.020833
0 0.718490 0.057639 0.010417 0.020833
0 0.710156 0.019213 0.010417 0.020833
0 0.726562 0.025694 0.010417 0.020833
0 0.619401 0.035417 0.012240 0.026389
0 0.630078 0.075694 0.012240 0.026389
