0 0.710807 0.717593 0.014323 0.025000
0 0.748958 0.797917 0.009896 0.026389
0 0.745052 0.857176 0.009896 0.025463
0 0.695182 0.633796 0.017969 0.021296
0 0.635286 0.597917 0.013802 0.025463
0 0.989844 0.308333 0.017188 0.020370
0 0.008073 0.324306 0.015625 0.018981
0 0.716536 0.687731 0.014323 0.024537
0 0.073698 0.366667 0.019271 0.019444
0 0.136198 0.570602 0.018750 0.014352
0 0.152995 0.375926 0.021094 0.014815
0 0.754427 0.088426 0.019271 0.015741
0 0.035286 0.353935 0.017969 0.017130
0 0.621615 0.094213 0.014583 0.025463
0 0.026953 0.237269 0.019531 0.018981
0 0.805078 0.909259 0.009115 0.029630
0 0.746745 0.897454 0.008073 0.024537
0 0.726432 0.760417 0.011719 0.028241
0 0.566146 0.446065 0.023958 0.014352
0 0.024870 0.559259 0.016927 0.015741
0 0.164453 0.357870 0.012240 0.013889
0 0.386458 0.565741 0.017708 0.013889
0 0.616927 0.518981 0.013542 0.028704
0 0.734766 0.740046 0.011719 0.028241
0 0.740104 0.818519 0.010417 0.028704
0 0.757943 0.905787 0.008073 0.024537
0 0.757161 0.940046 0.008073 0.024537
0 0.757161 0.856713 0.008073 0.024537
