0 0.560026 0.590278 0.010156 0.023148
0 0.604297 0.642593 0.011198 0.018519
0 0.628255 0.710417 0.014323 0.019907
0 0.681120 0.837500 0.008073 0.025926
0 0.224740 0.596528 0.015625 0.018056
0 0.687760 0.878472 0.008854 0.023611
0 0.629687 0.175231 0.015625 0.023611
0 0.813021 0.192593 0.013542 0.023148
0 0.664062 0.781019 0.011458 0.025000
0 0.870313 0.326389 0.019271 0.015741
0 0.461068 0.603935 0.016927 0.018056
0 0.644661 0.700463 0.013802 0.017593
0 0.661328 0.145602 0.026823 0.030093
0 0.283854 0.257407 0.015625 0.012037
0 0.605339 0.190046 0.027865 0.033796
0 0.591146 0.112731 0.015625 0.023611
0 0.711979 0.040509 0.010937 0.026389
0 0.720833 0.070602 0.010937 0.026389
0 0.726953 0.030093 0.023177 0.059259
0 0.499609 0.203704 0.010156 0.015741
0 0.520312 0.249537 0.017188 0.017593
0 0.491406 0.252778 0.017188 0.017593
0 0.448958 0.256481 0.017188 0.017593
0 0.404036 0.258333 0.012240 0.013889
0 0.410026 0.235880 0.015885 0.017130
0 0.364193 0.235880 0.013281 0.017130
0 0.379557 0.258102 0.013281 0.017130
0 0.558984 0.417130 0.017448 0.015741
0 0.053646 0.377546 0.013542 0.016204
0 0.296094 0.590509 0.015625 0.018056
0 0.564714 0.552315 0.010156 0.025000
0 0.677865 0.894676 0.008854 0.023611
0 0.693229 0.943287 0.008854 0.023611
0 0.695052 0.983102 0.008854 0.023611
0 0.792839 0.768519 0.021094 0.058333
0 0.818359 0.766667 0.011198 0.021296
0 0.827734 0.731019 0.011198 0.021296
0 0.853776 0.672685 0.011198 0.021296
0 0.950130 0.297917 0.016406 0.014352
0 0.784766 0.184028 0.013802 0.017130
0 0.832292 0.226620 0.011458 0.019907
