0 0.249479 0.574537 0.018229 0.015741
0 0.727604 0.649074 0.021875 0.018519
0 0.165234 0.552315 0.016927 0.015741
0 0.739062 0.801620 0.011458 0.027315
0 0.620573 0.175000 0.014583 0.032407
0 0.067578 0.256019 0.017448 0.021296
0 0.737630 0.752546 0.012240 0.028241
0 0.813542 0.126157 0.016146 0.021759
0 0.868229 0.628935 0.014063 0.033796
0 0.791406 0.073380 0.014583 0.033796
0 0.700521 0.685880 0.015625 0.024537
0 0.723307 0.704167 0.010677 0.020370
0 0.111589 0.249537 0.020052 0.024074
0 0.695703 0.710417 0.014844 0.024537
0 0.719792 0.737269 0.012500 0.024537
0 0.758203 0.873148 0.011198 0.032407
0 0.746094 0.848843 0.010417 0.028241
0 0.909896 0.126389 0.019271 0.020370
0 0.714583 0.761574 0.018229 0.035185
0 0.940885 0.490278 0.017188 0.021296
0 0.898958 0.540509 0.015625 0.030093
0 0.040234 0.242361 0.020052 0.021759
0 0.026823 0.346065 0.021354 0.023611
0 0.356380 0.391435 0.017448 0.021759
0 0.636979 0.442361 0.021354 0.018981
0 0.825260 0.331250 0.019792 0.020833
0 0.897917 0.304398 0.020313 0.022685
0 0.789974 0.021065 0.014844 0.027315
0 0.802604 0.048380 0.016146 0.026389
0 0.699089 0.118287 0.020573 0.024537
0 0.961328 0.474306 0.017448 0.020833
0 0.839714 0.599537 0.014844 0.018519
0 0.851693 0.703241 0.011719 0.027778
0 0.761068 0.973611 0.009635 0.035185
0 0.743880 0.982639 0.008594 0.028241
0 0.752604 0.975231 0.009375 0.028241
0 0.761979 0.924306 0.009896 0.029167
0 0.748177 0.919444 0.010417 0.028704
0 0.753255 0.816435 0.014844 0.041204
0 0.633724 0.563426 0.015885 0.027778
0 0.611198 0.504630 0.012500 0.025000
