0 0.850521 0.594676 0.023958 0.037500
0 0.607812 0.677315 0.013542 0.021296
0 0.429036 0.592824 0.012760 0.011574
0 0.473698 0.600231 0.013542 0.013426
0 0.185156 0.582870 0.015625 0.016667
0 0.749609 0.089815 0.011198 0.023148
0 0.507422 0.203009 0.020052 0.019907
0 0.669010 0.760417 0.010937 0.027315
0 0.661979 0.773843 0.013021 0.026389
0 0.991016 0.286806 0.014844 0.017130
0 0.573958 0.622685 0.011979 0.021296
0 0.908984 0.190278 0.014844 0.012037
0 0.131771 0.447685 0.015625 0.017593
0 0.699609 0.710185 0.013281 0.013889
0 0.676172 0.147454 0.014844 0.015278
0 0.044010 0.566667 0.014063 0.015741
0 0.573307 0.243519 0.011719 0.023148
0 0.123177 0.581250 0.013542 0.016204
0 0.512630 0.245370 0.013802 0.016667
0 0.385547 0.249074 0.029948 0.023148
0 0.598568 0.632407 0.012760 0.022222
0 0.272135 0.581019 0.015625 0.016667
0 0.420052 0.225000 0.015625 0.016667
0 0.473438 0.250926 0.032813 0.022222
0 0.421745 0.256019 0.009115 0.013889
0 0.535677 0.239815 0.014063 0.016667
0 0.542708 0.305787 0.010417 0.026389
0 0.683203 0.805324 0.009115 0.030093
0 0.680859 0.850694 0.009115 0.025463
0 0.695964 0.876620 0.009115 0.025463
0 0.687630 0.910417 0.009115 0.025463
0 0.700651 0.936806 0.009115 0.025463
0 0.689193 0.948843 0.009115 0.025463
0 0.700911 0.985417 0.009115 0.025463
0 0.816797 0.660648 0.010677 0.027778
0 0.831641 0.285417 0.010677 0.022685
0 0.782031 0.192361 0.011458 0.018981
0 0.787630 0.152778 0.013281 0.026852
0 0.725391 0.084722 0.012240 0.024074
0 0.710677 0.028472 0.008333 0.024537
0 0.730729 0.045833 0.008854 0.022222
