0 0.619792 0.635648 0.014063 0.026852
0 0.650781 0.658565 0.015625 0.024537
0 0.598047 0.556944 0.014844 0.030556
0 0.388672 0.409028 0.021094 0.014352
0 0.714974 0.815509 0.011198 0.029167
0 0.245312 0.559954 0.015625 0.013426
0 0.724609 0.129861 0.015885 0.015278
0 0.782292 0.073611 0.014063 0.024074
0 0.977344 0.174306 0.015104 0.013426
0 0.771224 0.047454 0.013281 0.028241
0 0.543620 0.222685 0.020052 0.016667
0 0.536068 0.385880 0.019010 0.014352
0 0.326693 0.575463 0.015885 0.013889
0 0.033724 0.401852 0.019531 0.017593
0 0.686979 0.134722 0.018229 0.021296
0 0.657161 0.147917 0.016927 0.023611
0 0.743880 0.678935 0.014323 0.016204
0 0.496745 0.410417 0.023177 0.014352
0 0.723047 0.875463 0.009635 0.026852
0 0.274349 0.395602 0.021094 0.014352
0 0.194141 0.379861 0.021094 0.014352
0 0.125651 0.365972 0.021094 0.014352
0 0.089193 0.338657 0.021094 0.014352
0 0.048698 0.348611 0.020833 0.018519
0 0.118490 0.529398 0.015625 0.013426
0 0.550651 0.407639 0.023177 0.014352
0 0.662630 0.392824 0.023177 0.014352
0 0.725130 0.383565 0.020573 0.014352
0 0.565234 0.384028 0.023698 0.018056
0 0.629427 0.380324 0.030729 0.023611
0 0.759505 0.360417 0.020573 0.014352
0 0.753776 0.132176 0.015885 0.015278
0 0.597656 0.240278 0.014583 0.034259
0 0.814714 0.361343 0.020573 0.014352
0 0.893359 0.338657 0.020573 0.014352
0 0.861068 0.391898 0.020573 0.014352
0 0.756901 0.014352 0.013281 0.027778
0 0.701432 0.758333 0.013802 0.025000
0 0.723307 0.914120 0.009115 0.028241
0 0.722266 0.963889 0.009635 0.026852
