0 0.624870 0.726852 0.016406 0.021296
0 0.848958 0.215278 0.021875 0.017593
0 0.470833 0.628009 0.018750 0.012500
0 0.735677 0.164120 0.021875 0.018981
0 0.639974 0.713426 0.018490 0.029630
0 0.246354 0.241435 0.020833 0.012500
0 0.615885 0.229398 0.015625 0.025463
0 0.602995 0.652546 0.016406 0.023611
0 0.843099 0.293750 0.021094 0.043981
0 0.187109 0.579630 0.034115 0.027778
0 0.406771 0.424769 0.020833 0.012500
0 0.466927 0.440509 0.020833 0.012500
0 0.675260 0.785880 0.015104 0.032870
0 0.689974 0.832639 0.011198 0.033796
0 0.793099 0.825694 0.011198 0.033796
0 0.694401 0.956713 0.008073 0.029167
