0 0.933203 0.487731 0.016406 0.018981
0 0.728385 0.709954 0.009375 0.019907
0 0.010547 0.569676 0.011198 0.013426
0 0.748177 0.646528 0.015625 0.013426
0 0.708594 0.707407 0.014583 0.026852
0 0.476432 0.375000 0.015365 0.014815
0 0.798568 0.089120 0.014323 0.027315
0 0.724609 0.742130 0.010677 0.022222
0 0.899349 0.522917 0.013281 0.018981
0 0.966146 0.456481 0.016146 0.017593
0 0.818359 0.079167 0.016406 0.026852
0 0.510026 0.455556 0.021094 0.012963
0 0.843229 0.109491 0.015104 0.013426
0 0.617708 0.520602 0.012500 0.023611
0 0.008203 0.252546 0.015885 0.014352
0 0.883984 0.116435 0.017969 0.018056
0 0.582812 0.195833 0.016146 0.019444
0 0.708594 0.640278 0.014583 0.015741
0 0.749609 0.891204 0.009115 0.025000
0 0.736198 0.803704 0.008854 0.021296
0 0.519271 0.218056 0.014063 0.017593
0 0.744141 0.770602 0.011198 0.025463
0 0.869010 0.616898 0.010937 0.022685
0 0.498177 0.223843 0.014583 0.016204
0 0.467969 0.224537 0.018229 0.012963
0 0.542318 0.213657 0.012240 0.012500
0 0.562630 0.209954 0.012760 0.013426
0 0.607812 0.200231 0.010417 0.019907
0 0.623828 0.200926 0.009635 0.021296
0 0.605339 0.260185 0.013281 0.028704
0 0.579948 0.318056 0.006771 0.018519
0 0.895964 0.628472 0.011719 0.021759
0 0.825651 0.800463 0.010677 0.026852
0 0.758984 0.849769 0.007552 0.025463
0 0.761458 0.945370 0.007292 0.024074
0 0.743620 0.948843 0.005990 0.019907
0 0.751823 0.964352 0.007292 0.025926
0 0.703255 0.100694 0.012240 0.013426
0 0.597005 0.505556 0.012760 0.024074
