0 0.692969 0.725231 0.015625 0.021759
0 0.624219 0.154167 0.015625 0.020370
0 0.508464 0.599306 0.022656 0.023611
0 0.095443 0.547917 0.017448 0.017130
0 0.633073 0.623843 0.013021 0.020833
0 0.636719 0.669907 0.015625 0.027778
0 0.561849 0.143519 0.017448 0.020370
0 0.925521 0.530093 0.018750 0.020370
0 0.694271 0.360417 0.019271 0.017130
0 0.881250 0.577083 0.018750 0.021759
0 0.695573 0.760417 0.009896 0.018981
0 0.713672 0.816204 0.010677 0.024074
0 0.156250 0.583796 0.019271 0.018519
0 0.122526 0.360417 0.016927 0.018056
0 0.474349 0.468981 0.018490 0.016667
0 0.373698 0.384954 0.018750 0.016204
0 0.278776 0.206944 0.018490 0.016667
0 0.462891 0.191667 0.018490 0.016667
0 0.681250 0.113657 0.015625 0.019907
0 0.806120 0.113194 0.020573 0.021759
0 0.887240 0.307870 0.019271 0.016667
0 0.672396 0.425694 0.019271 0.017130
0 0.979948 0.490741 0.018750 0.020370
0 0.606641 0.571296 0.015885 0.027778
0 0.892969 0.663194 0.017188 0.031019
0 0.833073 0.755556 0.015104 0.029630
0 0.833464 0.866204 0.011719 0.030556
0 0.726172 0.815046 0.010677 0.027315
0 0.694792 0.806019 0.013021 0.028704
0 0.723698 0.868981 0.008854 0.024074
0 0.736719 0.904630 0.008854 0.026852
0 0.727995 0.931944 0.008594 0.026852
0 0.738021 0.978241 0.008854 0.026852
0 0.728646 0.982407 0.008854 0.026852
