0 0.989974 0.213194 0.019010 0.017130
0 0.064974 0.359954 0.063802 0.035648
0 0.705469 0.897454 0.008854 0.019907
0 0.822917 0.206944 0.011458 0.016667
0 0.716276 0.748843 0.042448 0.019907
0 0.950521 0.223843 0.016667 0.013426
0 0.655599 0.185880 0.012760 0.016204
0 0.879297 0.683333 0.016406 0.026852
0 0.810417 0.865509 0.010417 0.027315
0 0.015365 0.231019 0.017708 0.014815
0 0.615625 0.206019 0.012500 0.019444
0 0.219141 0.475231 0.016406 0.014352
0 0.914844 0.221296 0.015625 0.012963
0 0.423047 0.421065 0.033073 0.026389
0 0.526823 0.423380 0.021875 0.015278
0 0.622917 0.437731 0.018750 0.017130
0 0.578125 0.577315 0.013021 0.028704
0 0.563021 0.318519 0.008854 0.024074
0 0.541016 0.209491 0.016406 0.018981
0 0.682422 0.171296 0.016406 0.017593
0 0.792448 0.141204 0.014063 0.021296
0 0.815365 0.756019 0.011979 0.026852
0 0.588542 0.650694 0.012500 0.024537
