0 0.607682 0.070139 0.011719 0.025463
0 0.651563 0.648380 0.013542 0.021759
0 0.778646 0.587963 0.012500 0.017593
0 0.457422 0.406944 0.039323 0.020370
0 0.676432 0.705556 0.011198 0.020370
0 0.880208 0.482176 0.014063 0.018056
0 0.828776 0.118287 0.012240 0.021759
0 0.611198 0.585417 0.013021 0.020833
0 0.699609 0.739583 0.010156 0.023611
0 0.592057 0.528009 0.010677 0.020833
0 0.903516 0.103935 0.016927 0.013426
0 0.730859 0.061343 0.015365 0.017130
0 0.473568 0.346065 0.014844 0.015278
0 0.522786 0.162963 0.014323 0.016667
0 0.088932 0.160880 0.019531 0.015278
0 0.697396 0.059028 0.016146 0.017130
0 0.638932 0.602778 0.014323 0.022222
0 0.424349 0.328009 0.015885 0.018056
0 0.486979 0.173380 0.012500 0.012500
0 0.542448 0.156481 0.014063 0.014815
0 0.821354 0.145833 0.015104 0.023148
0 0.613802 0.613889 0.013021 0.021296
0 0.992708 0.851852 0.010417 0.033333
0 0.688542 0.753009 0.009375 0.026389
0 0.553125 0.336111 0.015625 0.013889
0 0.699089 0.812500 0.007031 0.023148
0 0.681771 0.678241 0.013021 0.023148
0 0.711328 0.880324 0.006510 0.022685
0 0.702474 0.925000 0.007552 0.025000
0 0.505339 0.167361 0.014844 0.013426
0 0.459375 0.171528 0.030208 0.020833
0 0.414193 0.175231 0.021094 0.017130
0 0.876302 0.328935 0.016667 0.015278
0 0.862109 0.462500 0.008594 0.022222
0 0.778776 0.775231 0.010677 0.029167
0 0.712370 0.919444 0.007552 0.025000
0 0.701953 0.860417 0.006510 0.022685
0 0.711198 0.847222 0.008333 0.032407
0 0.708333 0.789352 0.011458 0.037963
0 0.661589 0.707176 0.011198 0.023611
