0 0.648828 0.703704 0.013802 0.022222
0 0.622786 0.694907 0.014844 0.023148
0 0.690885 0.836343 0.010937 0.024537
0 0.178776 0.568287 0.017448 0.013426
0 0.513672 0.616667 0.016406 0.019444
0 0.699219 0.894444 0.011979 0.028704
0 0.964844 0.493981 0.019271 0.019444
0 0.564714 0.601389 0.012760 0.020370
0 0.833203 0.589352 0.010156 0.023148
0 0.679557 0.785880 0.011719 0.022685
0 0.245964 0.587731 0.013802 0.015278
0 0.813281 0.234722 0.011979 0.023148
0 0.650260 0.156944 0.012500 0.017593
0 0.285026 0.250231 0.016927 0.017130
0 0.741797 0.073843 0.010677 0.020833
0 0.252995 0.399306 0.014844 0.013426
0 0.320573 0.251389 0.015104 0.015741
0 0.345052 0.251852 0.019271 0.018519
0 0.390625 0.254398 0.016667 0.017130
0 0.424479 0.256713 0.016667 0.017130
0 0.482552 0.251157 0.016667 0.017130
0 0.521354 0.241435 0.013021 0.018056
0 0.538021 0.234028 0.013021 0.018056
0 0.539453 0.311806 0.009635 0.023611
0 0.598698 0.205093 0.014063 0.021296
0 0.634635 0.049769 0.011458 0.027315
0 0.714583 0.038889 0.009375 0.025926
0 0.757161 0.108565 0.010677 0.020833
0 0.737500 0.105787 0.027083 0.062500
0 0.760677 0.173148 0.015625 0.023148
0 0.925651 0.182639 0.016927 0.017130
0 0.817969 0.362731 0.015625 0.015278
0 0.575130 0.585185 0.012760 0.020370
0 0.617057 0.659954 0.016406 0.022685
0 0.701302 0.964815 0.006771 0.024074
0 0.771484 0.967593 0.009635 0.025000
0 0.811068 0.710185 0.009635 0.025000
