0 0.850911 0.205787 0.020573 0.018981
0 0.365234 0.260880 0.019531 0.013426
0 0.979167 0.330787 0.041667 0.030093
0 0.886198 0.209954 0.020833 0.014352
0 0.380990 0.612269 0.018750 0.013426
0 0.928776 0.212269 0.018490 0.012500
0 0.659245 0.731944 0.013281 0.025926
0 0.612760 0.691435 0.015625 0.027315
0 0.583984 0.591667 0.013802 0.027778
0 0.707161 0.865741 0.009635 0.023148
0 0.655078 0.186343 0.016927 0.024537
0 0.924219 0.615741 0.016146 0.022222
0 0.474089 0.446065 0.019531 0.013426
0 0.539193 0.421528 0.019531 0.013426
0 0.781250 0.175926 0.017188 0.018519
0 0.820573 0.176852 0.017188 0.018519
0 0.738932 0.398843 0.044010 0.027315
0 0.623958 0.669444 0.012500 0.021296
0 0.686589 0.791435 0.012240 0.025463
0 0.713802 0.922222 0.008854 0.025926
0 0.715625 0.967593 0.008854 0.025926
