0 0.571615 0.213657 0.015625 0.017130
0 0.056120 0.203009 0.016406 0.013426
0 0.133854 0.209491 0.018229 0.015278
0 0.913672 0.403241 0.023698 0.015741
0 0.689583 0.132176 0.019271 0.015278
0 0.716276 0.893519 0.009635 0.027778
0 0.580469 0.566667 0.012500 0.025000
0 0.765885 0.086111 0.013542 0.027778
0 0.584375 0.258333 0.014063 0.031481
0 0.617969 0.202083 0.012500 0.024537
0 0.471875 0.401389 0.020313 0.015741
0 0.850260 0.420833 0.024479 0.015741
0 0.953385 0.180787 0.015625 0.013426
0 0.689193 0.743056 0.013802 0.025926
0 0.167969 0.347454 0.018229 0.015278
0 0.211198 0.371991 0.018229 0.015278
0 0.402083 0.393287 0.018229 0.015278
0 0.279818 0.207639 0.030469 0.022685
0 0.625781 0.396759 0.020313 0.015741
0 0.802344 0.370833 0.020313 0.015741
0 0.849219 0.336111 0.020313 0.015741
0 0.721354 0.373148 0.020313 0.015741
0 0.865365 0.166204 0.020313 0.015741
0 0.764323 0.124074 0.020313 0.015741
0 0.621484 0.153704 0.012760 0.025926
0 0.772917 0.038426 0.013542 0.027778
0 0.753906 0.033333 0.013542 0.027778
0 0.808464 0.749537 0.013802 0.025926
0 0.848828 0.612963 0.013802 0.025926
0 0.916276 0.590972 0.017969 0.021759
0 0.706380 0.947222 0.009635 0.027778
0 0.598047 0.643750 0.017969 0.021759
0 0.600391 0.572454 0.023698 0.050463
