0 0.792578 0.033796 0.014323 0.028704
0 0.637630 0.070833 0.013802 0.029630
0 0.691536 0.742593 0.013802 0.026852
0 0.705859 0.735648 0.013281 0.028704
0 0.698047 0.675694 0.017448 0.014352
0 0.905208 0.125231 0.020833 0.015278
0 0.716016 0.090046 0.019010 0.018981
0 0.385286 0.472685 0.017969 0.012963
0 0.655469 0.128704 0.015104 0.024074
0 0.544141 0.439120 0.019010 0.014352
0 0.682031 0.103009 0.015625 0.024537
0 0.656120 0.379167 0.020573 0.014815
0 0.883203 0.561111 0.011719 0.030556
0 0.771615 0.084722 0.033333 0.027778
0 0.889323 0.504167 0.011458 0.025000
0 0.360026 0.582870 0.017969 0.012963
0 0.527865 0.207870 0.017708 0.013889
0 0.406380 0.219907 0.017969 0.012963
0 0.441536 0.189815 0.017969 0.012963
0 0.459505 0.222685 0.017969 0.012963
0 0.363672 0.388426 0.028385 0.019444
0 0.601693 0.451389 0.020573 0.014815
0 0.550260 0.149074 0.018229 0.025000
0 0.836589 0.310880 0.019010 0.016204
0 0.836589 0.335648 0.019010 0.020370
0 0.835547 0.617593 0.016927 0.028704
0 0.816797 0.833796 0.011719 0.030556
0 0.621484 0.594907 0.013281 0.028704
