0 0.748698 0.735417 0.013021 0.023611
0 0.871094 0.175000 0.016146 0.028704
0 0.140495 0.420139 0.039844 0.030093
0 0.853646 0.107639 0.015104 0.029167
0 0.659375 0.640972 0.015104 0.017130
0 0.251693 0.389352 0.017448 0.015741
0 0.765365 0.839352 0.010417 0.022222
0 0.712630 0.701620 0.014323 0.019907
0 0.891146 0.626389 0.017708 0.026852
0 0.941797 0.537500 0.011719 0.027778
0 0.749870 0.148843 0.020052 0.019907
0 0.834896 0.056713 0.014063 0.030093
0 0.371484 0.387731 0.017969 0.016204
0 0.647656 0.297917 0.010417 0.026389
0 0.717318 0.679861 0.015885 0.022685
0 0.921484 0.568981 0.013281 0.026852
0 0.746875 0.826389 0.010417 0.024074
0 0.701562 0.712500 0.013021 0.021296
0 0.702083 0.125231 0.013021 0.027315
0 0.958073 0.571528 0.015625 0.018981
0 0.604818 0.235648 0.015365 0.015741
0 0.782552 0.901157 0.008854 0.027315
0 0.753385 0.798380 0.013021 0.030093
0 0.992188 0.538889 0.015625 0.021296
0 0.624349 0.231019 0.015885 0.018519
0 0.353776 0.406713 0.017969 0.016204
0 0.404818 0.411343 0.017969 0.016204
0 0.513932 0.399769 0.017969 0.016204
0 0.575911 0.482176 0.017969 0.016204
0 0.504818 0.587269 0.017969 0.016204
0 0.640625 0.276157 0.010417 0.026389
0 0.587370 0.240741 0.015365 0.015741
0 0.567969 0.246296 0.013021 0.013889
0 0.506771 0.219213 0.016146 0.013426
0 0.506380 0.246759 0.020573 0.014815
0 0.541016 0.245139 0.032031 0.022685
0 0.900651 0.184259 0.016927 0.024074
0 0.977344 0.333565 0.017708 0.018981
0 0.773698 0.906250 0.008854 0.027315
0 0.783854 0.953935 0.008854 0.027315
0 0.773438 0.976620 0.008854 0.027315
0 0.842057 0.908333 0.009115 0.023148
0 0.776302 0.844907 0.010417 0.033333
0 0.733203 0.745370 0.012760 0.025000
0 0.764062 0.780093 0.016146 0.037037
