0 0.660417 0.745602 0.015104 0.025463
0 0.608203 0.239815 0.016406 0.025926
0 0.654948 0.190278 0.022396 0.032407
0 0.771094 0.934259 0.012500 0.022222
0 0.030990 0.245833 0.018750 0.012037
0 0.564844 0.361574 0.013542 0.029630
0 0.456120 0.444676 0.021094 0.014352
0 0.550391 0.255787 0.019531 0.018981
0 0.400781 0.421759 0.019271 0.012963
0 0.963672 0.218519 0.021094 0.015741
0 0.030599 0.368056 0.022135 0.018519
0 0.202734 0.397222 0.021615 0.016667
0 0.061328 0.442361 0.020573 0.018981
0 0.579688 0.305093 0.011458 0.027778
0 0.786849 0.178472 0.019531 0.018981
0 0.824349 0.193056 0.014323 0.017593
0 0.869792 0.206481 0.018229 0.019444
0 0.752604 0.036111 0.013021 0.028704
0 0.761979 0.083333 0.013021 0.028704
0 0.773177 0.111111 0.013021 0.028704
0 0.923177 0.620139 0.015104 0.025463
0 0.573438 0.560648 0.014063 0.028704
0 0.582812 0.593981 0.014063 0.028704
