0 0.632422 0.658565 0.017448 0.026389
0 0.687891 0.672454 0.017448 0.020833
0 0.605990 0.610417 0.016146 0.028241
0 0.188411 0.579630 0.016927 0.016667
0 0.627474 0.434028 0.020052 0.013426
0 0.370573 0.406713 0.018229 0.017130
0 0.689844 0.108102 0.016146 0.023611
0 0.991146 0.264815 0.017708 0.019444
0 0.602344 0.570139 0.013021 0.024537
0 0.695573 0.775926 0.012500 0.025926
0 0.703255 0.750000 0.012760 0.025000
0 0.730729 0.856713 0.010937 0.029167
0 0.792318 0.096528 0.018490 0.022685
0 0.709766 0.808796 0.012240 0.026852
0 0.619271 0.127083 0.013021 0.027315
0 0.892448 0.444907 0.012500 0.016667
0 0.754427 0.697917 0.018229 0.016204
0 0.119661 0.222685 0.016927 0.016667
0 0.569010 0.258102 0.013021 0.027315
0 0.582031 0.282176 0.013542 0.030093
0 0.843359 0.120139 0.018490 0.022685
0 0.791797 0.044213 0.015885 0.037500
0 0.766797 0.036806 0.015885 0.037500
0 0.875651 0.234259 0.015885 0.035185
0 0.738672 0.351852 0.021094 0.016667
0 0.756901 0.433102 0.018490 0.020833
0 0.888151 0.499537 0.013802 0.029630
0 0.570833 0.527546 0.013021 0.024537
0 0.714453 0.787500 0.012240 0.026852
0 0.718750 0.861806 0.010937 0.029167
0 0.736198 0.919676 0.010937 0.029167
0 0.737240 0.975231 0.010937 0.029167
