0 0.610547 0.197222 0.014844 0.023148
0 0.799219 0.111806 0.040104 0.032870
0 0.686068 0.654167 0.015885 0.022222
0 0.413021 0.571991 0.018750 0.018056
0 0.742318 0.791204 0.010156 0.023148
0 0.663672 0.625231 0.013802 0.018056
0 0.732292 0.090972 0.014063 0.016204
0 0.564193 0.585880 0.013802 0.014352
0 0.710026 0.769907 0.012760 0.028704
0 0.706771 0.720833 0.014583 0.022222
0 0.674089 0.693519 0.015885 0.027778
0 0.135547 0.442130 0.016406 0.011111
0 0.643620 0.622454 0.013802 0.024537
0 0.678646 0.673843 0.016667 0.020833
0 0.629948 0.364815 0.014583 0.016667
0 0.835807 0.752546 0.016927 0.032870
0 0.406901 0.209954 0.017969 0.013426
0 0.473438 0.384259 0.016667 0.012037
0 0.722917 0.765046 0.010417 0.026389
0 0.761068 0.099769 0.017448 0.016204
0 0.724219 0.825231 0.009375 0.028241
0 0.742318 0.865046 0.008073 0.026389
0 0.754427 0.928241 0.009896 0.039815
0 0.667318 0.377315 0.015365 0.012963
0 0.709245 0.430556 0.014323 0.011111
0 0.892448 0.227778 0.011458 0.023148
0 0.081771 0.372917 0.018750 0.014352
0 0.119141 0.375231 0.016927 0.011574
0 0.023568 0.236111 0.013802 0.012963
0 0.311849 0.234028 0.014323 0.013426
0 0.467318 0.203241 0.017448 0.012963
0 0.604297 0.272917 0.008073 0.025463
0 0.651823 0.158333 0.020313 0.026852
0 0.858464 0.650000 0.010677 0.022222
0 0.821745 0.831713 0.014323 0.032870
0 0.746745 0.983102 0.007031 0.022685
