0 0.629557 0.139352 0.014844 0.022222
0 0.843359 0.689815 0.010677 0.024074
0 0.227083 0.431019 0.021875 0.011111
0 0.613151 0.564120 0.013281 0.021759
0 0.873698 0.587037 0.012500 0.023148
0 0.747786 0.810417 0.008073 0.020833
0 0.715104 0.093750 0.017708 0.016204
0 0.665495 0.622222 0.014844 0.018519
0 0.889062 0.548611 0.015625 0.023148
0 0.402214 0.571991 0.018490 0.018981
0 0.719141 0.707870 0.026302 0.062037
0 0.015234 0.559028 0.015885 0.018056
0 0.683984 0.686111 0.016406 0.023148
0 0.794661 0.104861 0.010677 0.018981
0 0.642969 0.621991 0.012500 0.018981
0 0.743620 0.896528 0.010677 0.023611
0 0.595833 0.250231 0.011979 0.023611
0 0.636458 0.183333 0.016146 0.022222
0 0.186458 0.441898 0.018229 0.013426
0 0.754427 0.862269 0.009375 0.019907
0 0.846094 0.310417 0.014063 0.017130
0 0.370182 0.399306 0.016406 0.019907
0 0.625391 0.381019 0.016406 0.015741
0 0.774609 0.049537 0.014323 0.022222
0 0.964714 0.479861 0.017448 0.015278
0 0.854557 0.133796 0.032031 0.047222
0 0.340885 0.460880 0.018229 0.016204
0 0.710026 0.735880 0.011198 0.024537
0 0.732422 0.811806 0.008594 0.019907
0 0.471615 0.378009 0.020833 0.015278
0 0.325521 0.395139 0.013542 0.018056
0 0.856771 0.742361 0.011979 0.021759
0 0.754036 0.932639 0.010677 0.023611
0 0.744401 0.953472 0.010677 0.023611
0 0.754297 0.988194 0.010677 0.023611
