0 0.271354 0.264120 0.017708 0.015278
0 0.814583 0.690741 0.019271 0.026852
0 0.654557 0.184259 0.019531 0.026852
0 0.253516 0.596759 0.017448 0.016667
0 0.751302 0.165278 0.017188 0.017593
0 0.598828 0.636574 0.015365 0.026852
0 0.705339 0.879630 0.011719 0.028704
0 0.796875 0.913426 0.010417 0.026852
0 0.929297 0.352546 0.019531 0.018981
0 0.547786 0.342130 0.014323 0.037963
0 0.914193 0.376620 0.019531 0.018981
0 0.833203 0.399306 0.019531 0.018981
0 0.574870 0.568750 0.014844 0.032870
0 0.760677 0.980556 0.010417 0.026852
