0 0.578125 0.191667 0.019271 0.023148
0 0.669141 0.668981 0.013802 0.018519
0 0.750651 0.681481 0.016927 0.015741
0 0.112370 0.551157 0.016406 0.017130
0 0.558594 0.609954 0.017708 0.018981
0 0.233594 0.574769 0.017708 0.017130
0 0.608594 0.201620 0.012500 0.031019
0 0.804948 0.109954 0.018229 0.018981
0 0.719271 0.767593 0.013542 0.028704
0 0.644141 0.069907 0.012760 0.025926
0 0.736719 0.955093 0.009375 0.040741
0 0.776823 0.099306 0.015625 0.016204
0 0.081120 0.350231 0.020052 0.018056
0 0.067448 0.538194 0.015625 0.014352
0 0.459245 0.191204 0.022656 0.018519
0 0.691797 0.741204 0.011198 0.021296
0 0.899870 0.137731 0.017448 0.017130
0 0.504427 0.219444 0.021875 0.016667
0 0.733073 0.822454 0.011979 0.025463
0 0.145443 0.227083 0.020052 0.018056
0 0.374349 0.387269 0.020052 0.018056
0 0.478646 0.402546 0.019792 0.018056
0 0.516146 0.175231 0.019792 0.018056
0 0.617448 0.065278 0.012500 0.025926
0 0.769792 0.356019 0.018229 0.018519
0 0.919271 0.306944 0.018229 0.018519
0 0.872396 0.619907 0.015625 0.022222
0 0.719401 0.347454 0.020573 0.019907
0 0.776563 0.044213 0.011458 0.024537
0 0.803776 0.040741 0.019010 0.044444
0 0.703125 0.764120 0.013542 0.028241
0 0.695052 0.784954 0.013542 0.028241
0 0.713672 0.798843 0.013802 0.028241
0 0.744792 0.897454 0.011458 0.030093
0 0.845313 0.719444 0.013542 0.028704
0 0.725000 0.837269 0.010417 0.027315
