0 0.986979 0.373843 0.013021 0.014352
0 0.327474 0.468519 0.011198 0.030556
0 0.669922 0.350000 0.016406 0.015741
0 0.294401 0.625000 0.013281 0.032407
0 0.448568 0.396528 0.017448 0.018056
0 0.410286 0.411111 0.014844 0.019444
0 0.815495 0.443981 0.015885 0.017593
0 0.695052 0.372454 0.018229 0.014352
0 0.409505 0.801620 0.013281 0.009722
0 0.408854 0.784491 0.014583 0.014352
0 0.356510 0.481481 0.015625 0.025926
0 0.967578 0.389120 0.020573 0.014352
0 0.119271 0.417593 0.010937 0.028704
0 0.410547 0.881944 0.016406 0.017593
0 0.385026 0.761111 0.008594 0.025926
0 0.432682 0.426389 0.015885 0.017593
0 0.430339 0.956019 0.017969 0.015741
0 0.206120 0.359954 0.008594 0.031019
0 0.354297 0.512500 0.017448 0.027778
0 0.568880 0.271991 0.010677 0.018056
0 0.134245 0.212037 0.017448 0.028704
0 0.363281 0.950926 0.007812 0.027778
0 0.385417 0.648148 0.007812 0.031481
0 0.414062 0.837269 0.015104 0.013426
0 0.363281 0.981481 0.008333 0.028704
0 0.678776 0.125231 0.013802 0.013426
0 0.433203 0.974074 0.017448 0.015741
0 0.445703 0.909259 0.016406 0.017593
0 0.729167 0.036574 0.012500 0.014815
0 0.117969 0.580556 0.009896 0.025000
0 0.353385 0.446991 0.011979 0.020833
0 0.386719 0.721759 0.008854 0.029630
0 0.612109 0.426620 0.016406 0.017130
0 0.385937 0.686574 0.008333 0.029630
0 0.589844 0.406250 0.016146 0.017130
0 0.240625 0.593981 0.017188 0.015741
0 0.707682 0.415972 0.016406 0.016204
0 0.138802 0.248843 0.017188 0.027315
0 0.411589 0.867593 0.014844 0.014815
0 0.442969 0.923843 0.018229 0.014352
0 0.632552 0.408565 0.015104 0.016204
0 0.945443 0.376389 0.023698 0.011111
0 0.682031 0.037731 0.018750 0.013426
0 0.730599 0.435417 0.030990 0.021759
0 0.379427 0.426852 0.016667 0.018519
0 0.743490 0.035648 0.012500 0.014815
0 0.852474 0.149074 0.009115 0.025000
0 0.713932 0.168981 0.009115 0.025000
0 0.726562 0.169676 0.013021 0.022685
0 0.341536 0.224537 0.015885 0.022222
0 0.294661 0.532870 0.015365 0.025000
0 0.383464 0.833796 0.008594 0.025926
0 0.385286 0.862500 0.008594 0.025926
0 0.385156 0.938426 0.007812 0.027778
0 0.412500 0.854630 0.013021 0.013889
0 0.412370 0.820139 0.012760 0.013426
0 0.263802 0.840741 0.010417 0.046296
0 0.246875 0.697222 0.007812 0.027778
0 0.216406 0.920833 0.007812 0.027778
0 0.174740 0.911111 0.007812 0.027778
0 0.184635 0.812037 0.007812 0.027778
0 0.017188 0.684259 0.017188 0.015741
0 0.168359 0.541667 0.013281 0.019444
0 0.159115 0.625000 0.010417 0.033333
0 0.020964 0.651389 0.012760 0.015741
0 0.019922 0.666667 0.012760 0.015741
0 0.243099 0.440509 0.008594 0.031019
0 0.087760 0.475231 0.015104 0.023611
0 0.051042 0.303935 0.019271 0.019907
0 0.250391 0.059491 0.008594 0.031019
0 0.934766 0.138426 0.009115 0.025000
0 0.946094 0.143287 0.009375 0.029167
