0 0.665625 0.692130 0.019271 0.031481
0 0.017839 0.385880 0.021094 0.018981
0 0.552865 0.468519 0.032292 0.019444
0 0.870443 0.276852 0.011719 0.026852
0 0.505469 0.589815 0.018750 0.015741
0 0.353125 0.209722 0.019271 0.012963
0 0.135807 0.200231 0.019531 0.012500
0 0.429297 0.235880 0.016406 0.014352
0 0.554036 0.178704 0.017969 0.016667
0 0.854297 0.166898 0.014323 0.015278
0 0.228255 0.204630 0.017969 0.012037
0 0.693620 0.135185 0.030990 0.030556
0 0.564844 0.616204 0.015104 0.017593
0 0.620833 0.208333 0.014583 0.025926
0 0.710547 0.833796 0.008073 0.029630
0 0.654427 0.725000 0.014063 0.023148
0 0.423568 0.405324 0.018490 0.015278
0 0.023307 0.306713 0.021094 0.018981
0 0.361198 0.396296 0.019792 0.017593
0 0.179297 0.200463 0.019531 0.014815
0 0.158464 0.363426 0.019531 0.014815
0 0.477995 0.204167 0.019531 0.014815
0 0.466667 0.388889 0.019271 0.012963
0 0.593880 0.556019 0.012760 0.027778
0 0.647396 0.395370 0.019271 0.012963
0 0.701042 0.390278 0.019271 0.012963
0 0.505078 0.411111 0.020573 0.015741
0 0.598698 0.141667 0.016667 0.027778
0 0.790234 0.137731 0.013281 0.020833
0 0.919531 0.338426 0.018750 0.018519
0 0.702474 0.778935 0.010677 0.028241
0 0.718099 0.911111 0.008073 0.025926
