0 0.645964 0.665046 0.014844 0.023611
0 0.614323 0.604167 0.013021 0.025926
0 0.557292 0.224537 0.016146 0.017593
0 0.012109 0.209259 0.014323 0.016667
0 0.243359 0.553704 0.017969 0.016667
0 0.795964 0.657870 0.016406 0.023148
0 0.834375 0.157407 0.035417 0.030556
0 0.393099 0.203241 0.017448 0.015741
0 0.594010 0.260417 0.015625 0.027315
0 0.606120 0.122222 0.013281 0.025000
0 0.770703 0.372917 0.019010 0.013426
0 0.430859 0.384722 0.020052 0.016667
0 0.712760 0.836343 0.011979 0.031019
0 0.329036 0.205787 0.020052 0.014352
0 0.691406 0.135185 0.016146 0.017593
0 0.618099 0.154861 0.014844 0.026389
0 0.198047 0.206250 0.017448 0.015278
0 0.926953 0.336343 0.024219 0.020833
0 0.223438 0.440972 0.033333 0.023611
0 0.322135 0.563194 0.015625 0.015278
0 0.255469 0.386343 0.015625 0.015278
0 0.301823 0.392361 0.015625 0.015278
0 0.344010 0.399769 0.015625 0.015278
0 0.438281 0.210417 0.015625 0.015278
0 0.546875 0.177778 0.015104 0.018519
0 0.524479 0.595139 0.015625 0.015278
0 0.770312 0.134259 0.016146 0.017593
0 0.600911 0.395602 0.019010 0.013426
0 0.841797 0.360417 0.019010 0.013426
0 0.853255 0.336806 0.019010 0.013426
0 0.856901 0.596759 0.014844 0.028704
0 0.811849 0.760185 0.014844 0.028704
0 0.688021 0.739352 0.014063 0.027778
0 0.719401 0.941898 0.009115 0.025463
0 0.708724 0.956019 0.009635 0.028704
