0 0.687370 0.721991 0.013281 0.025463
0 0.611719 0.172685 0.015104 0.032407
0 0.613932 0.631944 0.016406 0.025926
0 0.644661 0.654398 0.016406 0.022685
0 0.665755 0.714583 0.012760 0.022685
0 0.887370 0.672917 0.014844 0.024537
0 0.690755 0.773380 0.011719 0.022685
0 0.579167 0.553009 0.013021 0.028241
0 0.459375 0.447454 0.019271 0.016204
0 0.942057 0.576620 0.014323 0.019907
0 0.991406 0.526620 0.009375 0.019907
0 0.565625 0.277546 0.010937 0.029167
0 0.639583 0.070139 0.016146 0.034722
0 0.506510 0.212963 0.021875 0.017593
0 0.527083 0.208565 0.020833 0.019907
0 0.780599 0.105787 0.021615 0.025463
0 0.591276 0.240509 0.016406 0.031944
0 0.737891 0.097222 0.017448 0.015741
0 0.598568 0.563889 0.013281 0.026852
0 0.913672 0.624769 0.016406 0.025463
0 0.555078 0.201620 0.023177 0.022685
0 0.718229 0.803241 0.010937 0.026852
0 0.728776 0.885185 0.009635 0.030556
0 0.721484 0.925926 0.010677 0.032407
0 0.300260 0.374306 0.019271 0.016204
0 0.424219 0.470139 0.019271 0.016204
0 0.357031 0.220139 0.017188 0.018056
0 0.575000 0.307639 0.010937 0.029167
