0 0.688672 0.696759 0.013802 0.027778
0 0.706771 0.109954 0.015104 0.019907
0 0.650260 0.152546 0.013021 0.023611
0 0.817448 0.125231 0.018750 0.025463
0 0.844661 0.151157 0.017448 0.024537
0 0.710286 0.709028 0.014323 0.025463
0 0.098958 0.354630 0.018750 0.016667
0 0.261458 0.561574 0.017188 0.019444
0 0.946094 0.481944 0.016146 0.022222
0 0.725260 0.748611 0.010937 0.024074
0 0.016146 0.238889 0.017708 0.022222
0 0.512891 0.218287 0.021094 0.020833
0 0.778776 0.084259 0.019010 0.025000
0 0.720052 0.650000 0.020313 0.026852
0 0.586458 0.274769 0.014583 0.027315
0 0.745833 0.845833 0.009375 0.021296
0 0.743359 0.764583 0.012240 0.026389
0 0.569271 0.207176 0.020313 0.021759
0 0.278385 0.378935 0.020833 0.018056
0 0.787240 0.641435 0.020833 0.017130
0 0.422526 0.569444 0.013802 0.016667
0 0.753385 0.816898 0.011458 0.030093
0 0.237630 0.574074 0.018490 0.018519
0 0.149479 0.360648 0.019271 0.017593
0 0.358333 0.400000 0.018750 0.019444
0 0.151823 0.241435 0.023438 0.019907
0 0.412760 0.225000 0.014063 0.015741
0 0.466016 0.226157 0.016927 0.023611
0 0.489714 0.388889 0.017969 0.018519
0 0.608464 0.522222 0.013281 0.027778
0 0.631380 0.552315 0.012760 0.026852
0 0.802474 0.051852 0.019010 0.036111
0 0.597526 0.310185 0.015365 0.034259
0 0.988411 0.495602 0.016406 0.023611
0 0.947005 0.539583 0.020052 0.023611
0 0.730990 0.725231 0.014063 0.029167
0 0.738151 0.797685 0.011719 0.026852
0 0.761068 0.896759 0.010156 0.027778
0 0.751042 0.933102 0.010937 0.029167
0 0.761328 0.964352 0.008073 0.029630
0 0.749609 0.974537 0.009635 0.025926
