0 0.093490 0.270370 0.017708 0.016667
0 0.668750 0.610648 0.016667 0.019444
0 0.412109 0.505324 0.019531 0.012500
0 0.678125 0.660185 0.013021 0.029630
0 0.269922 0.295602 0.017969 0.016204
0 0.709375 0.767130 0.011979 0.027778
0 0.812370 0.578009 0.019010 0.022685
0 0.714193 0.851620 0.011198 0.025463
0 0.584896 0.470139 0.010937 0.026389
0 0.833073 0.284722 0.025000 0.021296
0 0.671484 0.086343 0.019010 0.022685
0 0.776953 0.079398 0.019010 0.022685
0 0.941276 0.128472 0.020052 0.014352
0 0.877344 0.465972 0.010937 0.026389
0 0.701042 0.728009 0.010937 0.026389
0 0.713281 0.805556 0.009896 0.025000
0 0.714583 0.917130 0.010417 0.029630
0 0.703125 0.879167 0.010417 0.029630
0 0.700781 0.977778 0.010417 0.029630
0 0.682292 0.708796 0.013021 0.029630
