0 0.575911 0.589120 0.014323 0.018981
0 0.099089 0.571065 0.017448 0.014352
0 0.369922 0.387731 0.016927 0.015278
0 0.854167 0.175926 0.016667 0.023148
0 0.757682 0.909259 0.008594 0.027778
0 0.946354 0.485417 0.017708 0.020833
0 0.036589 0.569676 0.016406 0.013426
0 0.726042 0.105093 0.016667 0.018519
0 0.280208 0.571296 0.019792 0.018519
0 0.602083 0.227083 0.010417 0.025463
0 0.929297 0.497917 0.014844 0.020833
0 0.796354 0.640972 0.041146 0.038426
0 0.634635 0.600000 0.015104 0.022222
0 0.742578 0.843519 0.010677 0.026852
0 0.742448 0.773148 0.011979 0.027778
0 0.820312 0.093981 0.016667 0.026852
0 0.645182 0.647222 0.014323 0.023148
0 0.976693 0.333333 0.020573 0.018519
0 0.086979 0.379398 0.016667 0.018981
0 0.727344 0.727546 0.011458 0.022685
0 0.772005 0.041204 0.012760 0.030556
0 0.830339 0.390972 0.022656 0.021759
0 0.597526 0.299074 0.015365 0.036111
0 0.346354 0.234722 0.018750 0.014815
0 0.501042 0.379861 0.015625 0.016204
0 0.789323 0.033796 0.014063 0.027778
0 0.989844 0.491898 0.017708 0.020833
0 0.912630 0.442593 0.011198 0.030556
0 0.906771 0.617361 0.029167 0.056944
0 0.869401 0.602083 0.012240 0.026389
0 0.839453 0.599769 0.016406 0.025463
0 0.640885 0.578241 0.015625 0.025926
0 0.714063 0.729861 0.011458 0.022685
0 0.725000 0.762269 0.008854 0.018056
0 0.750911 0.828704 0.011198 0.027778
0 0.746745 0.913657 0.008073 0.029167
0 0.757422 0.972917 0.008073 0.029167
0 0.748177 0.972685 0.008333 0.025926
