0 0.568490 0.192593 0.014583 0.016667
0 0.650521 0.667593 0.016146 0.017593
0 0.689974 0.746296 0.010677 0.018519
0 0.644141 0.143519 0.016406 0.023148
0 0.766797 0.673843 0.017969 0.014352
0 0.889323 0.468981 0.009896 0.023148
0 0.703776 0.680556 0.016927 0.013889
0 0.594401 0.234954 0.010677 0.028241
0 0.812891 0.124306 0.012760 0.020833
0 0.534115 0.206019 0.016146 0.019444
0 0.025000 0.201620 0.019271 0.013426
0 0.042448 0.357407 0.018750 0.014815
0 0.876823 0.543519 0.014583 0.020370
0 0.923047 0.604861 0.019531 0.026389
0 0.863021 0.124769 0.021354 0.018981
0 0.211068 0.217593 0.020052 0.016667
0 0.752344 0.088657 0.018229 0.014352
0 0.101042 0.351389 0.018750 0.014815
0 0.141276 0.215741 0.019010 0.014815
0 0.346094 0.195602 0.019792 0.016204
0 0.368750 0.220602 0.016146 0.013426
0 0.407292 0.196528 0.016146 0.013426
0 0.566797 0.394676 0.016406 0.013426
0 0.917969 0.138194 0.018229 0.014352
0 0.923698 0.312269 0.019271 0.018056
0 0.807292 0.329630 0.019271 0.017593
0 0.822396 0.094444 0.015625 0.026852
0 0.787891 0.028009 0.016406 0.033796
0 0.759375 0.014120 0.013021 0.027315
