0 0.911068 0.514352 0.016927 0.021296
0 0.630599 0.593519 0.020052 0.031481
0 0.865885 0.553935 0.011979 0.020833
0 0.985286 0.125694 0.017969 0.016204
0 0.565104 0.583796 0.013021 0.016667
0 0.473828 0.566667 0.016927 0.015741
0 0.651302 0.655787 0.013021 0.018981
0 0.618490 0.173148 0.015104 0.022222
0 0.223047 0.574074 0.020052 0.021296
0 0.782943 0.103009 0.014844 0.018056
0 0.642969 0.126157 0.015104 0.024537
0 0.296745 0.570139 0.016927 0.018981
0 0.648958 0.027778 0.013021 0.022222
0 0.800911 0.633796 0.014323 0.016667
0 0.076693 0.236806 0.023177 0.015278
0 0.747396 0.805093 0.011458 0.032407
0 0.694010 0.348843 0.023958 0.014352
0 0.726432 0.730556 0.019010 0.023148
0 0.723958 0.102083 0.015625 0.019907
0 0.748698 0.094213 0.018750 0.019907
0 0.736068 0.922222 0.017969 0.047222
0 0.530990 0.213657 0.021875 0.020833
0 0.684635 0.703241 0.011979 0.022222
0 0.779948 0.011806 0.015104 0.022685
0 0.682161 0.415278 0.020573 0.012963
0 0.800521 0.044907 0.013021 0.022222
0 0.506120 0.218287 0.019531 0.019907
0 0.570312 0.201157 0.021875 0.020833
0 0.589583 0.499769 0.012500 0.025463
0 0.606641 0.498380 0.010156 0.026389
0 0.674740 0.632407 0.039583 0.052778
0 0.696615 0.699074 0.012500 0.022222
0 0.726172 0.767593 0.010156 0.027778
0 0.737500 0.827778 0.011458 0.032407
0 0.740365 0.867130 0.011458 0.032407
0 0.752865 0.877315 0.011458 0.032407
0 0.755469 0.969444 0.011458 0.032407
0 0.828906 0.758102 0.013021 0.026389
0 0.878646 0.586574 0.010417 0.025926
0 0.862500 0.381481 0.018229 0.013889
0 0.860938 0.194907 0.012500 0.022222
0 0.885156 0.215741 0.014583 0.023148
0 0.948568 0.283102 0.017969 0.015278
