0 0.657031 0.754398 0.012500 0.029167
0 0.589583 0.651157 0.013542 0.025463
0 0.698438 0.690509 0.015625 0.014352
0 0.657813 0.145370 0.016146 0.016667
0 0.715234 0.140741 0.016406 0.017593
0 0.805208 0.169907 0.016667 0.015741
0 0.186458 0.241204 0.020833 0.018519
0 0.673047 0.747917 0.010677 0.021759
0 0.592839 0.196065 0.015885 0.016204
0 0.372656 0.232176 0.016146 0.015278
0 0.569922 0.396991 0.015885 0.014352
0 0.728516 0.090046 0.011198 0.026389
0 0.374219 0.596528 0.016146 0.015278
0 0.429948 0.231481 0.012500 0.013889
0 0.507292 0.248148 0.012500 0.013889
0 0.532682 0.241667 0.012760 0.013889
0 0.547526 0.279398 0.011198 0.022685
0 0.613932 0.407639 0.015885 0.014352
0 0.492057 0.424769 0.015885 0.014352
0 0.359245 0.255556 0.030469 0.023148
0 0.596224 0.625463 0.011719 0.023148
0 0.743099 0.073380 0.011198 0.026389
0 0.712500 0.037731 0.010417 0.022685
0 0.770312 0.141898 0.012500 0.016204
0 0.821745 0.248380 0.014323 0.030093
0 0.847917 0.177315 0.014063 0.016667
0 0.641667 0.753935 0.010937 0.024537
0 0.686979 0.794676 0.010937 0.024537
0 0.681510 0.825231 0.010937 0.024537
0 0.698047 0.851157 0.008073 0.022685
0 0.702734 0.888657 0.008073 0.022685
0 0.694141 0.928009 0.008073 0.022685
0 0.789453 0.779861 0.008073 0.022685
