0 0.865625 0.639120 0.009896 0.023611
0 0.676042 0.653935 0.014583 0.018056
0 0.803255 0.132407 0.015365 0.016667
0 0.770964 0.118056 0.013281 0.015741
0 0.128385 0.537731 0.011979 0.013426
0 0.729818 0.114815 0.017969 0.013889
0 0.691667 0.714120 0.013542 0.018981
0 0.484115 0.578704 0.013021 0.012963
0 0.727083 0.809722 0.009375 0.022222
0 0.621484 0.182407 0.014323 0.023148
0 0.665625 0.076620 0.013021 0.025463
0 0.729688 0.773148 0.008854 0.022222
0 0.092708 0.523148 0.013021 0.015741
0 0.476432 0.238426 0.013281 0.012963
0 0.309245 0.237500 0.015885 0.010185
0 0.795573 0.058333 0.009375 0.025926
0 0.067969 0.530556 0.015104 0.016667
0 0.307292 0.215972 0.017708 0.014352
0 0.770443 0.053472 0.011198 0.029167
0 0.166146 0.221296 0.019792 0.016667
0 0.713281 0.761574 0.011458 0.022222
0 0.644531 0.128704 0.012500 0.026852
0 0.607943 0.121296 0.013802 0.023148
0 0.579818 0.218056 0.016406 0.016667
0 0.637240 0.207176 0.011979 0.020833
0 0.052344 0.227778 0.016146 0.012963
0 0.376042 0.214583 0.014063 0.011574
0 0.450260 0.239120 0.017188 0.009722
0 0.748698 0.883565 0.010417 0.026389
0 0.661198 0.664815 0.011979 0.016667
0 0.742188 0.823843 0.009375 0.026389
0 0.503255 0.237500 0.014844 0.013889
0 0.558464 0.230093 0.012240 0.012037
0 0.245573 0.375926 0.014583 0.012963
0 0.401562 0.238194 0.019792 0.010648
0 0.588672 0.603935 0.013802 0.015278
0 0.024740 0.348148 0.016146 0.012963
0 0.371875 0.236343 0.014063 0.011574
0 0.435937 0.209028 0.016146 0.011574
0 0.612240 0.378704 0.013021 0.012963
0 0.601823 0.298843 0.008333 0.026389
0 0.773438 0.369444 0.015104 0.013889
0 0.796094 0.342130 0.014063 0.015741
0 0.707812 0.709491 0.013542 0.018981
0 0.736198 0.885880 0.010417 0.026389
0 0.804948 0.884954 0.010417 0.026389
0 0.738021 0.954398 0.010417 0.026389
0 0.748177 0.986806 0.010417 0.026389
0 0.828646 0.752083 0.009896 0.023611
0 0.897266 0.568519 0.015365 0.021296
0 0.895573 0.384259 0.014063 0.015741
0 0.907552 0.332870 0.014063 0.015741
0 0.835807 0.168056 0.015365 0.016667
0 0.763411 0.021528 0.011198 0.029167
0 0.538932 0.229167 0.012240 0.012037
0 0.496224 0.203241 0.012240 0.012037
