0 0.208464 0.578472 0.037760 0.016204
0 0.924479 0.509954 0.013021 0.015278
0 0.688672 0.643056 0.011719 0.015741
0 0.471745 0.564815 0.020052 0.016667
0 0.584505 0.594213 0.014323 0.015278
0 0.844271 0.126852 0.015104 0.016667
0 0.691276 0.123611 0.014323 0.016667
0 0.727865 0.722917 0.009375 0.019907
0 0.298828 0.575463 0.012240 0.011111
0 0.673177 0.657870 0.012500 0.019444
0 0.820052 0.630093 0.011458 0.017593
0 0.560937 0.393981 0.010937 0.012963
0 0.619271 0.603704 0.011979 0.016667
0 0.746615 0.658333 0.013021 0.012963
0 0.710026 0.719213 0.012760 0.019907
0 0.535807 0.459259 0.012760 0.013889
0 0.815234 0.070833 0.013281 0.021296
0 0.894010 0.548611 0.011979 0.024074
0 0.724089 0.754167 0.011198 0.022222
0 0.376693 0.386111 0.010677 0.009259
0 0.753255 0.825926 0.009635 0.018519
0 0.747917 0.795370 0.009896 0.022222
0 0.820312 0.974074 0.008854 0.026852
0 0.536328 0.186806 0.018490 0.017130
0 0.775391 0.036343 0.009115 0.021759
0 0.721745 0.105093 0.012240 0.015741
0 0.499349 0.193981 0.010677 0.009259
0 0.578516 0.208333 0.012760 0.013889
0 0.597526 0.246759 0.007552 0.021296
0 0.598828 0.315741 0.007552 0.021296
0 0.765495 0.006944 0.011719 0.012963
0 0.869661 0.196065 0.011719 0.021759
0 0.658854 0.359722 0.010937 0.012963
0 0.643880 0.439815 0.012240 0.015741
0 0.742839 0.425463 0.012240 0.015741
0 0.917969 0.366898 0.012500 0.013426
0 0.860807 0.673148 0.008594 0.017593
0 0.738021 0.755787 0.009375 0.019907
0 0.738542 0.805787 0.011458 0.021759
0 0.742708 0.834028 0.009375 0.019907
0 0.757031 0.863194 0.009375 0.019907
0 0.748437 0.901157 0.009375 0.019907
0 0.758854 0.916898 0.009375 0.019907
0 0.750391 0.958796 0.008594 0.023148
0 0.759245 0.964352 0.008594 0.023148
