0 0.431250 0.589120 0.015625 0.015278
0 0.673958 0.768519 0.011458 0.027778
0 0.628125 0.673843 0.012500 0.018981
0 0.705859 0.146528 0.014844 0.015278
0 0.865885 0.574769 0.015625 0.018981
0 0.629036 0.711806 0.014323 0.018981
0 0.686458 0.884954 0.008333 0.024537
0 0.629036 0.170602 0.013802 0.020833
0 0.575521 0.622454 0.013542 0.026389
0 0.639323 0.756481 0.013542 0.025926
0 0.669141 0.796991 0.011198 0.025463
0 0.719661 0.060417 0.010156 0.022685
0 0.689844 0.828472 0.009375 0.022685
0 0.739323 0.067130 0.013542 0.027778
0 0.838281 0.246296 0.011979 0.024074
0 0.740625 0.158565 0.015625 0.018981
0 0.610026 0.121065 0.012240 0.024537
0 0.753906 0.098148 0.011979 0.021296
0 0.141146 0.375231 0.017708 0.017130
0 0.842839 0.517593 0.010156 0.022222
0 0.077865 0.437500 0.015625 0.016667
0 0.724740 0.016435 0.009896 0.028241
0 0.825130 0.265741 0.013281 0.031481
0 0.739844 0.686111 0.015625 0.018519
0 0.791667 0.834954 0.010937 0.027315
0 0.700521 0.898843 0.008333 0.024537
0 0.690365 0.947917 0.008333 0.024537
0 0.701823 0.959491 0.008333 0.024537
0 0.564714 0.555093 0.012240 0.025000
0 0.569141 0.658796 0.015365 0.021296
0 0.370964 0.418519 0.017969 0.017593
0 0.507422 0.399537 0.014323 0.015741
0 0.341797 0.249074 0.014323 0.015741
0 0.410807 0.251389 0.014323 0.015741
0 0.446354 0.252546 0.015104 0.016204
0 0.470052 0.253935 0.015104 0.016204
0 0.492057 0.247917 0.015365 0.014352
0 0.518229 0.244907 0.014583 0.015741
0 0.534115 0.238889 0.014583 0.015741
0 0.544661 0.288657 0.009635 0.021759
0 0.564453 0.275231 0.009635 0.021759
0 0.616927 0.389815 0.017188 0.014815
