0 0.873828 0.564352 0.014323 0.018519
0 0.768359 0.161806 0.014844 0.018056
0 0.813932 0.762963 0.011719 0.026852
0 0.558073 0.621296 0.012500 0.016667
0 0.676432 0.817130 0.008594 0.024074
0 0.821224 0.168056 0.017448 0.016667
0 0.838021 0.553472 0.011458 0.031019
0 0.655469 0.720139 0.013021 0.022685
0 0.685547 0.867361 0.010677 0.024537
0 0.258724 0.225231 0.015365 0.017130
0 0.588542 0.195833 0.014063 0.030556
0 0.167578 0.224306 0.025781 0.021759
0 0.663802 0.777315 0.010417 0.024074
0 0.684375 0.795139 0.010937 0.021759
0 0.211328 0.580093 0.043490 0.023148
0 0.892318 0.400926 0.017448 0.015741
0 0.541927 0.314352 0.009896 0.028704
0 0.819661 0.654861 0.011719 0.027315
0 0.700911 0.913657 0.007031 0.021759
0 0.635026 0.712731 0.029948 0.054167
0 0.622135 0.657639 0.011979 0.018056
0 0.947396 0.175694 0.018750 0.014352
0 0.050391 0.351852 0.014323 0.015741
0 0.714583 0.026852 0.009896 0.021296
0 0.255859 0.243287 0.015365 0.017130
0 0.385937 0.587037 0.014583 0.015741
0 0.390625 0.250000 0.014583 0.015741
0 0.396354 0.224537 0.014583 0.015741
0 0.428516 0.249306 0.013281 0.018056
0 0.450000 0.219676 0.016667 0.015278
0 0.495573 0.203472 0.014583 0.014352
0 0.507552 0.238657 0.014583 0.014352
0 0.529948 0.177083 0.013542 0.018056
0 0.468099 0.250231 0.024740 0.018056
0 0.629948 0.168750 0.014583 0.023611
0 0.596615 0.098611 0.012500 0.023148
0 0.623958 0.030556 0.010937 0.026852
0 0.673307 0.149074 0.013281 0.017593
0 0.736719 0.048148 0.009896 0.021296
0 0.722266 0.056944 0.011719 0.025000
0 0.730339 0.088426 0.011719 0.025000
0 0.754818 0.093056 0.011719 0.025000
0 0.687500 0.371528 0.017708 0.018981
0 0.726562 0.384259 0.017708 0.018519
0 0.799479 0.737269 0.015104 0.030093
0 0.695573 0.855093 0.009375 0.025000
0 0.691927 0.931944 0.009375 0.025000
0 0.703646 0.969444 0.009375 0.025000
