0 0.609115 0.650463 0.017708 0.025000
0 0.593490 0.274306 0.015104 0.028241
0 0.019792 0.428009 0.021875 0.017130
0 0.238021 0.405556 0.019271 0.013889
0 0.624870 0.223380 0.035677 0.050463
0 0.548047 0.250694 0.012760 0.017130
0 0.746094 0.393519 0.019271 0.012037
0 0.714193 0.940509 0.007552 0.017130
0 0.696745 0.821296 0.010677 0.024074
0 0.662500 0.781019 0.014583 0.023148
0 0.654948 0.724769 0.014063 0.024537
0 0.846224 0.276852 0.013802 0.028704
0 0.802344 0.207870 0.015104 0.020370
0 0.553516 0.331481 0.012760 0.027778
0 0.570443 0.356019 0.012240 0.029630
0 0.496615 0.428472 0.015625 0.016204
0 0.579297 0.568519 0.013281 0.026852
