0 0.807031 0.632639 0.016146 0.018981
0 0.627604 0.606019 0.015625 0.021296
0 0.715495 0.737731 0.012240 0.026389
0 0.913672 0.529398 0.015365 0.023611
0 0.245703 0.572222 0.019531 0.016667
0 0.537500 0.578935 0.017188 0.016204
0 0.951302 0.482870 0.017708 0.020370
0 0.719141 0.796065 0.010677 0.026389
0 0.969141 0.137731 0.017448 0.013426
0 0.730339 0.735648 0.012760 0.027778
0 0.180208 0.574537 0.020313 0.017593
0 0.750391 0.830787 0.009115 0.026389
0 0.667057 0.622917 0.013802 0.024537
0 0.931120 0.355324 0.022656 0.023611
0 0.206901 0.224306 0.020052 0.017130
0 0.081380 0.567824 0.020052 0.018981
0 0.755990 0.878935 0.008333 0.027315
0 0.650781 0.629167 0.016667 0.024074
0 0.792708 0.051389 0.012500 0.024074
0 0.738932 0.839583 0.009635 0.027315
0 0.718490 0.106713 0.014063 0.018981
0 0.686198 0.679630 0.015104 0.026852
0 0.445703 0.385185 0.015885 0.015741
0 0.351432 0.399537 0.015885 0.015741
0 0.448958 0.208102 0.017708 0.016204
0 0.836589 0.159491 0.014844 0.022685
0 0.936068 0.501620 0.015365 0.023611
0 0.877344 0.576620 0.011458 0.024537
0 0.725391 0.770139 0.010677 0.026389
0 0.741536 0.774769 0.010677 0.026389
0 0.746354 0.884028 0.008333 0.027315
0 0.746745 0.920139 0.009115 0.030093
0 0.756250 0.937731 0.007812 0.027315
0 0.747526 0.975694 0.008073 0.031019
0 0.800521 0.946991 0.009896 0.025463
0 0.738151 0.980324 0.008073 0.025463
