0 0.616146 0.614120 0.015104 0.026389
0 0.548177 0.225926 0.015625 0.012037
0 0.969141 0.393056 0.020052 0.015741
0 0.708984 0.830556 0.013281 0.028704
0 0.647786 0.675463 0.014323 0.017593
0 0.794922 0.096065 0.010677 0.024537
0 0.180208 0.528009 0.016146 0.014352
0 0.632292 0.194907 0.016667 0.025926
0 0.928906 0.192593 0.015625 0.012037
0 0.576562 0.216204 0.020313 0.018519
0 0.594010 0.268981 0.011979 0.025926
0 0.766406 0.076157 0.013542 0.032870
0 0.754297 0.029167 0.011198 0.023148
0 0.155469 0.331250 0.015625 0.014352
0 0.702344 0.856944 0.008854 0.028704
0 0.020443 0.313889 0.014323 0.012963
0 0.363151 0.373843 0.019010 0.013426
0 0.437630 0.200231 0.019010 0.013426
0 0.444141 0.393287 0.019010 0.013426
0 0.740885 0.371296 0.015625 0.012037
0 0.856250 0.344444 0.015625 0.012037
0 0.720052 0.137963 0.019271 0.016667
0 0.673958 0.033333 0.011979 0.025926
0 0.859115 0.172685 0.019271 0.016667
0 0.780469 0.069676 0.013542 0.032870
0 0.769010 0.034491 0.013542 0.032870
0 0.849740 0.595602 0.015104 0.026389
0 0.810156 0.752083 0.015104 0.026389
0 0.686719 0.790741 0.015625 0.029630
0 0.708724 0.922685 0.010677 0.033333
0 0.718099 0.951389 0.010677 0.033333
0 0.668490 0.742130 0.015625 0.029630
