0 0.702474 0.728704 0.013281 0.024074
0 0.729297 0.685185 0.016927 0.018519
0 0.627344 0.570833 0.014063 0.024074
0 0.624219 0.196296 0.010937 0.025926
0 0.414583 0.576852 0.020313 0.014815
0 0.638411 0.627315 0.015885 0.024074
0 0.352995 0.577083 0.017448 0.018981
0 0.931641 0.529398 0.016406 0.017130
0 0.286198 0.560185 0.017708 0.017593
0 0.949479 0.523843 0.015625 0.018981
0 0.594922 0.212269 0.016927 0.018981
0 0.159245 0.227778 0.020052 0.016667
0 0.848437 0.143056 0.015104 0.025000
0 0.876042 0.569444 0.013021 0.027778
0 0.326823 0.231481 0.014063 0.013889
0 0.212370 0.571296 0.020052 0.016667
0 0.376563 0.234028 0.019792 0.017130
0 0.279687 0.374306 0.017188 0.015278
0 0.733333 0.838194 0.010417 0.022685
0 0.936328 0.166204 0.017448 0.012963
0 0.722266 0.789815 0.012240 0.025926
0 0.355469 0.232870 0.019271 0.014815
0 0.807031 0.064120 0.011979 0.024537
0 0.308333 0.234259 0.015625 0.014815
0 0.982552 0.545139 0.014583 0.019907
0 0.191406 0.376157 0.019271 0.017130
0 0.550130 0.389815 0.016406 0.016667
0 0.416797 0.234722 0.016406 0.013889
0 0.447786 0.234259 0.016406 0.013889
0 0.489583 0.235185 0.019792 0.012963
0 0.520182 0.234954 0.018490 0.013426
0 0.542318 0.228704 0.017448 0.016667
0 0.394922 0.400463 0.016406 0.016667
0 0.576172 0.404167 0.016406 0.016667
0 0.562370 0.228009 0.020573 0.018056
0 0.677865 0.160185 0.014583 0.023148
0 0.819792 0.140741 0.015104 0.025000
0 0.775260 0.028009 0.010937 0.029167
0 0.783203 0.062269 0.010677 0.026389
0 0.727344 0.127083 0.021354 0.024537
0 0.598307 0.533565 0.012760 0.029167
0 0.720833 0.740972 0.023438 0.052315
0 0.732682 0.783796 0.012240 0.025926
0 0.743229 0.825926 0.009375 0.024074
0 0.739062 0.880787 0.009375 0.027315
0 0.749219 0.881713 0.008854 0.024537
0 0.750130 0.935417 0.008594 0.027315
0 0.741016 0.926620 0.008594 0.027315
0 0.741276 0.972917 0.008594 0.027315
