0 0.671224 0.693750 0.016406 0.030093
0 0.574479 0.554630 0.014063 0.024074
0 0.018620 0.344444 0.016927 0.018519
0 0.628516 0.179630 0.013802 0.019444
0 0.331510 0.477083 0.020833 0.018981
0 0.565625 0.210417 0.018229 0.018981
0 0.103516 0.365278 0.023698 0.017593
0 0.628776 0.627778 0.014323 0.023148
0 0.843359 0.712963 0.011719 0.028704
0 0.723568 0.843750 0.011198 0.031019
0 0.547005 0.215278 0.017969 0.017593
0 0.386458 0.245370 0.018229 0.011111
0 0.046484 0.240741 0.016927 0.018519
0 0.455859 0.397222 0.016927 0.018519
0 0.499089 0.237500 0.016927 0.018519
0 0.456380 0.208796 0.016927 0.018519
0 0.364974 0.222222 0.016927 0.018519
0 0.417057 0.243981 0.016927 0.018519
0 0.286979 0.393750 0.024479 0.020833
0 0.576693 0.296296 0.022656 0.065741
0 0.576693 0.249074 0.022656 0.065741
0 0.669661 0.138657 0.026823 0.025463
0 0.786328 0.356944 0.016927 0.018519
0 0.858333 0.524306 0.011979 0.031944
0 0.883854 0.467824 0.011979 0.031944
0 0.739974 0.670602 0.017969 0.018981
0 0.708333 0.774769 0.015104 0.032870
0 0.727474 0.913657 0.011198 0.031019
0 0.726172 0.967361 0.011198 0.031019
