0 0.666536 0.717130 0.019531 0.018519
0 0.446745 0.422685 0.015885 0.012037
0 0.616536 0.666435 0.012240 0.023611
0 0.758724 0.165046 0.015365 0.013426
0 0.595443 0.213194 0.014323 0.027315
0 0.567708 0.335648 0.012500 0.029630
0 0.551823 0.341204 0.008333 0.025926
0 0.947786 0.406713 0.019010 0.017130
0 0.876172 0.209259 0.016927 0.016667
0 0.805339 0.188657 0.011198 0.013426
0 0.678516 0.171065 0.011198 0.013426
0 0.392448 0.240509 0.016146 0.013426
0 0.574219 0.567593 0.011979 0.027778
0 0.677734 0.778472 0.010677 0.023611
0 0.697396 0.848380 0.010417 0.022685
0 0.708464 0.925231 0.008594 0.023611
0 0.709245 0.969907 0.007031 0.025926
0 0.164844 0.576157 0.014583 0.013426
