0 0.030990 0.412269 0.022917 0.018981
0 0.705859 0.790046 0.011719 0.027315
0 0.345703 0.576852 0.020573 0.016667
0 0.723568 0.881944 0.010677 0.029630
0 0.810547 0.063657 0.014323 0.025463
0 0.652865 0.693056 0.016146 0.023148
0 0.671224 0.683565 0.015365 0.025463
0 0.179427 0.447222 0.018229 0.016667
0 0.614583 0.154167 0.019271 0.024074
0 0.538802 0.602778 0.015625 0.017593
0 0.892839 0.514815 0.015885 0.042593
0 0.639844 0.637963 0.037500 0.061111
0 0.706641 0.844676 0.013802 0.031019
0 0.430469 0.581713 0.016667 0.015278
0 0.060026 0.198380 0.016406 0.015278
0 0.025651 0.347685 0.020573 0.018519
0 0.736849 0.903935 0.007552 0.029167
0 0.661849 0.725463 0.015365 0.026852
0 0.180339 0.365278 0.021615 0.015741
0 0.871484 0.325463 0.019531 0.019444
0 0.785937 0.098148 0.019792 0.015741
0 0.119141 0.371065 0.020052 0.015278
0 0.434245 0.192361 0.016406 0.015278
0 0.497005 0.173843 0.016406 0.015278
0 0.657422 0.038194 0.012760 0.030093
0 0.793880 0.017824 0.014323 0.025463
0 0.823828 0.140972 0.014323 0.022685
0 0.852214 0.178009 0.014323 0.022685
