0 0.776172 0.176620 0.016406 0.017130
0 0.862109 0.216435 0.019010 0.019907
0 0.012760 0.354398 0.021875 0.017130
0 0.592448 0.620833 0.015104 0.022222
0 0.908854 0.214120 0.016146 0.015278
0 0.772526 0.467130 0.019531 0.018519
0 0.660807 0.738194 0.013281 0.025463
0 0.939193 0.220833 0.020052 0.014815
0 0.679688 0.177083 0.016146 0.018981
0 0.578385 0.317593 0.010937 0.027778
0 0.702344 0.851620 0.009896 0.029167
0 0.735286 0.407407 0.019531 0.018519
0 0.842839 0.460648 0.016927 0.016667
0 0.780208 0.129167 0.013021 0.022222
