0 0.666797 0.778009 0.011198 0.024537
0 0.672005 0.750463 0.012760 0.028704
0 0.589974 0.675231 0.013802 0.019907
0 0.682813 0.841435 0.009375 0.029167
0 0.580339 0.232407 0.009635 0.015741
0 0.639323 0.685648 0.012500 0.017593
0 0.500391 0.610648 0.013802 0.016667
0 0.072396 0.394676 0.018750 0.018981
0 0.614844 0.680556 0.013542 0.021296
0 0.690495 0.135880 0.016406 0.018981
0 0.567969 0.208565 0.012500 0.024537
0 0.714453 0.430556 0.015885 0.017593
0 0.944271 0.181019 0.018750 0.015741
0 0.721224 0.066898 0.011198 0.024537
0 0.652865 0.445370 0.015104 0.014815
0 0.651823 0.151389 0.016146 0.023148
0 0.708724 0.019444 0.010677 0.027778
0 0.811328 0.228009 0.011719 0.020833
0 0.401953 0.430093 0.014844 0.014815
0 0.284245 0.407870 0.016406 0.018519
0 0.768490 0.122685 0.012500 0.022222
0 0.771875 0.170602 0.011979 0.019907
0 0.640755 0.036343 0.010677 0.024537
0 0.739714 0.077546 0.011198 0.024537
0 0.547917 0.333565 0.009375 0.026389
0 0.626563 0.471296 0.015104 0.014815
0 0.468359 0.224537 0.014844 0.014815
0 0.531120 0.239352 0.014844 0.014815
0 0.481901 0.249769 0.027865 0.021759
0 0.557161 0.535648 0.010677 0.021296
0 0.580599 0.595602 0.013281 0.023611
0 0.582161 0.634028 0.013281 0.023611
0 0.695052 0.910417 0.009375 0.029167
0 0.705990 0.965972 0.009375 0.029167
0 0.821224 0.641204 0.012760 0.028704
