0 0.647526 0.667824 0.015885 0.025463
0 0.609245 0.170370 0.013802 0.022222
0 0.698698 0.755324 0.015104 0.025463
0 0.725391 0.837269 0.011719 0.030093
0 0.789714 0.037269 0.015365 0.028241
0 0.011849 0.368519 0.019010 0.016667
0 0.024219 0.347917 0.022396 0.019907
0 0.577214 0.192593 0.015885 0.018519
0 0.735026 0.936806 0.010156 0.028241
0 0.624870 0.604630 0.014323 0.023148
0 0.230990 0.383565 0.018750 0.016204
0 0.737370 0.091204 0.019010 0.018519
0 0.626172 0.451620 0.020052 0.018056
0 0.188542 0.460648 0.021875 0.013889
0 0.740495 0.682639 0.017448 0.014352
0 0.799870 0.106944 0.020052 0.022222
0 0.420573 0.201852 0.016146 0.015741
0 0.546745 0.399306 0.020052 0.018056
0 0.775651 0.089120 0.015365 0.017130
0 0.768099 0.035880 0.013802 0.025463
0 0.956120 0.339583 0.020052 0.018056
0 0.824870 0.814815 0.011198 0.026852
0 0.742839 0.880093 0.011719 0.030556
0 0.738021 0.985880 0.009896 0.028241
