0 0.772005 0.095139 0.014844 0.018981
0 0.636589 0.607407 0.013802 0.015741
0 0.397786 0.569213 0.015365 0.015278
0 0.920052 0.507870 0.014583 0.021296
0 0.697917 0.655787 0.016146 0.026389
0 0.710807 0.716204 0.011198 0.021296
0 0.602083 0.594213 0.014583 0.019907
0 0.728776 0.773148 0.010156 0.024074
0 0.688281 0.677546 0.013542 0.018981
0 0.819531 0.108102 0.016146 0.017130
0 0.621875 0.167824 0.011458 0.024537
0 0.138411 0.239352 0.019010 0.016667
0 0.677214 0.126157 0.022656 0.028241
0 0.181771 0.550231 0.019271 0.014352
0 0.708984 0.749769 0.011198 0.023611
0 0.754036 0.856481 0.011719 0.025000
0 0.726172 0.715509 0.010677 0.019907
0 0.892839 0.462037 0.013802 0.023148
0 0.215755 0.230787 0.017969 0.016204
0 0.586979 0.201389 0.016146 0.017593
0 0.743620 0.773843 0.010156 0.023611
0 0.008984 0.242824 0.014844 0.021759
0 0.442318 0.376389 0.016406 0.017593
0 0.744922 0.877083 0.009635 0.027315
0 0.677995 0.367824 0.018490 0.018056
0 0.416016 0.225694 0.017969 0.016204
0 0.522786 0.219676 0.017448 0.018981
0 0.551432 0.215046 0.014323 0.014352
0 0.518750 0.391667 0.020833 0.016667
0 0.620182 0.379167 0.017969 0.016667
0 0.773828 0.039583 0.014323 0.026389
0 0.792839 0.034028 0.017448 0.031944
0 0.940885 0.539815 0.014583 0.022222
0 0.905859 0.599306 0.013802 0.024537
0 0.800521 0.934722 0.010417 0.027778
0 0.821745 0.923611 0.010677 0.027778
0 0.756901 0.972222 0.009635 0.028704
0 0.747917 0.942361 0.009896 0.029167
0 0.757552 0.930324 0.009375 0.029167
0 0.746354 0.906481 0.010417 0.022222
0 0.756250 0.891435 0.010417 0.028241
0 0.742969 0.846991 0.010937 0.025463
0 0.751823 0.822454 0.011458 0.031019
0 0.738932 0.815046 0.011198 0.027315
