0 0.731250 0.649306 0.016146 0.015278
0 0.849870 0.164815 0.014844 0.023148
0 0.011719 0.329167 0.017708 0.018519
0 0.617318 0.179167 0.014844 0.022222
0 0.734115 0.772685 0.010417 0.024074
0 0.723177 0.706481 0.015104 0.027778
0 0.184766 0.550694 0.019531 0.017130
0 0.663542 0.626620 0.018750 0.019907
0 0.706120 0.699769 0.013802 0.023611
0 0.926172 0.500694 0.019531 0.020833
0 0.737240 0.745833 0.010937 0.024074
0 0.106771 0.233796 0.020833 0.015741
0 0.748568 0.785880 0.011198 0.027315
0 0.720313 0.734954 0.010937 0.021759
0 0.257943 0.375231 0.016927 0.017130
0 0.626172 0.370370 0.016927 0.015741
0 0.873047 0.206019 0.014323 0.022222
0 0.683073 0.690509 0.014063 0.025463
0 0.205599 0.373380 0.020573 0.017130
0 0.046224 0.362731 0.020573 0.015278
0 0.350521 0.568519 0.015625 0.018519
0 0.164193 0.576157 0.016927 0.019907
0 0.539193 0.212731 0.020573 0.018981
0 0.740625 0.811806 0.012500 0.022685
0 0.938151 0.551852 0.017969 0.022222
0 0.750521 0.912269 0.008854 0.029167
0 0.750391 0.101620 0.013802 0.018056
0 0.576693 0.206019 0.019010 0.021296
0 0.759766 0.866204 0.011719 0.028704
0 0.229167 0.240741 0.024479 0.018519
0 0.500651 0.221991 0.020052 0.018981
0 0.831901 0.105556 0.014844 0.018519
0 0.416667 0.381481 0.017188 0.016667
0 0.455469 0.225231 0.015625 0.017130
0 0.504948 0.393981 0.018229 0.017593
0 0.616016 0.237731 0.013281 0.031944
0 0.597526 0.315278 0.012760 0.025926
0 0.692969 0.119444 0.018229 0.021296
0 0.801823 0.053009 0.018229 0.032870
0 0.910547 0.599306 0.014323 0.027315
0 0.761198 0.947685 0.008854 0.030556
0 0.750391 0.972917 0.010677 0.025463
