0 0.865234 0.575694 0.014844 0.018981
0 0.611198 0.705324 0.015625 0.023611
0 0.594141 0.655787 0.013281 0.022685
0 0.574609 0.187037 0.014323 0.021296
0 0.670703 0.756250 0.012240 0.023611
0 0.823438 0.617824 0.010417 0.021759
0 0.605859 0.193056 0.014323 0.022222
0 0.683073 0.795370 0.008333 0.020370
0 0.724349 0.075000 0.009115 0.025926
0 0.679688 0.698380 0.014063 0.015278
0 0.758073 0.159491 0.015104 0.017130
0 0.357682 0.584722 0.016406 0.015741
0 0.646484 0.016435 0.010156 0.031019
0 0.521875 0.621759 0.018229 0.021296
0 0.755078 0.097454 0.012760 0.019907
0 0.089974 0.366667 0.016927 0.015741
0 0.729557 0.033796 0.009115 0.025926
0 0.741016 0.071759 0.011719 0.028704
0 0.743750 0.362269 0.015104 0.017130
0 0.633594 0.385417 0.015104 0.017130
0 0.694531 0.141204 0.013021 0.015741
0 0.712500 0.022685 0.016146 0.044444
0 0.785677 0.197917 0.015625 0.022685
0 0.849089 0.468750 0.009635 0.022685
0 0.596615 0.623380 0.011979 0.018981
0 0.659115 0.766204 0.013542 0.025000
0 0.678906 0.838889 0.008333 0.025000
0 0.696615 0.855556 0.008333 0.025000
0 0.687500 0.900926 0.008333 0.025000
0 0.702344 0.930093 0.008333 0.025000
0 0.690885 0.953241 0.008333 0.025000
0 0.768359 0.976389 0.010677 0.023148
0 0.500260 0.418287 0.015104 0.017130
0 0.547135 0.547454 0.010417 0.029167
0 0.269922 0.396296 0.016406 0.015741
0 0.366406 0.248148 0.014063 0.013889
0 0.419401 0.253241 0.016927 0.016667
0 0.451172 0.253704 0.016927 0.016667
0 0.474089 0.254167 0.016927 0.016667
0 0.493620 0.248380 0.012760 0.016204
0 0.517578 0.243287 0.012760 0.016204
0 0.533724 0.239120 0.012760 0.016204
0 0.538411 0.343750 0.009115 0.024537
0 0.099609 0.242593 0.016927 0.015741
