0 0.049219 0.291898 0.017708 0.017130
0 0.427995 0.361806 0.016406 0.010648
0 0.613281 0.625463 0.013542 0.024074
0 0.623437 0.171296 0.011979 0.015741
0 0.051693 0.454861 0.016406 0.017130
0 0.648438 0.678241 0.014583 0.025926
0 0.292057 0.341667 0.018490 0.013889
0 0.782161 0.121759 0.016927 0.019444
0 0.648698 0.384722 0.015104 0.012037
0 0.593750 0.571296 0.011979 0.023148
0 0.130859 0.172222 0.016406 0.014815
0 0.642448 0.364352 0.017188 0.012037
0 0.569271 0.299769 0.009375 0.025463
0 0.633333 0.683796 0.014063 0.027778
0 0.694401 0.803704 0.009115 0.025000
0 0.701042 0.864583 0.007292 0.026389
0 0.669010 0.008796 0.007812 0.016667
