0 0.635547 0.591898 0.011198 0.018056
0 0.714714 0.715741 0.013281 0.023148
0 0.252083 0.457870 0.013542 0.013889
0 0.923698 0.510880 0.013021 0.019907
0 0.969922 0.456250 0.016927 0.018981
0 0.863672 0.170139 0.012240 0.023611
0 0.949479 0.481944 0.015625 0.020370
0 0.198437 0.559491 0.015104 0.015278
0 0.727865 0.754398 0.009896 0.024537
0 0.742578 0.809028 0.007552 0.031019
0 0.830990 0.603704 0.015625 0.018519
0 0.833984 0.100926 0.016927 0.017593
0 0.111458 0.575463 0.011979 0.014815
0 0.701693 0.639120 0.015885 0.013426
0 0.895833 0.501620 0.014583 0.018981
0 0.400651 0.570602 0.015365 0.016204
0 0.799219 0.038657 0.012500 0.023611
0 0.949219 0.124769 0.016146 0.016204
0 0.662500 0.136806 0.015625 0.023611
0 0.616146 0.227083 0.011979 0.022685
0 0.177734 0.374769 0.014323 0.016204
0 0.585677 0.194444 0.015625 0.016667
0 0.376042 0.209028 0.014063 0.012500
0 0.852214 0.799074 0.022656 0.059259
0 0.783203 0.014815 0.011198 0.017593
0 0.725651 0.701157 0.011719 0.021759
0 0.501302 0.223611 0.022396 0.017593
0 0.519401 0.187500 0.017448 0.014815
0 0.740885 0.744444 0.008854 0.021296
0 0.749740 0.777083 0.006771 0.018981
0 0.754948 0.808102 0.007812 0.023611
0 0.747135 0.846759 0.007292 0.021296
0 0.752474 0.886111 0.008073 0.022222
0 0.752865 0.923611 0.006250 0.024074
0 0.762630 0.916435 0.005469 0.020833
0 0.763281 0.969907 0.007292 0.029630
0 0.754297 0.986806 0.007552 0.026389
0 0.813021 0.901620 0.007812 0.025463
0 0.878516 0.678704 0.009115 0.020370
0 0.960286 0.271296 0.017969 0.014815
0 0.720313 0.095139 0.014063 0.012500
0 0.440755 0.226852 0.013281 0.012037
