0 0.369922 0.263657 0.020573 0.013426
0 0.077995 0.388889 0.016927 0.012037
0 0.817969 0.190509 0.014063 0.017130
0 0.094792 0.371759 0.019271 0.015741
0 0.975130 0.217593 0.016927 0.015741
0 0.590495 0.291435 0.013802 0.025463
0 0.647917 0.715741 0.017188 0.025926
0 0.571615 0.272685 0.011458 0.034259
0 0.767969 0.091667 0.011979 0.028704
0 0.261198 0.416204 0.019271 0.015741
0 0.552995 0.356019 0.009635 0.025926
0 0.764844 0.171528 0.016146 0.018056
0 0.784896 0.121528 0.013021 0.025463
0 0.866797 0.273843 0.011719 0.024537
0 0.845182 0.280324 0.011719 0.024537
0 0.810286 0.864815 0.010677 0.025926
0 0.691927 0.930324 0.015625 0.050463
0 0.697786 0.986111 0.010677 0.025926
