0 0.630078 0.153472 0.013802 0.016204
0 0.650000 0.618287 0.013542 0.018981
0 0.727474 0.748611 0.010156 0.017593
0 0.736849 0.785417 0.008594 0.022685
0 0.936068 0.495833 0.012760 0.016667
0 0.715755 0.095139 0.015365 0.016204
0 0.822396 0.618287 0.015104 0.019907
0 0.192318 0.224537 0.016406 0.012963
0 0.760417 0.086111 0.013542 0.015741
0 0.577865 0.195602 0.017188 0.018056
0 0.560417 0.580324 0.015625 0.018056
0 0.299219 0.580093 0.011979 0.010185
0 0.442057 0.229167 0.022656 0.019444
0 0.901823 0.618056 0.026042 0.057407
0 0.730078 0.716898 0.010677 0.018981
0 0.822786 0.106713 0.015365 0.010648
0 0.699349 0.684954 0.011198 0.018981
0 0.662370 0.601620 0.012240 0.018056
0 0.666406 0.368056 0.025521 0.014815
0 0.922266 0.121528 0.021615 0.009722
0 0.798568 0.033796 0.012240 0.024074
0 0.746354 0.762037 0.008854 0.021296
0 0.469401 0.457407 0.012240 0.010185
0 0.780859 0.009259 0.011198 0.016667
0 0.864323 0.118519 0.014583 0.015741
0 0.783333 0.316667 0.015104 0.013889
0 0.370052 0.205324 0.017708 0.013426
0 0.370312 0.233102 0.014583 0.014352
0 0.366276 0.574537 0.014844 0.009259
0 0.543750 0.208333 0.014063 0.019444
0 0.961068 0.518981 0.012760 0.016667
0 0.901302 0.431250 0.008854 0.022685
0 0.877344 0.591898 0.014583 0.029167
0 0.755599 0.806250 0.008594 0.022685
0 0.744401 0.821528 0.008594 0.022685
0 0.761068 0.848611 0.007031 0.023148
0 0.810547 0.915972 0.008594 0.022685
0 0.749089 0.858565 0.008594 0.022685
0 0.752474 0.891898 0.008594 0.022685
0 0.753255 0.926157 0.008594 0.022685
0 0.764974 0.954398 0.008594 0.022685
0 0.763542 0.992361 0.009375 0.015278
