0 0.668490 0.696296 0.013021 0.022222
0 0.620052 0.614815 0.011979 0.023148
0 0.574870 0.205324 0.013802 0.019907
0 0.285807 0.216435 0.027865 0.015278
0 0.910547 0.606019 0.017448 0.027778
0 0.598047 0.243981 0.013802 0.022222
0 0.929557 0.318750 0.034115 0.027315
0 0.646224 0.109028 0.012240 0.029167
0 0.773177 0.045833 0.011979 0.031481
0 0.673177 0.376620 0.019792 0.020833
0 0.858594 0.695370 0.011979 0.027778
0 0.677083 0.746759 0.013021 0.026852
0 0.040365 0.382176 0.018229 0.018056
0 0.531771 0.461806 0.018229 0.018056
0 0.649870 0.026620 0.012240 0.029167
0 0.576693 0.329398 0.012240 0.029167
0 0.709896 0.128704 0.015625 0.022222
0 0.764453 0.131944 0.018490 0.020370
0 0.859766 0.174074 0.018490 0.020370
0 0.726172 0.385648 0.018490 0.020370
0 0.904036 0.344444 0.018490 0.020370
0 0.957161 0.332407 0.018490 0.020370
0 0.987891 0.317593 0.018490 0.020370
0 0.804818 0.866898 0.013802 0.033796
0 0.703646 0.785648 0.013021 0.026852
0 0.718880 0.919676 0.009115 0.029167
0 0.705599 0.943750 0.009115 0.029167
