0 0.672135 0.674306 0.015625 0.018056
0 0.625521 0.181481 0.016146 0.021296
0 0.592708 0.256250 0.011979 0.026389
0 0.689714 0.742130 0.012760 0.027778
0 0.613672 0.601389 0.012240 0.025926
0 0.954948 0.187500 0.015625 0.011111
0 0.666146 0.150000 0.015104 0.018519
0 0.826172 0.162731 0.018490 0.018981
0 0.745052 0.681713 0.017708 0.015278
0 0.951302 0.326389 0.016146 0.017593
0 0.719010 0.388194 0.017708 0.016204
0 0.125260 0.328241 0.019271 0.016667
0 0.537630 0.222917 0.017448 0.015278
0 0.563932 0.211574 0.017448 0.017593
0 0.510026 0.228009 0.017448 0.017130
0 0.825911 0.704630 0.012760 0.028704
0 0.713932 0.852315 0.011719 0.029630
0 0.858724 0.168750 0.018490 0.018981
0 0.903255 0.183102 0.018490 0.018981
0 0.573568 0.531944 0.012240 0.025926
0 0.835286 0.757870 0.012760 0.028704
0 0.703776 0.788426 0.012760 0.027778
0 0.715885 0.914815 0.010417 0.028704
