0 0.695182 0.711343 0.014844 0.023611
0 0.813021 0.076620 0.015625 0.024537
0 0.649089 0.053704 0.015885 0.030556
0 0.666927 0.661111 0.015625 0.023148
0 0.735938 0.940046 0.010417 0.027315
0 0.646224 0.127083 0.016406 0.023611
0 0.736068 0.830324 0.011719 0.029167
0 0.865234 0.185417 0.015885 0.024537
0 0.042448 0.219213 0.020313 0.016204
0 0.601172 0.629398 0.020052 0.020833
0 0.923177 0.520602 0.019792 0.020833
0 0.433594 0.404861 0.020833 0.017130
0 0.909375 0.471296 0.010937 0.028704
0 0.180729 0.231481 0.017708 0.015741
0 0.644922 0.664120 0.017969 0.028241
0 0.787500 0.020370 0.015104 0.022222
0 0.809896 0.404167 0.021354 0.015741
0 0.277474 0.405556 0.021615 0.017593
0 0.358984 0.387037 0.023698 0.016667
0 0.060026 0.542361 0.015365 0.014352
0 0.344531 0.966667 0.013021 0.022222
0 0.082031 0.381019 0.019792 0.013889
0 0.246615 0.231481 0.017708 0.015741
0 0.324740 0.203935 0.020833 0.014352
0 0.385807 0.222222 0.019010 0.013889
0 0.584375 0.371296 0.016667 0.016667
0 0.781250 0.329630 0.016667 0.016667
0 0.583594 0.274769 0.013021 0.029167
0 0.606771 0.205324 0.023438 0.054167
0 0.828906 0.141898 0.015625 0.024537
0 0.880208 0.532176 0.013021 0.026389
0 0.723568 0.780093 0.012240 0.028704
