0 0.926302 0.510880 0.015104 0.022685
0 0.552083 0.578241 0.010937 0.016667
0 0.588802 0.191204 0.014583 0.016667
0 0.619792 0.607176 0.019271 0.022685
0 0.159505 0.574769 0.017969 0.014352
0 0.883333 0.509259 0.014583 0.025926
0 0.859635 0.612269 0.014583 0.023611
0 0.698438 0.658333 0.013021 0.021296
0 0.617708 0.189583 0.012500 0.025463
0 0.271615 0.220139 0.019271 0.018056
0 0.846354 0.114583 0.017188 0.018056
0 0.043359 0.415509 0.017448 0.016204
0 0.089974 0.356713 0.020573 0.018056
0 0.311198 0.237963 0.018750 0.017593
0 0.112760 0.243981 0.018750 0.018519
0 0.512109 0.224769 0.018490 0.018056
0 0.660286 0.150463 0.013802 0.024074
0 0.718229 0.743056 0.008854 0.018519
0 0.799609 0.635185 0.014844 0.018519
0 0.754297 0.821065 0.009115 0.025463
0 0.749740 0.950000 0.009375 0.030556
0 0.971354 0.460417 0.017708 0.020833
0 0.775260 0.102315 0.017708 0.017593
0 0.067187 0.524769 0.017188 0.017130
0 0.732031 0.776620 0.009896 0.023611
0 0.743490 0.770602 0.009896 0.026389
0 0.568620 0.206481 0.016406 0.019444
0 0.744271 0.844213 0.009896 0.030093
0 0.598568 0.237731 0.013802 0.031019
0 0.615755 0.241435 0.013802 0.031019
0 0.764062 0.011574 0.010937 0.022222
0 0.778906 0.045833 0.012500 0.027778
0 0.803906 0.062037 0.014583 0.023148
0 0.792839 0.025926 0.014844 0.025000
0 0.914583 0.133333 0.018229 0.015741
0 0.951693 0.135648 0.015885 0.016667
0 0.895052 0.545370 0.012500 0.028704
0 0.934896 0.559722 0.019792 0.031481
0 0.826693 0.924074 0.013281 0.033333
0 0.819922 0.848380 0.010677 0.025463
0 0.683724 0.669907 0.014844 0.024074
0 0.731901 0.732870 0.010677 0.025000
0 0.738672 0.807407 0.010677 0.025926
0 0.747786 0.884491 0.009635 0.027315
0 0.760417 0.928009 0.008854 0.026389
