0 0.588021 0.651157 0.015625 0.017130
0 0.685026 0.966898 0.008594 0.025463
0 0.717187 0.685648 0.015625 0.016667
0 0.686198 0.847222 0.009375 0.023148
0 0.638411 0.681250 0.013281 0.020833
0 0.496354 0.603009 0.013542 0.013426
0 0.829557 0.570139 0.011198 0.021759
0 0.770312 0.155556 0.013542 0.022222
0 0.533073 0.230324 0.016667 0.014352
0 0.776823 0.645139 0.013542 0.019907
0 0.675651 0.757870 0.010677 0.021296
0 0.604167 0.186111 0.013021 0.021296
0 0.072526 0.552083 0.014844 0.013426
0 0.851823 0.317824 0.017708 0.018056
0 0.507161 0.239815 0.015365 0.016667
0 0.414974 0.256713 0.015885 0.017130
0 0.364453 0.592130 0.014323 0.012037
0 0.473568 0.252778 0.019010 0.016667
0 0.707552 0.027315 0.009896 0.023148
0 0.720443 0.067593 0.011719 0.022222
0 0.442578 0.254861 0.015365 0.014352
0 0.561328 0.229398 0.010677 0.022685
0 0.544401 0.281713 0.008594 0.023611
0 0.545573 0.410648 0.016667 0.015741
0 0.554688 0.529630 0.011458 0.025000
0 0.746615 0.371065 0.014063 0.017130
0 0.952344 0.361343 0.017188 0.017130
0 0.844271 0.269907 0.011979 0.024074
0 0.963021 0.269444 0.019271 0.018519
0 0.621484 0.689120 0.013281 0.020833
0 0.656771 0.754398 0.011458 0.022685
0 0.671224 0.788889 0.010156 0.026852
0 0.694661 0.918287 0.005990 0.024537
0 0.694792 0.979167 0.008333 0.027778
0 0.660937 0.136343 0.015104 0.016204
0 0.616276 0.025000 0.011719 0.022222
0 0.653125 0.392593 0.019271 0.013889
