0 0.629557 0.611574 0.021615 0.022222
0 0.931250 0.493981 0.015625 0.021296
0 0.871224 0.539583 0.014323 0.031019
0 0.693099 0.646991 0.016927 0.022685
0 0.677083 0.663889 0.014583 0.022222
0 0.910677 0.451157 0.010937 0.031019
0 0.229427 0.571991 0.017188 0.016204
0 0.744792 0.772454 0.010937 0.026389
0 0.100521 0.358565 0.019792 0.015278
0 0.592448 0.589583 0.013021 0.018056
0 0.607422 0.268056 0.010156 0.021296
0 0.716797 0.732176 0.013281 0.027315
0 0.950521 0.481481 0.016146 0.020370
0 0.823438 0.084722 0.017708 0.026852
0 0.191667 0.386343 0.018750 0.018056
0 0.835026 0.746759 0.010677 0.028704
0 0.768490 0.016667 0.014063 0.028704
0 0.048438 0.236343 0.017708 0.015278
0 0.735417 0.780093 0.011458 0.023148
0 0.925000 0.122917 0.018750 0.017130
0 0.106771 0.374769 0.019792 0.015278
0 0.240625 0.372454 0.018750 0.018056
0 0.324219 0.400231 0.018750 0.018056
0 0.381120 0.465046 0.041927 0.023611
0 0.463542 0.226157 0.017188 0.017130
0 0.501042 0.222917 0.016146 0.018981
0 0.536068 0.454630 0.033073 0.025000
0 0.688542 0.429630 0.018750 0.019444
0 0.678646 0.030093 0.025000 0.059259
0 0.784896 0.013889 0.015625 0.026852
0 0.780599 0.061806 0.015885 0.028241
0 0.842318 0.150926 0.017448 0.026852
0 0.899349 0.438657 0.010677 0.031019
0 0.857422 0.669444 0.014323 0.030556
0 0.819922 0.838889 0.010677 0.033333
0 0.726432 0.713657 0.013281 0.027315
0 0.752344 0.812731 0.010937 0.027315
0 0.756250 0.844444 0.009896 0.025000
0 0.759896 0.878241 0.008854 0.027778
0 0.760938 0.923611 0.008854 0.027778
0 0.749479 0.931481 0.008854 0.027778
0 0.761719 0.963426 0.008854 0.027778
0 0.750260 0.985185 0.008854 0.027778
0 0.741406 0.982870 0.008854 0.027778
0 0.747396 0.885417 0.007812 0.025463
0 0.743880 0.831481 0.013281 0.043519
