0 0.653906 0.674769 0.013542 0.023611
0 0.045573 0.211343 0.018750 0.014352
0 0.690365 0.696991 0.016146 0.025463
0 0.713021 0.090278 0.016667 0.014815
0 0.608464 0.598380 0.014844 0.023611
0 0.747656 0.087963 0.019271 0.016667
0 0.637370 0.613657 0.013802 0.023611
0 0.678776 0.111806 0.013802 0.018981
0 0.007943 0.331481 0.011198 0.016667
0 0.616797 0.186343 0.015885 0.028241
0 0.735156 0.955787 0.008854 0.027315
0 0.852865 0.161574 0.017708 0.026852
0 0.441797 0.582639 0.020052 0.014352
0 0.693750 0.744907 0.013021 0.025926
0 0.737240 0.831944 0.008854 0.026852
0 0.716797 0.796759 0.011719 0.027778
0 0.733854 0.916898 0.008333 0.031019
0 0.741927 0.872685 0.009896 0.024074
0 0.163672 0.383102 0.016406 0.015278
0 0.375000 0.581944 0.018750 0.015741
0 0.779687 0.097454 0.017708 0.016204
0 0.213281 0.373611 0.020833 0.016667
0 0.335417 0.394444 0.020833 0.016667
0 0.454167 0.398148 0.020833 0.016667
0 0.483333 0.179167 0.020833 0.016667
0 0.543359 0.149537 0.018490 0.019444
0 0.545964 0.194444 0.019010 0.016667
0 0.792708 0.037500 0.013021 0.027778
0 0.774219 0.029630 0.013021 0.027778
0 0.922656 0.607639 0.016146 0.025463
0 0.963021 0.553009 0.016146 0.025463
0 0.879427 0.540509 0.016146 0.025463
0 0.905599 0.523148 0.017448 0.044444
0 0.722526 0.775926 0.011719 0.027778
0 0.745052 0.913889 0.008333 0.026852
0 0.730339 0.870602 0.011198 0.039352
0 0.746354 0.967361 0.008854 0.027315
