0 0.588542 0.193981 0.015625 0.016667
0 0.948568 0.490741 0.014323 0.022222
0 0.920182 0.502546 0.015365 0.019907
0 0.832812 0.606944 0.017708 0.023148
0 0.629297 0.597454 0.014844 0.026389
0 0.190234 0.579167 0.017448 0.017593
0 0.450521 0.574074 0.015625 0.015741
0 0.339583 0.567593 0.018750 0.016667
0 0.718229 0.735880 0.013021 0.025463
0 0.837240 0.109028 0.017188 0.026389
0 0.600260 0.528935 0.014583 0.022685
0 0.696615 0.120139 0.016146 0.021759
0 0.957161 0.280787 0.020573 0.020833
0 0.780599 0.108333 0.019531 0.019444
0 0.563672 0.209954 0.016927 0.020833
0 0.260807 0.240509 0.016927 0.018981
0 0.782682 0.642593 0.013281 0.015741
0 0.734245 0.800231 0.011719 0.025463
0 0.886849 0.187269 0.015885 0.028241
0 0.136589 0.573380 0.020052 0.016204
0 0.873047 0.296991 0.016406 0.018056
0 0.743490 0.780556 0.009896 0.025926
0 0.727734 0.100231 0.016406 0.020833
0 0.893620 0.482870 0.010677 0.029630
0 0.103516 0.533333 0.017448 0.017593
0 0.078516 0.431481 0.017448 0.017593
0 0.645182 0.582639 0.014844 0.026389
0 0.450651 0.207639 0.016927 0.020833
0 0.532943 0.455324 0.016927 0.020833
0 0.631380 0.195602 0.016406 0.034722
0 0.599349 0.292361 0.013281 0.031019
0 0.788932 0.029630 0.013802 0.026852
0 0.774609 0.037037 0.013802 0.026852
0 0.863672 0.199306 0.015885 0.028241
0 0.758464 0.335417 0.016406 0.018056
0 0.989062 0.126157 0.017708 0.018056
0 0.876693 0.563426 0.014323 0.029630
0 0.930078 0.574306 0.019010 0.029167
0 0.871875 0.661111 0.010937 0.029630
0 0.727083 0.719676 0.013021 0.025463
0 0.743099 0.840509 0.010156 0.026389
0 0.757943 0.860880 0.010156 0.026389
0 0.746224 0.880324 0.010156 0.026389
0 0.759766 0.944213 0.008594 0.027315
0 0.749089 0.969213 0.008594 0.027315
