0 0.669271 0.175231 0.018229 0.021759
0 0.605599 0.677546 0.013281 0.023611
0 0.649870 0.722917 0.017448 0.019907
0 0.622526 0.220602 0.014323 0.024537
0 0.557422 0.562269 0.013802 0.020833
0 0.698047 0.833796 0.010156 0.025926
0 0.910547 0.634028 0.040365 0.053241
0 0.515495 0.424306 0.022135 0.015278
0 0.760417 0.170833 0.017188 0.018519
0 0.102474 0.381019 0.017448 0.018519
0 0.499349 0.447917 0.017448 0.014352
0 0.584766 0.440972 0.017448 0.014352
0 0.774349 0.401620 0.017448 0.014352
0 0.786849 0.472222 0.020052 0.016667
0 0.601172 0.631481 0.013281 0.023148
0 0.713542 0.930556 0.009375 0.025000
0 0.984766 0.559954 0.015365 0.020833
0 0.581641 0.304167 0.013281 0.026852
0 0.747396 0.028935 0.010417 0.025463
0 0.811849 0.181944 0.017448 0.016667
0 0.848698 0.196759 0.017188 0.016667
0 0.835026 0.378704 0.017448 0.016667
0 0.991276 0.214120 0.017448 0.017130
