0 0.708984 0.671065 0.019531 0.016204
0 0.649349 0.659028 0.013802 0.027315
0 0.271094 0.470833 0.021354 0.017593
0 0.692318 0.128472 0.028385 0.024537
0 0.610807 0.597685 0.013281 0.026852
0 0.588281 0.255324 0.022917 0.059722
0 0.717969 0.816204 0.010937 0.025926
0 0.866536 0.483102 0.010677 0.030093
0 0.875651 0.512269 0.009635 0.029167
0 0.430859 0.241898 0.016927 0.013426
0 0.076693 0.360185 0.019531 0.018519
0 0.888281 0.461574 0.010417 0.027778
0 0.102474 0.233333 0.019531 0.018519
0 0.163672 0.377778 0.019531 0.018519
0 0.402734 0.218056 0.019531 0.018519
0 0.491276 0.200463 0.019531 0.018519
0 0.398047 0.245833 0.019531 0.018519
0 0.505078 0.235648 0.019531 0.018519
0 0.545964 0.220833 0.017969 0.017593
0 0.564974 0.211574 0.017969 0.017593
0 0.562760 0.294676 0.014583 0.025463
0 0.344922 0.396065 0.024219 0.020833
0 0.512370 0.392824 0.024219 0.020833
0 0.591406 0.206713 0.022917 0.059722
0 0.650391 0.157407 0.015885 0.025000
0 0.858333 0.334722 0.018750 0.019444
0 0.841536 0.564352 0.014323 0.027778
0 0.700000 0.750926 0.010937 0.025926
0 0.826823 0.773611 0.010937 0.025926
0 0.725000 0.892130 0.008333 0.030556
0 0.726042 0.948611 0.008333 0.030556
