0 0.652865 0.634259 0.014063 0.016667
0 0.637891 0.575231 0.012760 0.021759
0 0.923177 0.510880 0.019792 0.027315
0 0.722135 0.746296 0.010937 0.024074
0 0.734766 0.663657 0.016406 0.018056
0 0.748307 0.794213 0.011719 0.031019
0 0.692318 0.712963 0.017448 0.036111
0 0.810547 0.107870 0.017448 0.026852
0 0.126693 0.446528 0.020052 0.015278
0 0.739062 0.093287 0.018750 0.018981
0 0.716146 0.768056 0.015104 0.025000
0 0.251302 0.385880 0.017708 0.020833
0 0.813281 0.069213 0.016146 0.028241
0 0.732161 0.782176 0.012240 0.026389
0 0.722135 0.710880 0.013021 0.024537
0 0.850130 0.126157 0.016927 0.023611
0 0.900781 0.465509 0.012500 0.027315
0 0.640625 0.121528 0.018229 0.037500
0 0.977604 0.465741 0.016667 0.020370
0 0.190625 0.396528 0.018750 0.018056
0 0.614974 0.561343 0.014844 0.025463
0 0.421354 0.406019 0.022917 0.019444
0 0.707422 0.709722 0.012240 0.025926
0 0.872786 0.301389 0.019531 0.020370
0 0.623307 0.624074 0.016927 0.022222
0 0.867188 0.200000 0.018229 0.031481
0 0.142969 0.233796 0.021354 0.016667
0 0.627083 0.208565 0.011979 0.024537
0 0.266406 0.244676 0.019271 0.018056
0 0.363411 0.238194 0.017448 0.015278
0 0.408854 0.214815 0.016667 0.014815
0 0.414844 0.236574 0.020313 0.015741
0 0.470443 0.406019 0.016406 0.018519
0 0.501172 0.384954 0.016927 0.020833
0 0.609505 0.259028 0.014844 0.031944
0 0.873047 0.568519 0.015365 0.024074
0 0.853516 0.678472 0.013281 0.031944
0 0.838542 0.734954 0.011458 0.030093
0 0.760026 0.929630 0.010677 0.033333
0 0.751563 0.964583 0.009896 0.028241
0 0.756510 0.842824 0.010417 0.026389
0 0.748047 0.863889 0.009635 0.029630
0 0.741406 0.828241 0.013542 0.028704
0 0.737891 0.753009 0.017448 0.037500
0 0.761458 0.980787 0.008854 0.028241
