0 0.630729 0.210880 0.016146 0.026389
0 0.352734 0.603704 0.016927 0.012037
0 0.082943 0.235417 0.021094 0.013426
0 0.597266 0.632870 0.013802 0.022222
0 0.918880 0.437500 0.019531 0.017593
0 0.920964 0.574537 0.039844 0.041667
0 0.905469 0.221991 0.021875 0.015278
0 0.573438 0.272222 0.013542 0.029630
0 0.885938 0.673148 0.018229 0.026852
0 0.438021 0.443750 0.018229 0.014352
0 0.385417 0.416667 0.018750 0.016667
0 0.488281 0.433102 0.018229 0.014352
0 0.458073 0.266435 0.018229 0.014352
0 0.579818 0.587500 0.013802 0.030556
0 0.600000 0.263194 0.016146 0.026389
0 0.656250 0.176620 0.016146 0.026389
0 0.765885 0.184028 0.019271 0.024537
0 0.758984 0.058565 0.011198 0.027315
0 0.763672 0.088657 0.011198 0.027315
0 0.778255 0.125694 0.011198 0.027315
0 0.850521 0.617824 0.013542 0.030093
0 0.662109 0.780556 0.013802 0.022222
0 0.689453 0.860185 0.012240 0.035185
0 0.708984 0.944444 0.012240 0.035185
0 0.699349 0.985185 0.011198 0.029630
