0 0.792708 0.096528 0.016146 0.020833
0 0.644792 0.052083 0.015625 0.029167
0 0.705729 0.671759 0.016667 0.022222
0 0.094401 0.566435 0.018490 0.015278
0 0.615104 0.560417 0.012500 0.023611
0 0.755469 0.847685 0.008854 0.023148
0 0.746615 0.891667 0.008333 0.024074
0 0.730599 0.725463 0.011719 0.022222
0 0.746484 0.787731 0.011198 0.024537
0 0.007943 0.346991 0.013802 0.014352
0 0.723698 0.748843 0.011458 0.024537
0 0.092448 0.367824 0.017188 0.018056
0 0.799870 0.946065 0.012240 0.030093
0 0.702344 0.700694 0.013021 0.018981
0 0.666276 0.610417 0.016406 0.021759
0 0.071484 0.341204 0.017448 0.015741
0 0.131120 0.377778 0.021615 0.018519
0 0.582682 0.313657 0.011198 0.023611
0 0.515495 0.449074 0.026302 0.016667
0 0.220443 0.388657 0.019531 0.017130
0 0.224089 0.365972 0.019531 0.017130
0 0.347786 0.568287 0.019531 0.017130
0 0.064453 0.235185 0.017448 0.015741
0 0.925781 0.334028 0.017708 0.018981
0 0.739453 0.809259 0.010677 0.027778
0 0.743490 0.847222 0.008854 0.023148
0 0.756771 0.892593 0.008333 0.024074
0 0.757031 0.930093 0.008333 0.024074
0 0.750000 0.987731 0.008333 0.024537
