0 0.645443 0.665509 0.015885 0.024537
0 0.712370 0.752083 0.011198 0.024537
0 0.727604 0.851620 0.010417 0.030093
0 0.586719 0.567361 0.015104 0.023611
0 0.414714 0.584491 0.019010 0.014352
0 0.633464 0.099074 0.012240 0.027778
0 0.572526 0.291204 0.009635 0.028704
0 0.989974 0.525231 0.016406 0.019907
0 0.733203 0.409259 0.018490 0.016667
0 0.584896 0.232639 0.013542 0.028241
0 0.923958 0.128009 0.019271 0.014352
0 0.714323 0.809028 0.011458 0.025463
0 0.701823 0.766898 0.011458 0.024537
0 0.563932 0.192593 0.017969 0.018519
0 0.742578 0.693519 0.014844 0.016667
0 0.959896 0.342361 0.021875 0.022685
0 0.821484 0.640972 0.017969 0.019907
0 0.369661 0.390972 0.019010 0.014352
0 0.046745 0.366435 0.019010 0.014352
0 0.095964 0.360417 0.019010 0.014352
0 0.508984 0.214815 0.017969 0.018519
0 0.740234 0.431019 0.018490 0.016667
0 0.889974 0.564583 0.014844 0.031019
0 0.907943 0.479398 0.014844 0.031019
0 0.736719 0.843750 0.010417 0.030093
0 0.820312 0.948380 0.010417 0.030093
