0 0.689844 0.739583 0.016146 0.031019
0 0.863672 0.633565 0.010677 0.026389
0 0.816667 0.097222 0.018229 0.016667
0 0.615495 0.619444 0.013281 0.020370
0 0.009896 0.422917 0.017708 0.013426
0 0.673568 0.107407 0.017969 0.019444
0 0.804818 0.057407 0.013802 0.025000
0 0.132943 0.558796 0.019531 0.018519
0 0.216667 0.401157 0.018750 0.016204
0 0.503516 0.591667 0.020052 0.016667
0 0.639714 0.068519 0.014844 0.034259
0 0.848698 0.111343 0.018229 0.018981
0 0.676042 0.659028 0.017188 0.022685
0 0.620313 0.179861 0.013542 0.024537
0 0.612891 0.578241 0.012240 0.024074
0 0.382422 0.385880 0.019531 0.014352
0 0.443620 0.405556 0.019010 0.014815
0 0.948047 0.125694 0.035156 0.020833
0 0.006641 0.401157 0.012760 0.013426
0 0.279297 0.401157 0.018490 0.016204
0 0.203776 0.459954 0.021615 0.015278
0 0.065625 0.378704 0.022917 0.016667
0 0.495573 0.220139 0.016667 0.015278
0 0.526563 0.212731 0.016667 0.015278
0 0.561719 0.196991 0.016667 0.015278
0 0.580469 0.290046 0.011458 0.031019
0 0.888542 0.115509 0.017708 0.016204
0 0.781641 0.063889 0.013802 0.025000
0 0.778516 0.012500 0.013802 0.024074
0 0.827995 0.317130 0.028385 0.022222
0 0.980339 0.529167 0.015885 0.018519
0 0.809766 0.873380 0.010677 0.026389
0 0.793620 0.964583 0.010677 0.026389
