0 0.616667 0.226389 0.015104 0.024074
0 0.656250 0.728704 0.018750 0.022222
0 0.593099 0.271991 0.013802 0.024537
0 0.643229 0.193981 0.015625 0.022222
0 0.527083 0.253704 0.019271 0.016667
0 0.707682 0.883796 0.010677 0.032407
0 0.598437 0.210880 0.016146 0.029167
0 0.583854 0.253472 0.018229 0.031944
0 0.678125 0.168981 0.019271 0.021296
0 0.053906 0.357639 0.047396 0.029167
0 0.355339 0.415509 0.045052 0.022685
0 0.898438 0.220833 0.020313 0.019444
0 0.677214 0.778009 0.012240 0.026389
0 0.711979 0.929630 0.009896 0.029630
0 0.711458 0.985185 0.009896 0.029630
