0 0.803906 0.654167 0.017708 0.021296
0 0.008333 0.410417 0.016146 0.025463
0 0.717187 0.731019 0.013542 0.026852
0 0.192188 0.573611 0.017708 0.016667
0 0.678255 0.657870 0.016406 0.027778
0 0.692448 0.707176 0.013542 0.026389
0 0.673438 0.031250 0.013542 0.033796
0 0.642839 0.623380 0.020052 0.024537
0 0.750911 0.792361 0.010677 0.023611
0 0.902734 0.530787 0.016406 0.024537
0 0.938542 0.488657 0.018229 0.024537
0 0.583984 0.189352 0.016406 0.018519
0 0.731641 0.769676 0.015365 0.035648
0 0.699479 0.659028 0.016667 0.025463
0 0.755729 0.828472 0.011979 0.029167
0 0.813151 0.099074 0.018490 0.024074
0 0.968490 0.461111 0.020313 0.020370
0 0.594401 0.256713 0.015365 0.033796
0 0.622526 0.215278 0.013281 0.028704
0 0.767708 0.006944 0.011979 0.012037
0 0.734766 0.732870 0.012240 0.025926
0 0.970443 0.129167 0.018490 0.015741
0 0.799740 0.047222 0.016146 0.028704
0 0.842839 0.152315 0.020052 0.030556
0 0.881641 0.229398 0.015885 0.031019
0 0.809766 0.315278 0.017969 0.015741
0 0.628906 0.361574 0.020833 0.017593
0 0.803516 0.335417 0.019010 0.016204
0 0.557031 0.203704 0.020313 0.022222
0 0.630208 0.559259 0.017188 0.029630
0 0.759896 0.982870 0.009375 0.029630
0 0.751302 0.977778 0.008333 0.025926
0 0.761849 0.927778 0.013281 0.044444
0 0.746875 0.866667 0.010417 0.028704
0 0.740625 0.801852 0.012500 0.028704
0 0.744141 0.764815 0.013281 0.030556
