0 0.136979 0.436574 0.018229 0.013889
0 0.616016 0.688426 0.011719 0.021296
0 0.585547 0.190278 0.011198 0.021296
0 0.197917 0.457639 0.016146 0.014352
0 0.552214 0.579167 0.010677 0.023148
0 0.847917 0.545370 0.009896 0.025000
0 0.620443 0.665278 0.014323 0.021296
0 0.669661 0.800463 0.012240 0.027778
0 0.932943 0.389583 0.017448 0.017130
0 0.662760 0.742593 0.015104 0.026852
0 0.826432 0.217593 0.013281 0.022222
0 0.210938 0.390046 0.017708 0.017130
0 0.493750 0.253009 0.016146 0.015278
0 0.801302 0.634491 0.014583 0.025463
0 0.158333 0.248380 0.016667 0.014352
0 0.978255 0.481713 0.016406 0.018056
0 0.726693 0.143750 0.013802 0.014352
0 0.428516 0.424769 0.017448 0.015278
0 0.607161 0.132407 0.012760 0.031481
0 0.429036 0.257176 0.014844 0.012500
0 0.640104 0.168056 0.017708 0.021296
0 0.528776 0.241667 0.015365 0.012037
0 0.823698 0.266898 0.012500 0.020833
0 0.477734 0.257407 0.012760 0.014815
0 0.721745 0.061111 0.011719 0.022222
0 0.738021 0.059259 0.011979 0.024074
0 0.733073 0.095602 0.010937 0.023611
0 0.755469 0.099537 0.010937 0.021296
0 0.770182 0.160880 0.016406 0.018981
0 0.852083 0.284259 0.013021 0.028704
0 0.932682 0.305093 0.021094 0.021296
0 0.779167 0.657870 0.015104 0.019444
0 0.774349 0.846759 0.015365 0.039815
0 0.594661 0.622222 0.013802 0.020370
0 0.695312 0.855093 0.010417 0.027778
0 0.701302 0.931481 0.007812 0.025926
0 0.574089 0.417130 0.015885 0.016667
0 0.548438 0.300000 0.011979 0.026852
0 0.579688 0.247917 0.011458 0.023611
0 0.510417 0.248843 0.012500 0.010648
0 0.460417 0.256250 0.013542 0.016204
0 0.321354 0.403009 0.017708 0.017130
