0 0.648307 0.653704 0.019531 0.019444
0 0.506641 0.468519 0.021094 0.015741
0 0.986589 0.487500 0.015885 0.021296
0 0.776953 0.043056 0.015365 0.031481
0 0.337109 0.386343 0.019010 0.017130
0 0.796354 0.662731 0.019271 0.018981
0 0.334896 0.473148 0.022396 0.018519
0 0.441146 0.406019 0.025000 0.016667
0 0.875260 0.220139 0.015625 0.031019
0 0.480078 0.220139 0.020573 0.018981
0 0.833594 0.142593 0.016146 0.023148
0 0.359766 0.405787 0.019010 0.017130
0 0.036328 0.530324 0.037240 0.023611
0 0.216276 0.397454 0.019010 0.017130
0 0.495182 0.187269 0.020573 0.018981
0 0.842708 0.338889 0.020833 0.025926
0 0.879297 0.549306 0.014323 0.029167
0 0.820443 0.934954 0.014323 0.029167
0 0.796875 0.968287 0.014063 0.034722
