0 0.088672 0.409259 0.019531 0.016667
0 0.615885 0.609722 0.015104 0.026852
0 0.648698 0.687500 0.014063 0.026852
0 0.527474 0.589352 0.019010 0.016667
0 0.837370 0.407639 0.019531 0.018056
0 0.791927 0.137963 0.016146 0.021296
0 0.987240 0.372222 0.017188 0.018519
0 0.581510 0.141435 0.015625 0.023611
0 0.778255 0.069907 0.014323 0.033333
0 0.619010 0.650000 0.014583 0.025926
0 0.716797 0.850231 0.010156 0.024537
0 0.559505 0.216898 0.018490 0.017130
0 0.736198 0.126389 0.018750 0.017593
0 0.482812 0.469213 0.019792 0.014352
0 0.492318 0.235185 0.019010 0.015741
0 0.829427 0.343519 0.019792 0.018519
0 0.652995 0.164352 0.016406 0.026852
0 0.682552 0.724537 0.013021 0.025000
0 0.697786 0.370139 0.018490 0.020833
0 0.703776 0.782176 0.011719 0.025463
0 0.348828 0.399074 0.019531 0.016667
0 0.473828 0.388889 0.019531 0.016667
0 0.550391 0.406481 0.019531 0.016667
0 0.467578 0.234722 0.019531 0.016667
0 0.621224 0.197222 0.016406 0.026852
0 0.664453 0.037500 0.012760 0.025926
0 0.745573 0.021991 0.013542 0.030093
0 0.763542 0.029398 0.013542 0.030093
0 0.826953 0.149074 0.016406 0.023148
0 0.762500 0.439120 0.019271 0.020833
0 0.820964 0.793056 0.012760 0.026852
