0 0.669792 0.710185 0.015625 0.028704
0 0.715885 0.831250 0.009896 0.029167
0 0.815365 0.647685 0.021875 0.025926
0 0.650781 0.132639 0.018229 0.025463
0 0.701693 0.103472 0.023698 0.025463
0 0.605208 0.168056 0.016667 0.023148
0 0.709115 0.865509 0.010417 0.028241
0 0.228385 0.215509 0.019792 0.013426
0 0.821354 0.414352 0.019271 0.018519
0 0.879167 0.397454 0.020833 0.019907
0 0.725130 0.370139 0.017448 0.018981
0 0.984896 0.144213 0.017188 0.016204
0 0.554297 0.373843 0.019531 0.014352
0 0.769271 0.023611 0.012500 0.025926
0 0.361328 0.193750 0.018490 0.017130
0 0.041927 0.350000 0.020313 0.019444
0 0.192448 0.364815 0.020313 0.019444
0 0.248438 0.389815 0.019792 0.015741
0 0.191016 0.192130 0.016406 0.012963
0 0.414714 0.382639 0.018490 0.017130
0 0.523047 0.208102 0.018490 0.017130
0 0.600391 0.556944 0.014323 0.032407
0 0.867057 0.332176 0.017448 0.018981
