0 0.658724 0.763889 0.011198 0.019444
0 0.218359 0.580093 0.017448 0.015741
0 0.612109 0.682639 0.014844 0.022685
0 0.947917 0.544907 0.016146 0.020370
0 0.965495 0.182870 0.015365 0.014815
0 0.552474 0.271991 0.013802 0.019907
0 0.427344 0.258796 0.013021 0.013889
0 0.448047 0.257870 0.016406 0.016667
0 0.560937 0.638657 0.013021 0.016204
0 0.291536 0.480556 0.013802 0.014815
0 0.408333 0.256481 0.014063 0.013889
0 0.470703 0.258102 0.013281 0.012500
0 0.722396 0.151620 0.015625 0.018056
0 0.537109 0.237269 0.013281 0.014352
0 0.688802 0.888194 0.010937 0.023611
0 0.589974 0.224769 0.011198 0.019907
0 0.987109 0.509722 0.016406 0.021296
0 0.954818 0.382870 0.016927 0.018519
0 0.724479 0.063194 0.011458 0.023611
0 0.646094 0.087731 0.011979 0.022685
0 0.705859 0.699306 0.013802 0.014352
0 0.501302 0.248611 0.015104 0.014815
0 0.689714 0.821065 0.011719 0.030093
0 0.614193 0.106019 0.011198 0.024074
0 0.642969 0.706944 0.015625 0.022222
0 0.991276 0.299769 0.016927 0.018056
0 0.801172 0.353241 0.016927 0.018519
0 0.709375 0.394907 0.015625 0.015741
0 0.867448 0.188426 0.015625 0.012963
0 0.805990 0.174306 0.016146 0.016204
0 0.713542 0.020370 0.009896 0.025926
0 0.726432 0.019213 0.010156 0.023611
0 0.736198 0.098148 0.011979 0.025000
0 0.736979 0.055324 0.013542 0.034722
0 0.755729 0.096296 0.019792 0.035185
0 0.839974 0.706481 0.022135 0.048148
0 0.549089 0.550694 0.012760 0.029167
0 0.676042 0.771528 0.010417 0.019907
0 0.673958 0.804861 0.011458 0.028241
0 0.683594 0.846065 0.008854 0.025463
0 0.701302 0.901389 0.007812 0.022222
0 0.694922 0.951852 0.009635 0.023148
0 0.376823 0.258333 0.014063 0.013889
0 0.322917 0.420139 0.016146 0.015278
0 0.426042 0.408565 0.016146 0.015278
0 0.290104 0.586806 0.014063 0.012500
0 0.382682 0.591435 0.011719 0.010648
