0 0.590755 0.574769 0.010677 0.018981
0 0.598698 0.175231 0.012500 0.028241
0 0.677083 0.719907 0.015104 0.027778
0 0.619531 0.116204 0.014063 0.034259
0 0.736458 0.850000 0.011979 0.030556
0 0.296354 0.212963 0.015625 0.010185
0 0.645443 0.659954 0.018490 0.024537
0 0.228385 0.366667 0.018229 0.014815
0 0.799219 0.032639 0.017708 0.032870
0 0.694661 0.768519 0.010677 0.022222
0 0.368490 0.190278 0.020833 0.014815
0 0.948568 0.139815 0.015365 0.012037
0 0.766146 0.010648 0.013542 0.020370
0 0.713932 0.781944 0.010677 0.020370
0 0.306771 0.394907 0.018229 0.014815
0 0.485417 0.464815 0.018229 0.014815
0 0.447917 0.185648 0.018229 0.014815
0 0.447786 0.213426 0.032031 0.017593
0 0.558854 0.323843 0.012500 0.028241
0 0.773438 0.029861 0.012500 0.028241
0 0.758594 0.096296 0.019792 0.019444
0 0.864583 0.118519 0.016146 0.017593
0 0.898438 0.224769 0.012500 0.028241
0 0.910286 0.467130 0.012240 0.037037
0 0.893750 0.482407 0.010417 0.030556
0 0.719271 0.839583 0.010937 0.030093
0 0.730859 0.982176 0.009635 0.030093
0 0.806901 0.875694 0.009635 0.030093
0 0.845964 0.749769 0.009635 0.030093
0 0.699219 0.722685 0.022396 0.046296
