0 0.638542 0.693519 0.012500 0.021296
0 0.527344 0.187731 0.012500 0.017130
0 0.557292 0.580093 0.010937 0.026852
0 0.673568 0.811343 0.011198 0.022685
0 0.597917 0.153241 0.010937 0.023148
0 0.676823 0.781481 0.012500 0.026852
0 0.763802 0.117593 0.015104 0.027778
0 0.610547 0.682407 0.013281 0.020370
0 0.804297 0.620602 0.014323 0.023611
0 0.731771 0.687269 0.014583 0.017130
0 0.723307 0.021296 0.011198 0.023148
0 0.780859 0.161343 0.014323 0.014352
0 0.654818 0.760417 0.011719 0.021759
0 0.225391 0.246065 0.035677 0.026389
0 0.261849 0.589120 0.015365 0.014352
0 0.738151 0.142130 0.014323 0.016667
0 0.015755 0.240972 0.030990 0.024537
0 0.241146 0.391667 0.015625 0.016667
0 0.184115 0.250231 0.014063 0.014352
0 0.532813 0.233333 0.014063 0.018519
0 0.486719 0.249769 0.012500 0.013426
0 0.467448 0.253009 0.012500 0.013426
0 0.444792 0.254630 0.014583 0.013889
0 0.421745 0.252778 0.014323 0.013889
0 0.558464 0.250231 0.011198 0.022685
0 0.548438 0.340741 0.008333 0.021296
0 0.579167 0.192130 0.010937 0.023148
0 0.452344 0.482407 0.022396 0.017593
0 0.591016 0.614815 0.010156 0.016667
0 0.692969 0.843056 0.011458 0.029630
0 0.683464 0.861806 0.008073 0.027315
0 0.686068 0.898148 0.008073 0.026852
0 0.690495 0.942130 0.008073 0.026852
0 0.700391 0.930556 0.008073 0.026852
0 0.780339 0.798843 0.010156 0.024537
0 0.914974 0.524537 0.013281 0.016667
0 0.883594 0.388657 0.016146 0.017130
0 0.874870 0.345833 0.013281 0.014815
0 0.890495 0.320602 0.016927 0.016204
0 0.940495 0.302083 0.016927 0.016204
0 0.829688 0.278704 0.012500 0.025926
0 0.733464 0.097685 0.010677 0.022222
0 0.748307 0.083333 0.010677 0.022222
0 0.716797 0.054167 0.011198 0.023148
0 0.925651 0.185417 0.014323 0.014352
