0 0.725781 0.828009 0.010417 0.022685
0 0.800391 0.047917 0.014323 0.024537
0 0.607682 0.653009 0.014323 0.020833
0 0.683594 0.698380 0.015625 0.024537
0 0.599740 0.177315 0.015625 0.027778
0 0.556771 0.199769 0.016146 0.018056
0 0.819792 0.115278 0.019271 0.022222
0 0.536458 0.206944 0.015625 0.016667
0 0.635547 0.661111 0.014844 0.023148
0 0.953125 0.142593 0.019271 0.014815
0 0.687109 0.110880 0.017969 0.020833
0 0.706771 0.865509 0.011458 0.028241
0 0.874740 0.311806 0.020313 0.019907
0 0.596224 0.554861 0.013281 0.026389
0 0.679818 0.449306 0.023698 0.020833
0 0.357031 0.579398 0.015625 0.015278
0 0.777083 0.038194 0.021354 0.053241
0 0.724870 0.924306 0.010677 0.028241
0 0.313151 0.400000 0.016927 0.016667
0 0.197917 0.363194 0.015625 0.015278
0 0.083073 0.361343 0.027604 0.020833
0 0.155990 0.380093 0.015625 0.015741
0 0.493750 0.387500 0.018750 0.015741
0 0.431380 0.216898 0.016927 0.014352
0 0.574740 0.240278 0.015625 0.027778
0 0.577344 0.313194 0.011458 0.033796
0 0.882552 0.690046 0.015625 0.024537
0 0.820312 0.905324 0.013542 0.032870
0 0.736719 0.907639 0.011458 0.028241
