0 0.403646 0.247917 0.017708 0.012500
0 0.702474 0.166204 0.014323 0.017593
0 0.966016 0.577778 0.013281 0.018519
0 0.619922 0.675926 0.013802 0.022222
0 0.030729 0.354167 0.047396 0.028704
0 0.644401 0.750231 0.015365 0.023611
0 0.542578 0.424537 0.016927 0.014815
0 0.800911 0.390046 0.016927 0.016204
0 0.025391 0.376852 0.019010 0.017593
0 0.566797 0.231019 0.015365 0.018519
0 0.622005 0.227546 0.014323 0.025463
0 0.583854 0.602546 0.015625 0.026389
0 0.329167 0.417593 0.020833 0.021296
0 0.906510 0.642593 0.014063 0.027778
0 0.798958 0.177778 0.025000 0.022222
0 0.784896 0.124769 0.014063 0.023611
0 0.750260 0.171065 0.014583 0.015278
0 0.577083 0.319676 0.015625 0.026389
0 0.564193 0.374306 0.009635 0.028241
