0 0.609245 0.629630 0.014844 0.022222
0 0.229297 0.228241 0.020052 0.014815
0 0.717318 0.832407 0.012240 0.031481
0 0.889844 0.451852 0.009896 0.015741
0 0.011849 0.329630 0.014323 0.015741
0 0.686198 0.131019 0.018750 0.021296
0 0.611719 0.592361 0.015104 0.025463
0 0.346094 0.570370 0.016146 0.016667
0 0.546745 0.605556 0.017448 0.020370
0 0.826823 0.149769 0.016146 0.019907
0 0.052344 0.343056 0.021875 0.017593
0 0.389844 0.231019 0.022396 0.015741
0 0.630469 0.186343 0.018750 0.032870
0 0.736849 0.438194 0.020573 0.017130
0 0.901693 0.543981 0.017448 0.022222
0 0.529948 0.233102 0.021875 0.015278
0 0.874349 0.549769 0.011198 0.028241
0 0.684896 0.720139 0.015625 0.027315
0 0.591667 0.199769 0.015625 0.021759
0 0.879297 0.264815 0.011719 0.028704
0 0.162891 0.374769 0.017969 0.015278
0 0.839323 0.594444 0.013542 0.027778
0 0.284896 0.398380 0.018229 0.015278
0 0.366016 0.401620 0.017969 0.015278
0 0.436719 0.387269 0.018229 0.015278
0 0.496094 0.234028 0.018229 0.015278
0 0.459896 0.234028 0.018229 0.015278
0 0.442318 0.206481 0.017969 0.015741
0 0.489844 0.199769 0.018229 0.015278
0 0.558594 0.220602 0.015625 0.021759
0 0.617318 0.078704 0.014844 0.023148
0 0.781641 0.067593 0.014844 0.023148
0 0.769922 0.041204 0.013802 0.030556
0 0.781250 0.133333 0.018750 0.021296
0 0.616016 0.377083 0.017969 0.015278
0 0.763672 0.352546 0.017969 0.015278
0 0.841016 0.356019 0.017969 0.015741
0 0.589974 0.531019 0.014844 0.025926
0 0.568099 0.537269 0.013802 0.029167
0 0.883464 0.496528 0.011198 0.028241
0 0.703125 0.774769 0.012500 0.031019
0 0.810547 0.856019 0.010677 0.022222
0 0.787370 0.956019 0.011198 0.033333
0 0.721745 0.888657 0.008073 0.029167
0 0.721745 0.971065 0.008073 0.029167
