0 0.935417 0.512500 0.015625 0.018519
0 0.743229 0.767593 0.007812 0.020370
0 0.784375 0.654167 0.013021 0.015741
0 0.586198 0.203009 0.015104 0.018056
0 0.727214 0.767130 0.009635 0.021296
0 0.873047 0.123380 0.017969 0.018981
0 0.710026 0.723380 0.011719 0.022685
0 0.143359 0.239120 0.016406 0.015278
0 0.617448 0.192130 0.013021 0.022222
0 0.780078 0.085417 0.040365 0.031019
0 0.822526 0.629861 0.014323 0.018981
0 0.615234 0.556481 0.015885 0.026852
0 0.591927 0.293981 0.011979 0.022222
0 0.521094 0.573148 0.014583 0.012963
0 0.785547 0.011343 0.014844 0.021759
0 0.684505 0.646528 0.012760 0.019907
0 0.721094 0.109491 0.014063 0.019907
0 0.994271 0.256481 0.011458 0.020370
0 0.667578 0.655787 0.014323 0.019907
0 0.732161 0.728935 0.010156 0.023611
0 0.659115 0.084722 0.016146 0.022222
0 0.433724 0.207176 0.015885 0.013426
0 0.777474 0.034491 0.015885 0.023611
0 0.797266 0.044676 0.012240 0.021759
0 0.768620 0.009491 0.012760 0.018056
0 0.660937 0.154861 0.015104 0.017130
0 0.869792 0.195139 0.032292 0.060648
0 0.871615 0.306713 0.015104 0.014352
0 0.808594 0.405787 0.015104 0.014352
0 0.911198 0.465509 0.014583 0.050463
0 0.957292 0.542130 0.015625 0.018519
0 0.651432 0.595139 0.014323 0.019907
0 0.753646 0.828935 0.012500 0.025463
0 0.747135 0.872454 0.012500 0.025463
0 0.758333 0.900231 0.012500 0.025463
0 0.799349 0.964815 0.011719 0.022222
0 0.748698 0.968287 0.012500 0.025463
