0 0.795182 0.925926 0.010677 0.021296
0 0.664974 0.762500 0.014844 0.025926
0 0.645833 0.194676 0.019271 0.025463
0 0.369010 0.263426 0.021354 0.012037
0 0.596615 0.265278 0.015104 0.024074
0 0.732943 0.168056 0.016927 0.016667
0 0.091797 0.387269 0.019010 0.015278
0 0.703255 0.168750 0.017969 0.019907
0 0.771484 0.113426 0.012760 0.030556
0 0.132682 0.375694 0.021094 0.014352
0 0.550521 0.437731 0.020313 0.015278
0 0.673177 0.410880 0.020313 0.015278
0 0.903646 0.361343 0.020313 0.015278
0 0.768359 0.177315 0.016927 0.016667
0 0.815104 0.234259 0.020313 0.036111
0 0.579818 0.299537 0.011719 0.026852
0 0.762370 0.087963 0.012760 0.030556
0 0.754557 0.054630 0.012760 0.030556
0 0.699479 0.866667 0.011979 0.029630
0 0.707031 0.953704 0.008333 0.030556
0 0.685547 0.858565 0.011719 0.027315
