0 0.736589 0.828009 0.010677 0.027315
0 0.205859 0.573611 0.017969 0.016667
0 0.864323 0.193750 0.013542 0.025463
0 0.597005 0.588889 0.015885 0.028704
0 0.630729 0.103009 0.016146 0.032870
0 0.695964 0.748148 0.015365 0.029630
0 0.293750 0.593519 0.021354 0.018519
0 0.412630 0.407176 0.017969 0.015278
0 0.646875 0.631713 0.014583 0.022685
0 0.846354 0.697917 0.013542 0.031944
0 0.320703 0.407176 0.019531 0.017130
0 0.647005 0.136343 0.016927 0.024537
0 0.025651 0.367361 0.022656 0.012500
0 0.953776 0.266667 0.018490 0.020370
0 0.005990 0.571296 0.011458 0.016667
0 0.568880 0.122685 0.017969 0.023148
0 0.886328 0.675000 0.014323 0.032407
0 0.777083 0.667361 0.015625 0.019907
0 0.881641 0.293981 0.023698 0.020370
0 0.579167 0.307639 0.012500 0.032870
0 0.625000 0.594444 0.015104 0.025000
0 0.172917 0.376157 0.019792 0.013426
0 0.562760 0.185880 0.016667 0.020833
0 0.543229 0.201620 0.016667 0.020833
0 0.719401 0.083796 0.015365 0.019444
0 0.821094 0.087963 0.016146 0.029630
0 0.810677 0.114815 0.016146 0.029630
0 0.787760 0.018056 0.016146 0.029630
0 0.770833 0.028704 0.016146 0.029630
0 0.695964 0.362963 0.023698 0.020370
0 0.600781 0.642361 0.020313 0.022685
0 0.716276 0.799074 0.015365 0.029630
0 0.742057 0.873843 0.010677 0.027315
0 0.745052 0.926157 0.008333 0.029167
0 0.735677 0.962269 0.008333 0.029167
0 0.732161 0.884954 0.008594 0.031944
0 0.746224 0.987500 0.008594 0.025000
0 0.718229 0.757870 0.023958 0.051852
