0 0.630859 0.135417 0.011198 0.027315
0 0.919531 0.515741 0.015104 0.018519
0 0.518490 0.573148 0.015625 0.016667
0 0.675391 0.644213 0.016406 0.018056
0 0.931380 0.496065 0.016927 0.021759
0 0.710547 0.688194 0.013281 0.026389
0 0.618229 0.572222 0.013021 0.024074
0 0.692318 0.695139 0.014323 0.022685
0 0.736328 0.752315 0.011198 0.025926
0 0.870182 0.584028 0.011198 0.024537
0 0.648698 0.068287 0.013021 0.026389
0 0.213542 0.453009 0.024479 0.018981
0 0.595313 0.230093 0.010937 0.027778
0 0.360286 0.571296 0.017969 0.016667
0 0.622917 0.623843 0.015104 0.018056
0 0.671875 0.136111 0.015104 0.022222
0 0.732812 0.786574 0.013542 0.034259
0 0.871354 0.180093 0.014063 0.025000
0 0.958464 0.474306 0.016406 0.021759
0 0.990755 0.452083 0.017448 0.020833
0 0.747005 0.794213 0.009115 0.026389
0 0.719010 0.737500 0.012500 0.026852
0 0.713542 0.103704 0.018229 0.019444
0 0.741536 0.095370 0.014844 0.016667
0 0.497526 0.377083 0.020052 0.018056
0 0.622917 0.539352 0.013021 0.024074
0 0.822266 0.793981 0.011198 0.026852
0 0.754557 0.858796 0.010156 0.028704
0 0.745052 0.869676 0.009896 0.031019
0 0.756510 0.952546 0.007812 0.028241
0 0.747656 0.929861 0.007812 0.024537
0 0.747917 0.984028 0.008333 0.027315
