0 0.608724 0.111343 0.015885 0.025463
0 0.669271 0.675926 0.013542 0.022222
0 0.931641 0.496528 0.016406 0.021759
0 0.614453 0.163194 0.012760 0.025463
0 0.726302 0.726157 0.011979 0.023611
0 0.918620 0.516898 0.014844 0.020833
0 0.737500 0.665046 0.016146 0.014352
0 0.829297 0.099306 0.015885 0.028241
0 0.590885 0.596759 0.014583 0.020370
0 0.708854 0.725694 0.012500 0.025463
0 0.623177 0.211343 0.012500 0.025463
0 0.355208 0.465046 0.021354 0.018981
0 0.636979 0.574537 0.015625 0.027778
0 0.729948 0.768519 0.011458 0.025926
0 0.463281 0.568981 0.017188 0.016667
0 0.659505 0.642130 0.014844 0.024074
0 0.688021 0.117130 0.013021 0.020370
0 0.742448 0.776852 0.010937 0.025000
0 0.968620 0.466898 0.019010 0.021759
0 0.853776 0.654630 0.012240 0.025000
0 0.746745 0.906481 0.008073 0.029630
0 0.662760 0.610648 0.015104 0.021296
0 0.662370 0.143750 0.015885 0.028241
0 0.345833 0.382639 0.018229 0.015278
0 0.604688 0.532870 0.013021 0.027778
0 0.596615 0.236574 0.012500 0.027778
0 0.897526 0.457407 0.009115 0.026852
0 0.751953 0.825463 0.008073 0.025000
0 0.739453 0.821296 0.010677 0.033333
0 0.757031 0.909259 0.008333 0.027778
0 0.748047 0.968981 0.007031 0.024074
