0 0.271615 0.575926 0.017188 0.015741
0 0.666016 0.653241 0.015885 0.018519
0 0.214323 0.547222 0.017188 0.015741
0 0.828516 0.642361 0.016927 0.021759
0 0.692708 0.708796 0.011979 0.022222
0 0.326042 0.574769 0.016146 0.015278
0 0.948568 0.523843 0.016406 0.018981
0 0.875391 0.193287 0.015365 0.025463
0 0.728906 0.768981 0.011458 0.026852
0 0.604167 0.556250 0.011979 0.029167
0 0.716536 0.771065 0.011198 0.025463
0 0.886849 0.532639 0.015885 0.024537
0 0.727865 0.128009 0.014583 0.018056
0 0.932943 0.530787 0.015365 0.018981
0 0.729818 0.818750 0.010677 0.026389
0 0.327083 0.232639 0.014583 0.015278
0 0.780990 0.122222 0.020833 0.019444
0 0.808724 0.068750 0.013281 0.026389
0 0.333854 0.397685 0.020833 0.015741
0 0.409896 0.387037 0.018229 0.015741
0 0.214062 0.228241 0.018229 0.016667
0 0.661719 0.104167 0.011458 0.024074
0 0.622396 0.197917 0.016146 0.018981
0 0.737240 0.860880 0.009896 0.028241
0 0.376563 0.234259 0.017708 0.015741
0 0.307422 0.235185 0.016406 0.013889
0 0.146354 0.564583 0.015625 0.015278
0 0.354818 0.233796 0.016927 0.013889
0 0.713021 0.719676 0.022396 0.047685
0 0.418620 0.235648 0.016406 0.013889
0 0.457161 0.234259 0.016406 0.013889
0 0.492057 0.236111 0.016406 0.013889
0 0.521745 0.234722 0.016406 0.013889
0 0.543099 0.227315 0.016406 0.013889
0 0.567187 0.227546 0.020313 0.018056
0 0.549089 0.403009 0.015885 0.016204
0 0.698568 0.370602 0.015885 0.016204
0 0.724609 0.386343 0.015885 0.016204
0 0.776432 0.025231 0.013281 0.026389
0 0.782943 0.058565 0.013281 0.026389
0 0.852604 0.186343 0.015104 0.024537
0 0.922786 0.616204 0.014323 0.024074
0 0.740625 0.807639 0.011458 0.023611
0 0.748047 0.862963 0.008594 0.024074
0 0.749609 0.913889 0.008073 0.026852
0 0.739714 0.910648 0.008073 0.026852
0 0.741536 0.956019 0.008073 0.026852
0 0.742057 0.986574 0.008073 0.026852
