0 0.592578 0.209722 0.012760 0.033333
0 0.620703 0.632176 0.014323 0.023611
0 0.904557 0.475463 0.010677 0.022222
0 0.653906 0.703704 0.013542 0.024074
0 0.685286 0.732639 0.013281 0.020833
0 0.851562 0.115278 0.018750 0.017593
0 0.690104 0.777315 0.011979 0.025926
0 0.716406 0.873380 0.013021 0.031019
0 0.716276 0.762500 0.013281 0.026852
0 0.583464 0.554630 0.012240 0.028704
0 0.869531 0.212731 0.013542 0.029167
0 0.605208 0.558102 0.011979 0.028241
0 0.358073 0.448380 0.019271 0.017130
0 0.568750 0.277083 0.013542 0.034722
0 0.541406 0.461111 0.018229 0.013889
0 0.670052 0.121065 0.017188 0.020833
0 0.793229 0.079167 0.013021 0.022222
0 0.041667 0.359028 0.019271 0.017130
0 0.314583 0.200231 0.019271 0.017130
0 0.440365 0.191898 0.019271 0.017130
0 0.480208 0.384491 0.019271 0.017130
0 0.489323 0.219213 0.019271 0.017130
0 0.502995 0.172222 0.013802 0.019444
0 0.562240 0.398380 0.019271 0.017130
0 0.702865 0.352083 0.019271 0.017130
0 0.660286 0.663657 0.015365 0.029167
0 0.950521 0.344213 0.019271 0.017130
0 0.788802 0.015509 0.012500 0.028241
0 0.803385 0.063194 0.012500 0.028241
0 0.711458 0.798148 0.011979 0.025926
0 0.732031 0.818981 0.011979 0.025926
0 0.743620 0.924074 0.010156 0.029630
0 0.733984 0.946759 0.010156 0.029630
0 0.807943 0.875000 0.010156 0.029630
0 0.849740 0.802083 0.010417 0.026389
0 0.824219 0.921065 0.013021 0.032870
