0 0.648438 0.668056 0.014583 0.025926
0 0.572786 0.212500 0.016927 0.016667
0 0.710807 0.834722 0.009635 0.027778
0 0.825521 0.191204 0.015625 0.026852
0 0.389974 0.224537 0.016406 0.015741
0 0.786979 0.079167 0.011979 0.022222
0 0.826042 0.154167 0.012500 0.023148
0 0.930599 0.183565 0.017448 0.015278
0 0.712240 0.387037 0.022396 0.012963
0 0.647526 0.396991 0.019010 0.014352
0 0.077083 0.332639 0.019271 0.018056
0 0.089844 0.314583 0.019271 0.018056
0 0.372526 0.372454 0.017969 0.012500
0 0.545964 0.391898 0.017969 0.012500
0 0.595182 0.378935 0.017969 0.012500
0 0.589453 0.400231 0.017969 0.012500
0 0.766797 0.381944 0.017448 0.018519
0 0.555859 0.215278 0.016927 0.016667
0 0.533984 0.224537 0.016927 0.016667
0 0.605729 0.233565 0.012500 0.026389
0 0.586979 0.297454 0.011979 0.032870
0 0.567057 0.332870 0.011719 0.029630
0 0.638802 0.121065 0.012500 0.026389
0 0.670833 0.042130 0.014063 0.030556
0 0.711589 0.135648 0.016927 0.016667
0 0.762370 0.132870 0.016927 0.016667
0 0.764062 0.068519 0.010937 0.027778
0 0.567839 0.523380 0.012760 0.031019
0 0.895833 0.475463 0.010417 0.032407
0 0.697526 0.767824 0.013281 0.028241
0 0.706901 0.888426 0.009635 0.027778
0 0.714974 0.987269 0.008594 0.025463
