0 0.573828 0.213657 0.016406 0.017130
0 0.169792 0.209722 0.018750 0.014815
0 0.649219 0.695602 0.014583 0.028241
0 0.513932 0.229167 0.020052 0.016667
0 0.761719 0.060648 0.012500 0.026852
0 0.572786 0.285880 0.012240 0.031019
0 0.069922 0.309722 0.017448 0.015741
0 0.235417 0.353704 0.019271 0.012963
0 0.605990 0.623611 0.014583 0.023148
0 0.789583 0.088889 0.012500 0.023148
0 0.845833 0.225694 0.013542 0.026389
0 0.267578 0.439815 0.017969 0.015741
0 0.556510 0.215509 0.015625 0.017130
0 0.966536 0.189815 0.016927 0.011111
0 0.626042 0.198148 0.016667 0.027778
0 0.627083 0.624769 0.014063 0.027315
0 0.594010 0.267593 0.011979 0.026852
0 0.717969 0.918519 0.008333 0.028704
0 0.302083 0.365972 0.019271 0.014352
0 0.865104 0.216898 0.014063 0.027315
0 0.715495 0.988194 0.009115 0.023611
0 0.582682 0.561806 0.011198 0.027315
0 0.228385 0.374074 0.019271 0.012963
0 0.297135 0.389352 0.019271 0.012963
0 0.358073 0.395370 0.019271 0.012963
0 0.416927 0.400463 0.019271 0.012963
0 0.667578 0.061806 0.014323 0.031019
0 0.749089 0.131250 0.016406 0.017130
0 0.807031 0.157407 0.015625 0.026852
0 0.775781 0.055556 0.012500 0.023148
0 0.590495 0.540509 0.011198 0.027315
0 0.709896 0.818056 0.010937 0.027778
0 0.814974 0.734722 0.016927 0.042593
