0 0.145573 0.213889 0.013542 0.028704
0 0.748047 0.035648 0.011719 0.011111
0 0.123438 0.578935 0.009375 0.025463
0 0.193620 0.181944 0.013281 0.017593
0 0.307552 0.173611 0.011458 0.028704
0 0.447917 0.908333 0.015625 0.016667
0 0.251042 0.326620 0.009896 0.030093
0 0.416536 0.819444 0.014844 0.012963
0 0.943620 0.375463 0.014323 0.013889
0 0.686458 0.037500 0.017188 0.013889
0 0.311198 0.519676 0.010417 0.023611
0 0.067969 0.428704 0.021354 0.017593
0 0.290234 0.165046 0.011719 0.027315
0 0.046354 0.339352 0.015104 0.012963
0 0.683333 0.127546 0.010417 0.013426
0 0.454036 0.395139 0.016927 0.015278
0 0.583594 0.423148 0.013542 0.012963
0 0.502214 0.416435 0.021094 0.015278
0 0.414844 0.433565 0.025521 0.024537
0 0.238672 0.851157 0.007552 0.031944
0 0.799740 0.378009 0.020833 0.013426
0 0.033724 0.432639 0.023698 0.018981
0 0.538672 0.419676 0.014323 0.015278
0 0.567969 0.341435 0.025000 0.014352
0 0.341667 0.334954 0.012500 0.030093
0 0.433854 0.953935 0.016667 0.015278
0 0.413021 0.782639 0.011458 0.014352
0 0.365234 0.979167 0.008073 0.026852
0 0.389974 0.646528 0.011198 0.026389
0 0.265885 0.728472 0.007812 0.028241
0 0.416276 0.409028 0.015365 0.014352
0 0.386719 0.936111 0.009375 0.028704
0 0.265495 0.561574 0.026302 0.021296
0 0.268490 0.589120 0.013542 0.018056
0 0.386719 0.424306 0.016146 0.018056
0 0.414974 0.853241 0.012760 0.013889
0 0.173437 0.536806 0.015104 0.020833
0 0.417187 0.838194 0.015104 0.013426
0 0.022396 0.680324 0.018229 0.017130
0 0.336068 0.228704 0.017448 0.028704
0 0.248958 0.400463 0.008333 0.027778
0 0.558724 0.421296 0.015885 0.013889
0 0.436979 0.973380 0.015104 0.015278
0 0.124349 0.237500 0.014323 0.023148
0 0.025651 0.646528 0.011719 0.014352
0 0.413281 0.882639 0.016146 0.015278
0 0.366146 0.947222 0.007292 0.024074
0 0.349349 0.498611 0.011198 0.021296
0 0.388672 0.759491 0.007031 0.020833
0 0.386979 0.832639 0.007292 0.023611
0 0.389844 0.685185 0.007812 0.024074
0 0.258333 0.894907 0.008854 0.025926
0 0.571094 0.272917 0.012500 0.019907
0 0.253385 0.215046 0.008854 0.027315
0 0.382682 0.455324 0.014323 0.019907
0 0.210417 0.357870 0.007292 0.027778
0 0.024870 0.662269 0.011719 0.014352
0 0.192188 0.577315 0.014063 0.017593
0 0.249870 0.766435 0.007552 0.030093
0 0.273698 0.767824 0.007812 0.028241
0 0.386719 0.864120 0.007292 0.023611
0 0.414844 0.868056 0.014583 0.012037
0 0.414323 0.801852 0.011979 0.011111
0 0.389974 0.720370 0.007031 0.025000
0 0.069141 0.299306 0.015365 0.016204
0 0.080729 0.319444 0.013542 0.014815
0 0.113802 0.288657 0.013021 0.020833
0 0.260547 0.407639 0.006510 0.025463
0 0.280208 0.041435 0.008854 0.027315
0 0.280469 0.099074 0.010417 0.032407
0 0.340365 0.472222 0.014583 0.025000
0 0.412240 0.301620 0.019792 0.018056
0 0.661068 0.410185 0.014323 0.012037
0 0.800521 0.439352 0.016667 0.012963
0 0.945182 0.433796 0.014323 0.013889
0 0.734505 0.036574 0.011719 0.011111
0 0.717578 0.170833 0.010677 0.025000
0 0.729948 0.170602 0.009375 0.018981
0 0.856901 0.153935 0.008594 0.024537
0 0.939974 0.140972 0.009635 0.021759
0 0.950651 0.143287 0.010156 0.025463
