0 0.608333 0.678009 0.013542 0.019907
0 0.805469 0.716435 0.012500 0.023611
0 0.430078 0.591667 0.012760 0.016667
0 0.250130 0.576852 0.019010 0.013889
0 0.553516 0.570370 0.010156 0.024074
0 0.375130 0.589583 0.017969 0.014352
0 0.612109 0.652315 0.011198 0.016667
0 0.678906 0.694907 0.014583 0.013889
0 0.590885 0.163426 0.015625 0.029630
0 0.569531 0.567824 0.012500 0.026389
0 0.659245 0.771296 0.011719 0.023148
0 0.681380 0.845370 0.008073 0.022222
0 0.862240 0.578241 0.016146 0.018519
0 0.767318 0.662500 0.018490 0.020370
0 0.649349 0.147685 0.016406 0.018519
0 0.181771 0.229167 0.016667 0.017593
0 0.687240 0.881250 0.009896 0.025463
0 0.728385 0.086343 0.012500 0.027315
0 0.554297 0.315278 0.011198 0.022222
0 0.025521 0.362963 0.015104 0.015741
0 0.182943 0.247917 0.015885 0.016204
0 0.954167 0.532407 0.018750 0.023148
0 0.742057 0.073611 0.013802 0.026852
0 0.642057 0.444907 0.019531 0.012037
0 0.730859 0.039583 0.011198 0.026389
0 0.783594 0.153704 0.011979 0.022222
0 0.714453 0.032176 0.022656 0.063426
0 0.857422 0.185648 0.015885 0.015741
0 0.955859 0.182176 0.014844 0.014352
0 0.790755 0.354861 0.014844 0.014352
0 0.840234 0.541204 0.011198 0.029630
0 0.778516 0.810880 0.011198 0.024537
0 0.672526 0.759722 0.011719 0.023148
0 0.673568 0.814352 0.009635 0.021296
0 0.686068 0.803241 0.009635 0.021296
0 0.695443 0.869676 0.008594 0.027315
0 0.691146 0.947917 0.009896 0.025463
0 0.702083 0.984954 0.009896 0.025463
0 0.026953 0.519213 0.017448 0.018981
0 0.094010 0.361111 0.015104 0.015741
0 0.157292 0.396759 0.015104 0.015741
0 0.331901 0.250231 0.015885 0.011574
0 0.387630 0.228704 0.015365 0.014815
0 0.409505 0.252315 0.015365 0.014815
0 0.376172 0.421759 0.015365 0.014815
0 0.429818 0.251389 0.015365 0.014815
0 0.451172 0.251389 0.015365 0.014815
0 0.479557 0.251389 0.015365 0.014815
0 0.500651 0.245833 0.015365 0.014815
0 0.521484 0.240972 0.014323 0.016204
0 0.536068 0.237731 0.014323 0.016204
0 0.538411 0.324306 0.010156 0.031019
0 0.660286 0.384028 0.016406 0.017130
