0 0.635547 0.131481 0.013281 0.025926
0 0.923698 0.506481 0.016146 0.021296
0 0.632682 0.610648 0.015885 0.018519
0 0.702214 0.640972 0.016927 0.018056
0 0.153385 0.236111 0.016667 0.016667
0 0.680339 0.684722 0.014323 0.022222
0 0.864583 0.193519 0.014583 0.023148
0 0.775651 0.106944 0.015885 0.018519
0 0.860547 0.116435 0.016927 0.018981
0 0.988802 0.454630 0.017708 0.019444
0 0.315885 0.568287 0.015104 0.015278
0 0.730469 0.765278 0.010417 0.024074
0 0.607422 0.268750 0.011198 0.019907
0 0.750000 0.898148 0.011979 0.026852
0 0.128646 0.574537 0.015104 0.014815
0 0.758333 0.849537 0.010937 0.027778
0 0.700260 0.689815 0.013021 0.021296
0 0.578646 0.205324 0.018229 0.018056
0 0.258724 0.380787 0.012760 0.018981
0 0.690234 0.357407 0.022135 0.019444
0 0.735156 0.738657 0.011458 0.023611
0 0.514714 0.220370 0.015885 0.019444
0 0.630208 0.203241 0.015104 0.030556
0 0.146745 0.542593 0.017448 0.016667
0 0.115365 0.378009 0.017708 0.014352
0 0.265365 0.238889 0.020313 0.018519
0 0.746615 0.780556 0.011458 0.025000
0 0.919661 0.584491 0.014323 0.024537
0 0.717969 0.695370 0.016667 0.027778
0 0.738281 0.800926 0.010417 0.023148
0 0.716016 0.726389 0.013281 0.025000
0 0.548047 0.211111 0.017448 0.016667
0 0.485807 0.379630 0.017969 0.018519
0 0.896745 0.636111 0.014323 0.024074
0 0.061589 0.341898 0.016406 0.016204
0 0.311589 0.378935 0.020573 0.017130
0 0.473568 0.224074 0.015365 0.016667
0 0.577604 0.387037 0.017188 0.016667
0 0.751172 0.966204 0.008073 0.025926
0 0.761198 0.937269 0.009375 0.030093
0 0.804297 0.054398 0.016406 0.031019
0 0.717448 0.107870 0.017708 0.018519
0 0.884375 0.239815 0.013021 0.026852
