0 0.645703 0.734954 0.011719 0.022685
0 0.791146 0.691435 0.018750 0.018981
0 0.609896 0.206019 0.012500 0.027778
0 0.826562 0.193056 0.012500 0.024074
0 0.650651 0.192824 0.014844 0.018981
0 0.306380 0.416435 0.020573 0.013426
0 0.686068 0.889815 0.011198 0.022222
0 0.602083 0.627546 0.014583 0.019907
0 0.629818 0.219213 0.012760 0.023611
0 0.685417 0.408796 0.018229 0.012963
0 0.839063 0.785185 0.009896 0.025000
0 0.486719 0.424769 0.019271 0.018056
0 0.642318 0.118287 0.012760 0.023611
0 0.704948 0.428241 0.015104 0.012037
0 0.905859 0.377546 0.016927 0.017130
0 0.904036 0.432639 0.016927 0.017130
0 0.687630 0.800694 0.011719 0.022685
0 0.711849 0.925231 0.007552 0.032870
