0 0.750000 0.665278 0.015625 0.015741
0 0.624219 0.605093 0.019792 0.022222
0 0.843750 0.618056 0.016667 0.020370
0 0.785547 0.109491 0.014844 0.018981
0 0.089844 0.572222 0.019271 0.016667
0 0.176172 0.550231 0.023698 0.022685
0 0.568750 0.206019 0.015104 0.015741
0 0.750911 0.813889 0.010156 0.029630
0 0.955599 0.476157 0.042448 0.043981
0 0.706771 0.711343 0.011979 0.022685
0 0.566146 0.587731 0.016667 0.017130
0 0.729167 0.101620 0.016146 0.016204
0 0.758594 0.969907 0.008333 0.023148
0 0.273047 0.581019 0.016927 0.014815
0 0.642448 0.045833 0.013021 0.022222
0 0.213542 0.240509 0.019792 0.017130
0 0.336198 0.384954 0.016146 0.016204
0 0.801693 0.316204 0.019531 0.018519
0 0.838151 0.776157 0.012760 0.029167
0 0.037370 0.569444 0.016406 0.013889
0 0.771094 0.035880 0.012500 0.026389
0 0.069922 0.239120 0.023177 0.017130
0 0.854818 0.760417 0.012760 0.030093
0 0.737109 0.796528 0.011198 0.026389
0 0.743880 0.777778 0.010677 0.023148
0 0.664193 0.137269 0.013802 0.020833
0 0.504818 0.226620 0.022656 0.017130
0 0.356120 0.235417 0.017448 0.015278
0 0.447266 0.570370 0.016927 0.016667
0 0.617839 0.174306 0.016927 0.023611
0 0.795443 0.044907 0.014323 0.028704
0 0.811849 0.128009 0.017448 0.020833
0 0.868099 0.158102 0.013281 0.027315
0 0.938542 0.133796 0.015625 0.017593
0 0.834375 0.328704 0.019271 0.018519
0 0.765625 0.350694 0.019271 0.018981
0 0.897396 0.281481 0.019271 0.018519
0 0.889974 0.640046 0.012760 0.031019
0 0.840495 0.836806 0.010677 0.030093
0 0.716406 0.738657 0.011979 0.022685
0 0.725911 0.719444 0.016927 0.034259
0 0.726302 0.762731 0.011979 0.022685
0 0.735417 0.750231 0.011458 0.024537
0 0.741536 0.830787 0.011198 0.026389
0 0.744141 0.863426 0.008594 0.019444
0 0.755599 0.849306 0.008594 0.026389
0 0.756641 0.880787 0.008594 0.026389
0 0.747526 0.907639 0.008594 0.026389
0 0.756641 0.917361 0.008594 0.026389
0 0.748047 0.948380 0.008594 0.026389
0 0.748828 0.985417 0.008594 0.026389
0 0.739062 0.930324 0.010417 0.039352
