0 0.644661 0.609722 0.011198 0.017593
0 0.811849 0.637037 0.015365 0.018519
0 0.843620 0.601389 0.013802 0.017593
0 0.722396 0.747222 0.009896 0.020370
0 0.903516 0.242824 0.009115 0.020833
0 0.622396 0.106944 0.013542 0.021296
0 0.413542 0.462963 0.016667 0.016667
0 0.137370 0.223148 0.016927 0.012963
0 0.775391 0.104861 0.016406 0.016204
0 0.870573 0.154861 0.016146 0.020833
0 0.735807 0.794444 0.011198 0.025926
0 0.709115 0.716204 0.011979 0.023148
0 0.155599 0.364583 0.015365 0.018056
0 0.581901 0.585417 0.014844 0.015278
0 0.723437 0.708796 0.011979 0.022222
0 0.738932 0.656481 0.017448 0.013889
0 0.474089 0.228009 0.013802 0.017130
0 0.931120 0.574306 0.014844 0.026389
0 0.478776 0.570602 0.035677 0.023611
0 0.803776 0.109028 0.014323 0.018056
0 0.745443 0.845139 0.011198 0.018981
0 0.901042 0.528704 0.011458 0.020370
0 0.205208 0.220370 0.021354 0.017593
0 0.885938 0.669907 0.011458 0.024074
0 0.772135 0.335417 0.016146 0.012500
0 0.634245 0.198843 0.012760 0.019907
0 0.685026 0.009028 0.011198 0.014352
0 0.572526 0.210417 0.013802 0.017130
0 0.671615 0.140741 0.013542 0.021296
0 0.596484 0.203241 0.013281 0.017593
0 0.611849 0.215741 0.011198 0.021296
0 0.773568 0.028009 0.011719 0.017130
0 0.646875 0.378472 0.016667 0.014352
0 0.861719 0.663889 0.011458 0.024074
0 0.669661 0.620833 0.011198 0.017593
0 0.737500 0.748611 0.009896 0.020370
0 0.746224 0.781250 0.008594 0.019907
0 0.757682 0.850231 0.011198 0.018981
0 0.761849 0.937963 0.011198 0.019444
0 0.750260 0.939352 0.009896 0.026852
