0 0.656641 0.756944 0.012240 0.021296
0 0.629687 0.711111 0.013021 0.018519
0 0.568099 0.604398 0.013281 0.024537
0 0.681641 0.835417 0.008594 0.027315
0 0.646224 0.703009 0.011719 0.018056
0 0.613281 0.191898 0.015104 0.020833
0 0.007292 0.343519 0.012500 0.016667
0 0.567318 0.233102 0.013802 0.019907
0 0.762370 0.161806 0.013281 0.022685
0 0.566406 0.151852 0.015104 0.021296
0 0.198568 0.464583 0.014844 0.013426
0 0.137240 0.395833 0.017188 0.016667
0 0.530339 0.241204 0.015365 0.014815
0 0.471224 0.256713 0.013802 0.014352
0 0.494401 0.251620 0.017448 0.015278
0 0.146875 0.583796 0.014583 0.013889
0 0.439453 0.255093 0.016406 0.012963
0 0.607031 0.471991 0.016667 0.016204
0 0.401042 0.255787 0.014583 0.014352
0 0.511198 0.248380 0.014583 0.013426
0 0.642318 0.039583 0.012240 0.028241
0 0.717057 0.036343 0.010156 0.024537
0 0.732161 0.040046 0.010156 0.024537
0 0.732682 0.096991 0.010156 0.024537
0 0.752344 0.088426 0.010937 0.023148
0 0.778776 0.139352 0.016927 0.032407
0 0.846484 0.180556 0.011719 0.013889
0 0.830339 0.269676 0.010677 0.022685
0 0.633594 0.450000 0.016667 0.015741
0 0.860286 0.529861 0.014844 0.038426
0 0.601953 0.632639 0.011719 0.018056
0 0.682552 0.785648 0.010937 0.023148
0 0.690755 0.827083 0.009635 0.024537
0 0.779557 0.802083 0.009635 0.024537
0 0.700000 0.883333 0.009896 0.028704
0 0.690885 0.910185 0.009896 0.029630
0 0.534896 0.402315 0.022396 0.017593
0 0.573828 0.258333 0.009635 0.019444
