0 0.126302 0.249306 0.015625 0.014352
0 0.691536 0.728241 0.011719 0.027778
0 0.172656 0.247917 0.015625 0.016204
0 0.767057 0.051389 0.014323 0.023148
0 0.868620 0.394213 0.020052 0.013426
0 0.773438 0.110648 0.014583 0.025926
0 0.594271 0.597454 0.029167 0.057870
0 0.645182 0.087963 0.011719 0.021296
0 0.643099 0.679167 0.013281 0.022222
0 0.565625 0.212037 0.015625 0.017593
0 0.723568 0.847454 0.010156 0.029167
0 0.727995 0.910880 0.008073 0.027315
0 0.708984 0.775926 0.013281 0.027778
0 0.669661 0.391204 0.016927 0.016667
0 0.142969 0.395370 0.019792 0.015741
0 0.014193 0.244907 0.013802 0.012037
0 0.070833 0.236343 0.018229 0.013426
0 0.703776 0.808565 0.010156 0.026389
0 0.536589 0.227083 0.016406 0.020833
0 0.294792 0.246065 0.015625 0.016204
0 0.406250 0.421991 0.018750 0.014352
0 0.502083 0.390972 0.015625 0.016204
0 0.558073 0.408102 0.015625 0.016204
0 0.610286 0.172917 0.014323 0.031019
0 0.708464 0.363426 0.016927 0.016667
0 0.924089 0.314815 0.016927 0.016667
0 0.963411 0.285185 0.016927 0.016667
0 0.805208 0.123148 0.014583 0.025926
0 0.807031 0.167130 0.014583 0.025926
0 0.657813 0.034491 0.013542 0.031944
0 0.879557 0.312963 0.033594 0.037037
0 0.625651 0.619676 0.027865 0.055093
0 0.686589 0.757870 0.011719 0.027778
0 0.728776 0.974074 0.008073 0.030556
