0 0.709245 0.687269 0.011719 0.018981
0 0.929557 0.504398 0.017448 0.018981
0 0.791406 0.027778 0.011979 0.022222
0 0.091927 0.565046 0.019792 0.014352
0 0.725260 0.774074 0.008854 0.022222
0 0.590625 0.272222 0.013021 0.023148
0 0.746875 0.360648 0.014583 0.021296
0 0.938672 0.145139 0.013802 0.016204
0 0.787891 0.086111 0.013802 0.020370
0 0.902083 0.545833 0.016667 0.023148
0 0.639583 0.185648 0.016146 0.017593
0 0.061458 0.417824 0.016146 0.016204
0 0.737370 0.825926 0.008594 0.025926
0 0.854557 0.674306 0.011719 0.025463
0 0.752214 0.849074 0.009635 0.033333
0 0.867969 0.181713 0.009375 0.027315
0 0.158724 0.234954 0.015885 0.019907
0 0.622135 0.591667 0.015625 0.026852
0 0.628776 0.557639 0.028385 0.053241
0 0.811849 0.065278 0.023177 0.046296
0 0.207813 0.367824 0.015104 0.013426
0 0.698177 0.708333 0.014583 0.021296
0 0.107161 0.367361 0.015885 0.014352
0 0.800130 0.114815 0.013802 0.020370
0 0.772266 0.021296 0.022656 0.041667
0 0.792188 0.347222 0.016146 0.012963
0 0.840885 0.313426 0.019792 0.017593
0 0.598698 0.519676 0.014063 0.032870
0 0.739062 0.770833 0.008854 0.022222
0 0.743099 0.896296 0.008594 0.025926
0 0.754297 0.909722 0.008594 0.025926
0 0.742318 0.954630 0.009115 0.026852
0 0.756901 0.978704 0.009115 0.026852
0 0.802734 0.915278 0.009115 0.026852
0 0.817839 0.857407 0.009115 0.026852
