0 0.893620 0.516435 0.012760 0.029167
0 0.947135 0.473380 0.016667 0.018981
0 0.690625 0.671065 0.018750 0.026389
0 0.792969 0.096065 0.015104 0.016204
0 0.620833 0.166667 0.013542 0.027778
0 0.652083 0.617130 0.017188 0.021296
0 0.180339 0.236111 0.018490 0.015741
0 0.715104 0.680093 0.013542 0.025000
0 0.716016 0.718519 0.013281 0.027778
0 0.787370 0.023148 0.013802 0.025000
0 0.690365 0.109491 0.015104 0.019907
0 0.850651 0.577546 0.016406 0.023611
0 0.983984 0.442824 0.014844 0.017130
0 0.745182 0.831019 0.010156 0.025926
0 0.666276 0.030787 0.011198 0.027315
0 0.990365 0.112963 0.016667 0.015741
0 0.919922 0.503009 0.016406 0.022685
0 0.729557 0.764815 0.010677 0.026852
0 0.749609 0.781481 0.010156 0.024074
0 0.867448 0.155556 0.014583 0.026852
0 0.304818 0.461111 0.021094 0.012963
0 0.632292 0.560417 0.015625 0.027315
0 0.735938 0.732407 0.010937 0.025000
0 0.737109 0.849074 0.010156 0.025926
0 0.761589 0.866204 0.010156 0.025926
0 0.750911 0.897685 0.010156 0.025926
0 0.743099 0.925463 0.010156 0.025926
0 0.763021 0.964352 0.009375 0.029630
0 0.752344 0.977315 0.009375 0.029630
0 0.852344 0.785880 0.011979 0.027315
0 0.824479 0.807407 0.011979 0.028704
0 0.944401 0.534491 0.016406 0.022685
0 0.941146 0.120833 0.016667 0.015741
0 0.848698 0.159028 0.016667 0.026389
0 0.658333 0.143287 0.016667 0.028241
0 0.680990 0.342593 0.016667 0.016667
0 0.583724 0.194444 0.016927 0.022222
0 0.564193 0.209722 0.016927 0.022222
0 0.541016 0.212037 0.016927 0.022222
0 0.521094 0.218287 0.018229 0.019907
0 0.498698 0.221528 0.018229 0.019907
0 0.470052 0.221528 0.018229 0.019907
