0 0.674349 0.662963 0.011719 0.015741
0 0.919401 0.525231 0.014844 0.019907
0 0.623047 0.089815 0.013802 0.022222
0 0.330729 0.210880 0.019271 0.016204
0 0.789323 0.095370 0.013542 0.018519
0 0.749089 0.806019 0.008594 0.021296
0 0.805469 0.664352 0.016146 0.016667
0 0.743620 0.849306 0.010156 0.025463
0 0.644010 0.622685 0.013021 0.016667
0 0.731901 0.779630 0.014323 0.025926
0 0.643359 0.162037 0.014323 0.022222
0 0.550260 0.574537 0.013542 0.018519
0 0.352995 0.382870 0.014323 0.022222
0 0.240625 0.572222 0.015625 0.016667
0 0.786198 0.017130 0.011979 0.023148
0 0.895312 0.491667 0.014583 0.022222
0 0.730729 0.725926 0.009375 0.025926
0 0.560547 0.207407 0.016406 0.014815
0 0.683464 0.643056 0.011198 0.015741
0 0.747005 0.893750 0.010156 0.026389
0 0.582943 0.319444 0.012240 0.017593
0 0.400260 0.205787 0.019271 0.016204
0 0.481510 0.220370 0.015104 0.013889
0 0.723307 0.101389 0.014323 0.022222
0 0.799479 0.043981 0.011979 0.023148
0 0.862500 0.182870 0.011979 0.023148
0 0.986068 0.316204 0.017448 0.017593
0 0.976693 0.508565 0.014844 0.019907
0 0.873307 0.578009 0.014844 0.019907
0 0.709896 0.723611 0.009375 0.025926
0 0.737891 0.756944 0.013802 0.021296
0 0.756120 0.916898 0.010156 0.026389
0 0.747005 0.947454 0.010156 0.026389
0 0.757422 0.953935 0.010156 0.026389
0 0.747526 0.988657 0.009635 0.022685
0 0.759766 0.988657 0.009635 0.022685
0 0.804036 0.928009 0.009635 0.022685
