0 0.722396 0.356481 0.015104 0.015741
0 0.351823 0.254630 0.015104 0.018519
0 0.384896 0.645370 0.009896 0.025926
0 0.553646 0.344213 0.018229 0.012500
0 0.248568 0.592130 0.016927 0.016667
0 0.162240 0.606481 0.006771 0.024074
0 0.411068 0.819676 0.014323 0.014352
0 0.258724 0.567130 0.017448 0.019444
0 0.942969 0.374769 0.018750 0.016204
0 0.408464 0.784028 0.013802 0.014352
0 0.109245 0.249769 0.021094 0.029167
0 0.182943 0.706481 0.010677 0.040741
0 0.117318 0.580093 0.010677 0.029630
0 0.245573 0.334259 0.010417 0.027778
0 0.476823 0.335417 0.019271 0.015278
0 0.230469 0.962269 0.008854 0.028241
0 0.384766 0.684259 0.010677 0.023148
0 0.412240 0.838657 0.015625 0.013426
0 0.210417 0.594907 0.030729 0.022222
0 0.727344 0.037731 0.015104 0.018981
0 0.429297 0.956019 0.016927 0.014815
0 0.408594 0.881944 0.016146 0.016667
0 0.016667 0.322917 0.020833 0.019907
0 0.677474 0.125926 0.011198 0.012037
0 0.395964 0.317593 0.016927 0.016667
0 0.409896 0.869907 0.015625 0.015741
0 0.411068 0.856019 0.016927 0.014815
0 0.173047 0.543519 0.020052 0.022222
0 0.946745 0.393519 0.021094 0.012037
0 0.204427 0.365278 0.010937 0.028704
0 0.139714 0.239352 0.015365 0.021296
0 0.132422 0.472917 0.015365 0.031019
0 0.289974 0.541204 0.016406 0.023148
0 0.421875 0.431481 0.018750 0.016667
0 0.444141 0.908565 0.014844 0.013426
0 0.384375 0.721296 0.007292 0.030556
0 0.432943 0.973380 0.014323 0.011574
0 0.233594 0.876157 0.009375 0.028241
0 0.847396 0.428009 0.017708 0.013426
0 0.752214 0.420602 0.014844 0.013426
0 0.442188 0.924769 0.016146 0.012500
0 0.361849 0.951620 0.007552 0.022685
0 0.497396 0.417593 0.016146 0.012963
0 0.569141 0.271296 0.011198 0.018519
0 0.152995 0.515972 0.019531 0.024537
0 0.682422 0.037963 0.016927 0.018519
0 0.070052 0.297917 0.017708 0.018056
0 0.170313 0.101852 0.014583 0.023148
0 0.382422 0.939352 0.009635 0.026852
0 0.214193 0.524769 0.011198 0.027315
0 0.342448 0.421759 0.008854 0.040741
0 0.019271 0.648380 0.014583 0.013426
0 0.018620 0.665972 0.014323 0.013426
0 0.016146 0.683333 0.017708 0.013889
0 0.176693 0.614583 0.010677 0.027315
0 0.181641 0.651157 0.007552 0.032870
0 0.179297 0.783333 0.007552 0.025926
0 0.235547 0.715278 0.007552 0.025926
0 0.245443 0.772222 0.007552 0.025926
0 0.234245 0.804630 0.007552 0.025926
0 0.302995 0.564352 0.016406 0.023148
0 0.383724 0.761806 0.007552 0.028241
0 0.382422 0.831944 0.007031 0.025000
0 0.381901 0.861806 0.007552 0.025463
0 0.409375 0.800231 0.014583 0.012500
0 0.361068 0.980556 0.007552 0.022222
0 0.632552 0.414352 0.016146 0.012963
0 0.723568 0.170833 0.010156 0.017593
0 0.712370 0.170833 0.010156 0.017593
0 0.850000 0.150463 0.008854 0.024074
0 0.931771 0.141667 0.009896 0.023148
0 0.943620 0.143519 0.009115 0.028704
0 0.379167 0.107870 0.011979 0.073148
0 0.743229 0.035880 0.013542 0.011574
