0 0.556380 0.250926 0.016927 0.020370
0 0.205078 0.408333 0.017969 0.014815
0 0.661068 0.768981 0.015885 0.029630
0 0.802604 0.175463 0.021875 0.017593
0 0.708203 0.897222 0.011719 0.030556
0 0.657682 0.724074 0.013281 0.022222
0 0.630859 0.206250 0.016406 0.025463
0 0.622786 0.705787 0.016927 0.020833
0 0.877474 0.427778 0.023698 0.018519
0 0.543490 0.433565 0.020833 0.017130
0 0.273307 0.400463 0.017969 0.014815
0 0.405990 0.257870 0.021354 0.017593
0 0.605729 0.249537 0.014583 0.025926
0 0.570052 0.340046 0.013021 0.035648
0 0.670312 0.489120 0.020833 0.017130
0 0.820052 0.394213 0.020833 0.017130
0 0.698177 0.827315 0.013542 0.030556
0 0.712891 0.962037 0.011719 0.030556
0 0.693880 0.963426 0.011719 0.030556
0 0.774089 0.917593 0.014844 0.037037
