0 0.647917 0.739120 0.011979 0.018981
0 0.586849 0.649306 0.013802 0.020833
0 0.714323 0.144907 0.016146 0.014815
0 0.428646 0.422222 0.015625 0.013889
0 0.680469 0.790046 0.012500 0.024537
0 0.063021 0.245602 0.018229 0.010648
0 0.559115 0.590509 0.012500 0.024537
0 0.679818 0.841667 0.010677 0.030556
0 0.334766 0.480556 0.017448 0.010185
0 0.631771 0.681019 0.015104 0.020370
0 0.797396 0.167593 0.013021 0.020370
0 0.831771 0.223380 0.016146 0.029167
0 0.302865 0.461343 0.017188 0.011574
0 0.494271 0.252315 0.015625 0.012963
0 0.549870 0.285417 0.010677 0.023611
0 0.593620 0.223380 0.015365 0.030093
0 0.478516 0.256019 0.013281 0.010185
0 0.529297 0.241898 0.014844 0.012500
0 0.109896 0.368519 0.018229 0.011111
0 0.214844 0.388194 0.018229 0.011574
0 0.285417 0.417593 0.015625 0.010185
0 0.424740 0.256019 0.012500 0.010185
0 0.552344 0.336806 0.008854 0.021759
0 0.511068 0.249306 0.014844 0.013426
0 0.456771 0.256481 0.013021 0.010185
0 0.569922 0.568519 0.010677 0.022222
0 0.701693 0.907176 0.010156 0.024537
0 0.656120 0.726157 0.012760 0.019907
0 0.802995 0.738194 0.014844 0.043056
0 0.702995 0.979398 0.010156 0.024537
0 0.833464 0.564352 0.011719 0.025926
0 0.815495 0.599769 0.013802 0.024537
0 0.804818 0.349769 0.020573 0.017130
0 0.817318 0.253009 0.011719 0.021759
0 0.670573 0.146991 0.012500 0.013426
0 0.791667 0.203241 0.015104 0.023148
0 0.569271 0.224769 0.013021 0.026389
0 0.644922 0.036806 0.010677 0.021759
0 0.716797 0.041204 0.010156 0.024074
0 0.731901 0.039352 0.010156 0.024074
0 0.732422 0.091204 0.010156 0.024074
0 0.748568 0.081944 0.010677 0.022222
0 0.982552 0.174306 0.013542 0.010648
