0 0.727604 0.728472 0.011458 0.022685
0 0.572526 0.199074 0.016927 0.017593
0 0.811979 0.125694 0.011979 0.018981
0 0.693359 0.693750 0.013281 0.018981
0 0.712240 0.106019 0.015625 0.023148
0 0.644141 0.632639 0.013802 0.018981
0 0.781510 0.664352 0.019271 0.017593
0 0.646484 0.156944 0.014323 0.021296
0 0.740625 0.847685 0.009375 0.026852
0 0.881641 0.174537 0.014844 0.023148
0 0.829427 0.393519 0.019271 0.014815
0 0.864193 0.621296 0.014844 0.024074
0 0.586198 0.301620 0.014063 0.024537
0 0.148698 0.354630 0.016146 0.016667
0 0.923698 0.361806 0.019792 0.016204
0 0.550260 0.575926 0.015625 0.016667
0 0.666146 0.623611 0.012500 0.016667
0 0.619271 0.093750 0.012500 0.020833
0 0.803255 0.063426 0.014844 0.022222
0 0.144271 0.563889 0.013021 0.020370
0 0.735807 0.799769 0.009115 0.025463
0 0.394531 0.208796 0.016146 0.016667
0 0.445052 0.440278 0.016146 0.016667
0 0.748958 0.420833 0.016146 0.016667
0 0.898568 0.295602 0.014323 0.016204
0 0.876953 0.557407 0.014844 0.024074
0 0.859766 0.742593 0.014844 0.024074
0 0.835286 0.852778 0.014844 0.024074
0 0.804688 0.924537 0.014583 0.029630
0 0.923047 0.587963 0.034635 0.056481
0 0.721875 0.751157 0.011458 0.022685
0 0.734635 0.752546 0.011458 0.022685
0 0.742318 0.895602 0.009115 0.025463
0 0.756901 0.914120 0.009115 0.025463
0 0.756901 0.956250 0.009115 0.025463
0 0.746484 0.984028 0.009115 0.025463
0 0.755859 0.987269 0.009115 0.025463
0 0.751172 0.830787 0.019531 0.067130
