0 0.803776 0.612500 0.014844 0.021296
0 0.755599 0.156713 0.013802 0.022685
0 0.567318 0.607870 0.014323 0.025000
0 0.288672 0.577083 0.016406 0.016204
0 0.647266 0.748843 0.012760 0.023611
0 0.611198 0.686806 0.013021 0.019907
0 0.418750 0.585880 0.015625 0.017130
0 0.677083 0.835417 0.011458 0.030093
0 0.649219 0.157407 0.015625 0.017593
0 0.433073 0.416898 0.017708 0.014352
0 0.682943 0.146991 0.014844 0.014352
0 0.676823 0.788426 0.011458 0.026852
0 0.691797 0.842361 0.010156 0.027315
0 0.136068 0.237963 0.014323 0.014815
0 0.924349 0.517130 0.017969 0.014815
0 0.911589 0.396065 0.016927 0.014352
0 0.843099 0.608565 0.020052 0.032870
0 0.711198 0.390741 0.016146 0.011111
0 0.982943 0.484491 0.016927 0.019907
0 0.558333 0.477083 0.017708 0.014352
0 0.874479 0.560417 0.015625 0.021759
0 0.227474 0.404167 0.014844 0.012963
0 0.459635 0.397685 0.013542 0.012963
0 0.402083 0.247685 0.011979 0.013889
0 0.951042 0.502083 0.015104 0.019907
0 0.652083 0.800231 0.011979 0.031944
0 0.642578 0.702083 0.013281 0.022685
0 0.066406 0.365972 0.016146 0.017130
0 0.162240 0.372454 0.015104 0.015278
0 0.544922 0.537963 0.012240 0.025926
0 0.534245 0.415972 0.016406 0.015278
0 0.566406 0.393056 0.013542 0.013889
0 0.429297 0.249074 0.014844 0.014815
0 0.450391 0.249769 0.013802 0.013426
0 0.467318 0.249769 0.013802 0.013426
0 0.489193 0.244676 0.013802 0.013426
0 0.567708 0.214815 0.030208 0.031481
0 0.517057 0.235417 0.013802 0.013426
0 0.634245 0.059722 0.011198 0.025000
0 0.722266 0.071759 0.012240 0.025926
0 0.810417 0.173380 0.015104 0.019907
0 0.828125 0.286574 0.011979 0.023148
0 0.716797 0.368287 0.016927 0.012500
0 0.979948 0.517361 0.015625 0.020833
0 0.924479 0.556481 0.014583 0.019444
0 0.684115 0.915741 0.010937 0.026852
0 0.697526 0.933565 0.010677 0.024537
