0 0.275521 0.570833 0.016667 0.015741
0 0.531380 0.576852 0.011719 0.011111
0 0.207031 0.552315 0.018229 0.016667
0 0.672786 0.629167 0.015885 0.020370
0 0.629818 0.634722 0.012760 0.020370
0 0.743229 0.871759 0.009375 0.022222
0 0.684245 0.125926 0.014844 0.025926
0 0.697656 0.668981 0.013021 0.021296
0 0.816406 0.118519 0.013021 0.026852
0 0.827865 0.105787 0.013021 0.018981
0 0.015885 0.558565 0.016667 0.016204
0 0.644010 0.620370 0.014063 0.021296
0 0.583073 0.591435 0.021875 0.020833
0 0.742839 0.787269 0.020052 0.064352
0 0.580208 0.371991 0.016667 0.016204
0 0.986589 0.138889 0.013281 0.014815
0 0.605469 0.254167 0.013542 0.022222
0 0.718620 0.744213 0.010677 0.023611
0 0.130859 0.374537 0.018490 0.018519
0 0.730339 0.106713 0.015365 0.017130
0 0.325521 0.398843 0.016146 0.014352
0 0.776302 0.042593 0.009375 0.023148
0 0.796615 0.039583 0.017708 0.035648
0 0.346615 0.571296 0.016667 0.015741
0 0.652083 0.359259 0.019271 0.016667
0 0.527474 0.221296 0.023698 0.019444
0 0.862630 0.190972 0.009635 0.021759
0 0.687760 0.682870 0.013021 0.021296
0 0.846615 0.704167 0.010937 0.024074
0 0.733464 0.813194 0.010677 0.023611
0 0.750781 0.838889 0.009375 0.022222
0 0.755729 0.883333 0.009375 0.022222
0 0.745443 0.911806 0.009115 0.025463
0 0.801432 0.921991 0.009115 0.025463
0 0.756641 0.926157 0.009115 0.025463
0 0.745703 0.945139 0.009115 0.025463
0 0.746224 0.978472 0.009115 0.025463
0 0.755469 0.989815 0.008333 0.020370
0 0.158333 0.361111 0.016146 0.017593
