0 0.642839 0.145370 0.016406 0.020370
0 0.648568 0.646296 0.014323 0.020370
0 0.608464 0.118519 0.013281 0.026852
0 0.230599 0.574769 0.017448 0.017130
0 0.091276 0.567130 0.020052 0.017593
0 0.931250 0.493981 0.015625 0.019444
0 0.695052 0.689120 0.014583 0.022685
0 0.856120 0.585417 0.039844 0.056019
0 0.167448 0.573380 0.017188 0.017130
0 0.773438 0.103704 0.017188 0.018519
0 0.884245 0.509491 0.012760 0.028241
0 0.698698 0.728472 0.013021 0.024537
0 0.702344 0.670602 0.015104 0.027315
0 0.826172 0.835185 0.013802 0.027778
0 0.771094 0.035417 0.015625 0.031944
0 0.412500 0.571296 0.021354 0.018519
0 0.729688 0.770833 0.010937 0.026852
0 0.900521 0.451389 0.009375 0.025926
0 0.631120 0.589815 0.014323 0.024074
0 0.754167 0.828704 0.010417 0.025926
0 0.141927 0.367130 0.018750 0.017593
0 0.652214 0.598380 0.014844 0.023611
0 0.201042 0.243056 0.018750 0.015741
0 0.791667 0.041667 0.015104 0.029630
0 0.836849 0.145833 0.020573 0.032407
0 0.652865 0.024769 0.014063 0.031019
0 0.758594 0.953472 0.008854 0.029167
0 0.951172 0.479630 0.017448 0.019444
0 0.256771 0.379167 0.018750 0.017593
0 0.881771 0.193056 0.016146 0.029630
0 0.868099 0.208333 0.016406 0.029630
0 0.881120 0.306944 0.017969 0.017593
0 0.809766 0.878241 0.011198 0.031481
0 0.616667 0.528009 0.013542 0.028241
0 0.609245 0.560417 0.013802 0.028241
0 0.739193 0.761806 0.010677 0.027315
0 0.739714 0.821759 0.008594 0.020370
0 0.756120 0.885880 0.009115 0.029167
0 0.747266 0.886343 0.008073 0.026389
0 0.748047 0.946528 0.008594 0.029167
0 0.757422 0.981944 0.008594 0.029630
0 0.748047 0.982176 0.008594 0.025463
