0 0.711198 0.713657 0.013021 0.028241
0 0.832552 0.168981 0.013021 0.019444
0 0.861719 0.636343 0.016146 0.026389
0 0.614193 0.578472 0.011719 0.028241
0 0.154818 0.220370 0.017448 0.015741
0 0.655469 0.652778 0.018229 0.024074
0 0.310417 0.569444 0.016146 0.015741
0 0.706120 0.743981 0.010677 0.019444
0 0.269922 0.455556 0.015885 0.015741
0 0.268620 0.562731 0.016406 0.018056
0 0.634896 0.657176 0.012500 0.025463
0 0.923438 0.543056 0.015625 0.020370
0 0.608594 0.525231 0.012500 0.021759
0 0.201823 0.236343 0.019271 0.016204
0 0.226172 0.211806 0.017448 0.016204
0 0.694271 0.136806 0.018750 0.020833
0 0.719271 0.782407 0.009896 0.026852
0 0.664193 0.159028 0.014323 0.025463
0 0.589714 0.265741 0.011198 0.033333
0 0.784896 0.032176 0.011979 0.025463
0 0.720573 0.123843 0.018229 0.022685
0 0.617448 0.248380 0.012500 0.028241
0 0.771875 0.053241 0.011458 0.029630
0 0.581771 0.218981 0.015625 0.016667
0 0.893099 0.155093 0.017448 0.016667
0 0.941146 0.165278 0.016146 0.015741
0 0.340625 0.236343 0.020313 0.011574
0 0.410417 0.236343 0.015625 0.015278
0 0.985547 0.276157 0.013281 0.016204
0 0.535417 0.406019 0.018229 0.015741
0 0.459896 0.235648 0.011458 0.012037
0 0.012370 0.405556 0.023698 0.018519
0 0.283073 0.379861 0.013542 0.012500
0 0.438542 0.400231 0.013542 0.012500
0 0.499740 0.388194 0.013542 0.012500
0 0.743099 0.677083 0.017448 0.017130
0 0.733594 0.783102 0.009375 0.025463
0 0.730599 0.831713 0.009115 0.025463
0 0.738021 0.906019 0.009375 0.025926
0 0.750000 0.892824 0.009375 0.025463
0 0.813151 0.846065 0.009115 0.025463
0 0.750521 0.959491 0.009375 0.025463
0 0.893099 0.501620 0.009115 0.031944
0 0.844922 0.349769 0.016927 0.018981
0 0.941146 0.319907 0.015104 0.018519
0 0.582422 0.333102 0.007552 0.025463
0 0.556641 0.231019 0.013802 0.015741
0 0.500391 0.232870 0.013802 0.015741
0 0.534245 0.229167 0.013802 0.015741
0 0.444141 0.208565 0.014323 0.010648
0 0.302865 0.217593 0.015625 0.010185
0 0.301042 0.237731 0.015625 0.011574
0 0.098568 0.226852 0.017448 0.015741
0 0.659245 0.044907 0.012240 0.029630
