0 0.768750 0.694213 0.012500 0.014352
0 0.128125 0.231019 0.016146 0.016667
0 0.614583 0.660185 0.015104 0.016667
0 0.554948 0.572454 0.009896 0.020833
0 0.762891 0.156019 0.014844 0.023148
0 0.850260 0.558333 0.014063 0.028704
0 0.657422 0.719213 0.013281 0.028241
0 0.696354 0.866898 0.009375 0.025463
0 0.617318 0.189120 0.012760 0.022685
0 0.693490 0.136343 0.011979 0.013426
0 0.879818 0.561111 0.011719 0.016667
0 0.690495 0.893750 0.008594 0.024537
0 0.616797 0.099074 0.011719 0.022222
0 0.682552 0.837963 0.008854 0.022222
0 0.514453 0.476157 0.017448 0.013426
0 0.642839 0.725000 0.011198 0.023148
0 0.628385 0.721296 0.012500 0.021296
0 0.558984 0.222222 0.015365 0.021296
0 0.680469 0.376620 0.015625 0.016204
0 0.429167 0.252083 0.016146 0.016204
0 0.364323 0.253704 0.010937 0.012963
0 0.356250 0.223380 0.015625 0.014352
0 0.305339 0.246528 0.030990 0.021759
0 0.393880 0.251852 0.034115 0.024074
0 0.449740 0.254861 0.016146 0.016204
0 0.473307 0.253009 0.015365 0.015278
0 0.492578 0.249769 0.015365 0.015278
0 0.271224 0.580324 0.015365 0.015278
0 0.515365 0.418287 0.016146 0.015278
0 0.526302 0.244213 0.025521 0.025463
0 0.726693 0.018750 0.010156 0.025463
0 0.722005 0.066667 0.009115 0.022222
0 0.739453 0.061111 0.011719 0.024074
0 0.781120 0.145833 0.012240 0.021296
0 0.834115 0.178009 0.014063 0.017130
0 0.921615 0.188657 0.014063 0.016204
0 0.562760 0.547222 0.010937 0.026852
0 0.838021 0.530556 0.010937 0.026852
0 0.661198 0.770370 0.010417 0.023148
0 0.681380 0.784954 0.009635 0.025463
0 0.670703 0.798843 0.009635 0.025463
0 0.692057 0.824306 0.009635 0.025463
0 0.703255 0.943287 0.008594 0.024537
0 0.692057 0.958565 0.008594 0.024537
