0 0.906771 0.515509 0.016667 0.021759
0 0.534766 0.572222 0.015365 0.016667
0 0.741276 0.765278 0.010677 0.026852
0 0.758073 0.912731 0.008854 0.031019
0 0.727995 0.721991 0.011198 0.025463
0 0.353646 0.569907 0.016146 0.014815
0 0.269141 0.577315 0.017448 0.013889
0 0.402214 0.566204 0.016927 0.017593
0 0.691016 0.119907 0.017448 0.023148
0 0.748568 0.956019 0.008594 0.026852
0 0.664193 0.612269 0.014844 0.018981
0 0.260026 0.215278 0.020052 0.016667
0 0.749349 0.806944 0.010677 0.025926
0 0.754818 0.839815 0.010677 0.027778
0 0.689193 0.681019 0.015365 0.024074
0 0.708594 0.678241 0.012500 0.021296
0 0.525521 0.218056 0.018750 0.018519
0 0.715495 0.735417 0.012240 0.023611
0 0.221875 0.238194 0.018750 0.017130
0 0.179948 0.425694 0.019271 0.016204
0 0.108464 0.565509 0.018490 0.020833
0 0.549740 0.213657 0.018750 0.018056
0 0.369141 0.461343 0.017448 0.017130
0 0.204297 0.216204 0.020052 0.016667
0 0.332422 0.233102 0.016927 0.013426
0 0.893099 0.130556 0.018490 0.018519
0 0.591146 0.450231 0.018750 0.017130
0 0.874089 0.381481 0.017969 0.018519
0 0.727865 0.765278 0.012500 0.028704
0 0.737891 0.808102 0.009115 0.027315
0 0.743099 0.844907 0.008594 0.027778
0 0.756901 0.872222 0.008594 0.027778
0 0.745443 0.874769 0.008073 0.023611
0 0.748698 0.914583 0.008333 0.026389
0 0.758594 0.958796 0.008854 0.026852
