0 0.612891 0.694213 0.016406 0.026389
0 0.476432 0.595833 0.015365 0.016667
0 0.753516 0.674074 0.016406 0.018519
0 0.672396 0.772454 0.012500 0.025463
0 0.656901 0.765741 0.011719 0.027778
0 0.627995 0.680787 0.015365 0.021759
0 0.013932 0.529861 0.019531 0.024537
0 0.026172 0.557407 0.028906 0.022222
0 0.671745 0.804167 0.011198 0.022222
0 0.234766 0.577546 0.016927 0.014352
0 0.875391 0.186574 0.020052 0.015741
0 0.643490 0.134259 0.016146 0.020370
0 0.306901 0.225463 0.016927 0.019444
0 0.743490 0.159259 0.018229 0.024074
0 0.723307 0.685880 0.017969 0.018056
0 0.697005 0.140741 0.014323 0.022222
0 0.732682 0.052778 0.012760 0.030556
0 0.540495 0.621296 0.013802 0.016667
0 0.685937 0.814583 0.015104 0.029167
0 0.550391 0.335185 0.010156 0.029630
0 0.489453 0.252315 0.011719 0.022222
0 0.828906 0.361343 0.016667 0.018981
0 0.828516 0.178241 0.020052 0.015741
0 0.748047 0.090972 0.015365 0.024537
0 0.712760 0.020602 0.011458 0.028241
0 0.523828 0.235648 0.033594 0.025000
0 0.462891 0.252315 0.033594 0.025000
0 0.421224 0.248611 0.016927 0.019444
0 0.355078 0.246759 0.016927 0.019444
0 0.380859 0.247685 0.016927 0.019444
0 0.301172 0.248148 0.016927 0.019444
0 0.817057 0.660417 0.016406 0.026389
0 0.694922 0.864120 0.012760 0.030093
0 0.682031 0.862963 0.019271 0.071296
0 0.699089 0.928704 0.012240 0.027778
0 0.687109 0.922454 0.012760 0.030093
0 0.688021 0.978009 0.010417 0.025463
0 0.766016 0.963889 0.012240 0.027778
0 0.760286 0.880556 0.012240 0.027778
