0 0.915104 0.514815 0.016146 0.021296
0 0.778255 0.644907 0.018490 0.017593
0 0.711198 0.718287 0.013021 0.022685
0 0.786198 0.096759 0.017708 0.018519
0 0.683073 0.636343 0.016667 0.018981
0 0.578125 0.193750 0.018229 0.019907
0 0.623307 0.623611 0.011719 0.016667
0 0.434635 0.568056 0.016146 0.018519
0 0.734635 0.098148 0.018750 0.017593
0 0.883333 0.669213 0.011458 0.026389
0 0.672526 0.028935 0.012760 0.031019
0 0.727734 0.716204 0.011719 0.024074
0 0.825130 0.115278 0.013802 0.018519
0 0.683594 0.696065 0.014583 0.025463
0 0.644010 0.608102 0.009375 0.018981
0 0.235417 0.228704 0.021875 0.015741
0 0.756641 0.837500 0.009115 0.025926
0 0.751823 0.806944 0.009896 0.025926
0 0.410547 0.204398 0.021094 0.017130
0 0.735547 0.743056 0.011719 0.024074
0 0.723828 0.749074 0.012760 0.026852
0 0.844661 0.712731 0.014323 0.032870
0 0.738802 0.807407 0.009375 0.026852
0 0.344661 0.573148 0.016406 0.018519
0 0.026953 0.359491 0.019010 0.019907
0 0.599479 0.218519 0.012500 0.025926
0 0.115495 0.360417 0.021615 0.018056
0 0.745052 0.777083 0.010417 0.022685
0 0.402214 0.402315 0.019531 0.018519
0 0.557031 0.389352 0.015625 0.015741
0 0.778646 0.047917 0.014583 0.031944
0 0.767057 0.013194 0.012240 0.025463
0 0.839844 0.145602 0.015625 0.023611
0 0.827734 0.309722 0.019010 0.022222
0 0.737500 0.351852 0.016667 0.018519
0 0.735807 0.415046 0.019010 0.019907
0 0.986068 0.308333 0.019531 0.017593
0 0.900130 0.431944 0.010156 0.027778
0 0.833854 0.832407 0.010937 0.026852
0 0.759245 0.881481 0.009115 0.025926
0 0.746615 0.867824 0.009375 0.030093
0 0.747917 0.909954 0.009375 0.030093
0 0.759766 0.920139 0.009115 0.031944
0 0.749219 0.952546 0.008854 0.029167
0 0.760938 0.958102 0.008854 0.029167
0 0.750651 0.984028 0.008073 0.026389
