0 0.728776 0.150231 0.014323 0.016204
0 0.567318 0.209028 0.012760 0.027315
0 0.734245 0.680787 0.014844 0.019907
0 0.768880 0.160648 0.014323 0.013889
0 0.806901 0.656713 0.019531 0.029167
0 0.612109 0.712269 0.016927 0.025463
0 0.595052 0.660417 0.014063 0.028241
0 0.364583 0.475926 0.022917 0.016667
0 0.119401 0.229398 0.015365 0.014352
0 0.162370 0.554167 0.014844 0.015741
0 0.555208 0.588657 0.010417 0.018056
0 0.254557 0.243750 0.012240 0.014352
0 0.025781 0.224769 0.013021 0.015278
0 0.668359 0.760185 0.011719 0.024074
0 0.949349 0.500231 0.017448 0.018981
0 0.019661 0.355093 0.014844 0.015741
0 0.302865 0.393287 0.015104 0.015278
0 0.262240 0.406250 0.015104 0.015278
0 0.441406 0.418981 0.013542 0.012963
0 0.409375 0.247917 0.012500 0.011574
0 0.429948 0.249537 0.015104 0.016667
0 0.531641 0.230556 0.015885 0.019444
0 0.449219 0.249769 0.013542 0.013426
0 0.468229 0.246991 0.013542 0.013426
0 0.492708 0.240972 0.013542 0.013426
0 0.570833 0.254630 0.010417 0.025000
0 0.546875 0.344907 0.010417 0.025000
0 0.606120 0.185417 0.027344 0.033796
0 0.732292 0.099537 0.011458 0.026852
0 0.809766 0.240509 0.014323 0.024537
0 0.913802 0.187731 0.014583 0.012500
0 0.913542 0.312269 0.014583 0.012500
0 0.902083 0.335880 0.014583 0.012500
0 0.766406 0.358333 0.014583 0.014815
0 0.743490 0.385648 0.014583 0.014815
0 0.748437 0.440741 0.014583 0.014815
0 0.667448 0.378241 0.014583 0.014815
0 0.656510 0.400463 0.014583 0.014815
0 0.595833 0.624769 0.014063 0.028241
0 0.662109 0.784259 0.011719 0.024074
0 0.681120 0.799537 0.011719 0.024074
0 0.676172 0.844907 0.011719 0.024074
0 0.691016 0.859722 0.011719 0.024074
0 0.685286 0.913426 0.009635 0.021296
0 0.695182 0.924537 0.007552 0.024074
0 0.323437 0.580324 0.015104 0.015278
0 0.184505 0.396528 0.013281 0.015278
0 0.022135 0.336343 0.033333 0.024537
0 0.083464 0.373148 0.014844 0.015741
0 0.920573 0.519213 0.016146 0.016204
0 0.955729 0.530093 0.014063 0.017593
0 0.892708 0.595370 0.014063 0.017593
0 0.845573 0.599074 0.014063 0.017593
0 0.849089 0.661343 0.012240 0.021759
