0 0.674870 0.650926 0.013802 0.015741
0 0.631380 0.158796 0.010156 0.019444
0 0.064062 0.231713 0.015104 0.013426
0 0.714063 0.696759 0.012500 0.018519
0 0.739844 0.839120 0.007812 0.021759
0 0.174479 0.572454 0.013542 0.013426
0 0.111458 0.228009 0.014583 0.013426
0 0.723958 0.743981 0.009896 0.022222
0 0.694010 0.721991 0.011979 0.019907
0 0.743229 0.780093 0.008854 0.024074
0 0.605208 0.538194 0.011458 0.018981
0 0.804036 0.929861 0.008594 0.022685
0 0.677734 0.142593 0.013802 0.021296
0 0.031250 0.350926 0.017188 0.012963
0 0.051953 0.337037 0.016406 0.012963
0 0.155469 0.223148 0.017708 0.012963
0 0.080990 0.365509 0.017188 0.014352
0 0.613411 0.251389 0.010677 0.021296
0 0.594922 0.275926 0.010677 0.021296
0 0.522786 0.387731 0.012240 0.014352
0 0.794141 0.330324 0.012240 0.014352
0 0.864193 0.327546 0.016927 0.015278
0 0.891536 0.363194 0.012240 0.014352
0 0.857943 0.393981 0.042448 0.025000
0 0.903125 0.139120 0.014583 0.016204
0 0.937891 0.503009 0.012240 0.014352
0 0.704427 0.712037 0.012500 0.018519
0 0.733854 0.741204 0.009896 0.022222
0 0.754948 0.847454 0.007812 0.021759
0 0.745052 0.913194 0.007812 0.021759
0 0.757292 0.918287 0.007812 0.021759
0 0.757812 0.978009 0.007812 0.021759
0 0.748698 0.980324 0.007812 0.021759
