0 0.642578 0.750463 0.010156 0.023148
0 0.545443 0.627546 0.013802 0.018056
0 0.691276 0.868750 0.011198 0.024537
0 0.582682 0.661343 0.014323 0.018981
0 0.746484 0.419213 0.017969 0.014352
0 0.629167 0.671065 0.012500 0.018981
0 0.422266 0.470370 0.014323 0.012963
0 0.229557 0.479861 0.016406 0.016204
0 0.811068 0.232639 0.011198 0.020833
0 0.804167 0.183796 0.013542 0.021296
0 0.987109 0.147685 0.014323 0.014815
0 0.814714 0.393750 0.015365 0.014352
0 0.069271 0.591435 0.022396 0.018981
0 0.158594 0.576620 0.015625 0.014352
0 0.700781 0.138657 0.014583 0.013426
0 0.679557 0.768981 0.011198 0.022222
0 0.628776 0.699306 0.013802 0.018981
0 0.535156 0.309028 0.011458 0.025463
0 0.597005 0.197685 0.014844 0.020370
0 0.373307 0.424074 0.016406 0.016667
0 0.241927 0.601157 0.015625 0.014352
0 0.227865 0.419676 0.015625 0.014352
0 0.426693 0.256481 0.016406 0.016667
0 0.469141 0.252315 0.016406 0.016667
0 0.123177 0.240741 0.019271 0.012963
0 0.479818 0.218519 0.016406 0.016667
0 0.502865 0.243519 0.014583 0.012963
0 0.536198 0.231481 0.014583 0.015741
0 0.602474 0.466435 0.022135 0.017130
0 0.751693 0.156481 0.015365 0.017593
0 0.726172 0.022222 0.012240 0.026852
0 0.991146 0.276157 0.015625 0.019907
0 0.867969 0.333796 0.014583 0.019444
0 0.822786 0.667361 0.012240 0.029167
0 0.801693 0.707639 0.012240 0.029167
0 0.558594 0.533565 0.012500 0.025463
0 0.594271 0.616667 0.012500 0.021296
0 0.616797 0.702083 0.013802 0.018981
0 0.675260 0.796528 0.010417 0.024537
0 0.688151 0.930787 0.016406 0.073611
