0 0.646615 0.712731 0.013542 0.020833
0 0.640234 0.184259 0.015885 0.021296
0 0.829557 0.195833 0.014844 0.016667
0 0.847005 0.376157 0.018490 0.018056
0 0.620573 0.228472 0.015625 0.024537
0 0.776042 0.116898 0.011979 0.023611
0 0.750911 0.169213 0.016927 0.016204
0 0.113151 0.464583 0.017448 0.017130
0 0.926823 0.224769 0.021354 0.014352
0 0.101172 0.383102 0.021094 0.017130
0 0.661328 0.186111 0.017448 0.022222
0 0.578646 0.570602 0.010937 0.025463
0 0.687760 0.796528 0.011458 0.025463
0 0.707292 0.869444 0.008333 0.025000
0 0.714583 0.967130 0.008333 0.025000
0 0.869922 0.549306 0.013281 0.033796
0 0.910286 0.643056 0.023177 0.028704
