0 0.627474 0.207176 0.014844 0.018981
0 0.591406 0.656019 0.012500 0.022222
0 0.267839 0.410185 0.018490 0.018519
0 0.082943 0.373148 0.016406 0.016667
0 0.455208 0.445370 0.015625 0.013889
0 0.691536 0.884259 0.008594 0.025926
0 0.944401 0.591435 0.013802 0.018056
0 0.604818 0.137037 0.017448 0.030556
0 0.673177 0.849306 0.012500 0.030093
0 0.707682 0.933102 0.011198 0.037500
0 0.894661 0.362963 0.018490 0.018519
0 0.831901 0.399769 0.018490 0.014352
0 0.644661 0.046991 0.012240 0.026389
0 0.667969 0.033565 0.009375 0.028241
