0 0.653776 0.135417 0.014844 0.019907
0 0.249219 0.575463 0.018750 0.016667
0 0.688411 0.653472 0.016927 0.022685
0 0.951823 0.475926 0.015625 0.018519
0 0.706510 0.705093 0.014063 0.023148
0 0.742708 0.766898 0.011979 0.028241
0 0.412760 0.569213 0.017708 0.016204
0 0.100781 0.571759 0.017708 0.014815
0 0.907552 0.521296 0.041667 0.050926
0 0.550000 0.209722 0.017188 0.020370
0 0.828255 0.785648 0.012760 0.025926
0 0.810286 0.112963 0.018490 0.025926
0 0.737760 0.096296 0.022396 0.020370
0 0.322917 0.575231 0.015104 0.015278
0 0.870182 0.588889 0.012760 0.025926
0 0.695573 0.719907 0.010937 0.021296
0 0.766797 0.018519 0.014323 0.032407
0 0.616536 0.568056 0.013281 0.023148
0 0.560156 0.585880 0.023438 0.021759
0 0.723437 0.709491 0.012500 0.023611
0 0.748698 0.905787 0.008333 0.026389
0 0.556901 0.167824 0.019531 0.022685
0 0.487760 0.198380 0.015625 0.017130
0 0.568750 0.387037 0.016146 0.014815
0 0.650391 0.591898 0.020052 0.031944
0 0.677865 0.667824 0.013542 0.020833
0 0.835938 0.320602 0.016146 0.015278
0 0.847786 0.123843 0.018490 0.026389
0 0.814323 0.075694 0.018750 0.029167
0 0.880339 0.234259 0.012760 0.023148
0 0.980729 0.456713 0.017188 0.019907
0 0.856771 0.633796 0.011979 0.031481
0 0.758464 0.981713 0.008073 0.027315
0 0.758984 0.954398 0.008073 0.027315
0 0.748307 0.948843 0.008073 0.027315
0 0.749089 0.980787 0.007552 0.022685
0 0.757552 0.916204 0.007812 0.026852
0 0.757812 0.878472 0.008333 0.026389
0 0.731120 0.771065 0.012240 0.024537
0 0.753385 0.828241 0.008854 0.024074
0 0.745313 0.861574 0.008333 0.019444
0 0.741797 0.824537 0.009635 0.026852
0 0.730078 0.841204 0.009635 0.028704
