0 0.706380 0.715278 0.012760 0.026852
0 0.620313 0.170139 0.014063 0.022685
0 0.745964 0.788889 0.010677 0.030556
0 0.789193 0.102546 0.015365 0.017130
0 0.928776 0.510185 0.016927 0.022222
0 0.827083 0.617824 0.016146 0.023611
0 0.622005 0.092130 0.014323 0.025000
0 0.908854 0.466667 0.010417 0.031481
0 0.676562 0.664120 0.016146 0.024537
0 0.008464 0.345602 0.016406 0.013426
0 0.639714 0.120370 0.014323 0.027778
0 0.624349 0.211343 0.011198 0.020833
0 0.895443 0.630787 0.014323 0.030093
0 0.741797 0.837037 0.010677 0.025000
0 0.873047 0.133333 0.015365 0.018519
0 0.306120 0.396528 0.016927 0.015278
0 0.727995 0.770370 0.010677 0.025000
0 0.408464 0.205556 0.016406 0.015741
0 0.838151 0.112037 0.017448 0.018519
0 0.181901 0.371991 0.019531 0.018981
0 0.508333 0.220139 0.015104 0.015278
0 0.015365 0.239583 0.016667 0.013426
0 0.087500 0.226157 0.016667 0.013426
0 0.116797 0.237731 0.019531 0.013426
0 0.346745 0.381944 0.016927 0.015741
0 0.279297 0.234028 0.016927 0.015278
0 0.602995 0.271065 0.010677 0.029167
0 0.486589 0.376852 0.016927 0.015741
0 0.563281 0.202546 0.015104 0.015278
0 0.584115 0.190046 0.015104 0.015278
0 0.626953 0.361111 0.016927 0.015741
0 0.651953 0.378704 0.016927 0.015741
0 0.722266 0.342130 0.016927 0.015741
0 0.781380 0.336111 0.016927 0.015741
0 0.899089 0.306944 0.016927 0.015741
0 0.923307 0.136574 0.015365 0.018519
0 0.961458 0.135417 0.019271 0.017130
0 0.789714 0.022685 0.014844 0.029630
0 0.804948 0.057639 0.015104 0.027315
0 0.788021 0.061111 0.013542 0.025926
0 0.590625 0.504167 0.014063 0.028704
0 0.623437 0.544907 0.014063 0.028704
0 0.754036 0.855093 0.010677 0.025000
0 0.759896 0.909954 0.008854 0.023611
0 0.748958 0.917361 0.008854 0.023611
0 0.819531 0.952083 0.008854 0.023611
