0 0.044271 0.256481 0.016667 0.014815
0 0.163542 0.245833 0.016667 0.014815
0 0.142708 0.409722 0.016667 0.014815
0 0.108073 0.403704 0.016667 0.014815
0 0.086458 0.459259 0.016667 0.014815
0 0.164323 0.453241 0.016667 0.014815
0 0.330729 0.408796 0.016667 0.014815
0 0.286849 0.261806 0.013281 0.012500
0 0.338802 0.594907 0.016667 0.014815
0 0.435937 0.425926 0.016667 0.014815
0 0.497396 0.401852 0.016667 0.014815
0 0.569010 0.456481 0.016667 0.014815
0 0.605208 0.389352 0.014583 0.013889
0 0.360547 0.259028 0.013281 0.012500
0 0.446484 0.255324 0.013281 0.012500
0 0.475651 0.249769 0.013281 0.012500
0 0.527083 0.234028 0.014063 0.016204
0 0.561719 0.135185 0.014583 0.020370
0 0.601302 0.136111 0.014583 0.020370
0 0.565104 0.262731 0.009896 0.019907
0 0.554688 0.302083 0.009896 0.023611
0 0.529297 0.352546 0.008594 0.022685
0 0.642057 0.152083 0.017448 0.020833
0 0.675130 0.142361 0.012760 0.016204
0 0.762500 0.153935 0.013021 0.023611
0 0.775260 0.136343 0.013021 0.023611
0 0.761589 0.358796 0.016927 0.016667
0 0.753385 0.436806 0.017708 0.018056
0 0.817708 0.395139 0.017708 0.018056
0 0.858984 0.173380 0.016406 0.016204
0 0.908464 0.172222 0.017448 0.016667
0 0.986328 0.286343 0.014844 0.018056
0 0.984766 0.497454 0.014844 0.018056
0 0.849479 0.538889 0.013542 0.031481
0 0.693880 0.841204 0.009115 0.025926
0 0.702995 0.923148 0.009115 0.025926
0 0.695052 0.989583 0.008854 0.020833
0 0.682031 0.778472 0.012500 0.027315
0 0.657552 0.758102 0.012500 0.027315
0 0.736328 0.706713 0.015885 0.018056
