0 0.664062 0.752546 0.013021 0.027315
0 0.337370 0.603241 0.018490 0.015741
0 0.367578 0.502546 0.023177 0.014352
0 0.177214 0.237269 0.021094 0.013426
0 0.647786 0.190278 0.017969 0.023148
0 0.626823 0.685185 0.014063 0.024074
0 0.486328 0.508796 0.020052 0.016667
0 0.830990 0.190741 0.017708 0.019444
0 0.540365 0.252778 0.019271 0.014815
0 0.573698 0.555093 0.014583 0.027778
0 0.789453 0.138426 0.015885 0.025926
0 0.461458 0.238657 0.019271 0.018056
0 0.699089 0.837731 0.009115 0.023611
0 0.765885 0.092361 0.011979 0.027315
0 0.052865 0.421759 0.020313 0.018519
0 0.364714 0.431250 0.023177 0.014352
0 0.317057 0.434028 0.023177 0.014352
0 0.607161 0.418981 0.020052 0.016667
0 0.816797 0.380556 0.020052 0.016667
0 0.930078 0.368519 0.020052 0.016667
0 0.775521 0.181481 0.017708 0.019444
0 0.713542 0.943519 0.013021 0.054630
