0 0.387891 0.649306 0.008073 0.027315
0 0.013411 0.353241 0.013802 0.015741
0 0.194922 0.189120 0.013281 0.018056
0 0.247135 0.368750 0.007292 0.024537
0 0.148828 0.212963 0.012240 0.025926
0 0.369531 0.471065 0.015104 0.018981
0 0.812109 0.368056 0.019531 0.016667
0 0.387109 0.687500 0.007031 0.025926
0 0.681510 0.128704 0.012500 0.011111
0 0.731771 0.428009 0.017708 0.031944
0 0.767057 0.424306 0.017969 0.026389
0 0.414323 0.821991 0.015625 0.014352
0 0.326172 0.485648 0.015885 0.036111
0 0.260677 0.185185 0.017188 0.018519
0 0.445573 0.912037 0.013021 0.016667
0 0.431771 0.957870 0.015625 0.016667
0 0.120703 0.579630 0.009115 0.024074
0 0.411589 0.805093 0.013802 0.012963
0 0.182812 0.936574 0.009896 0.030556
0 0.490495 0.420370 0.013802 0.017593
0 0.235547 0.833333 0.008594 0.029630
0 0.684896 0.428704 0.018750 0.028704
0 0.386719 0.763194 0.008854 0.022685
0 0.376563 0.435648 0.014063 0.018519
0 0.711719 0.427778 0.018750 0.033333
0 0.013932 0.429861 0.012760 0.014352
0 0.364844 0.950694 0.007292 0.024537
0 0.248828 0.787963 0.007552 0.027778
0 0.413542 0.856019 0.014063 0.012963
0 0.715755 0.175463 0.011198 0.024074
0 0.315365 0.242824 0.012500 0.022685
0 0.207422 0.362269 0.007031 0.026389
0 0.747917 0.428704 0.018750 0.028704
0 0.423698 0.431250 0.014063 0.013426
0 0.383984 0.452083 0.014323 0.019907
0 0.868229 0.450231 0.026042 0.018981
0 0.436458 0.403472 0.023438 0.017130
0 0.388151 0.724074 0.008594 0.024074
0 0.493750 0.398380 0.013021 0.016204
0 0.413281 0.870833 0.013542 0.013889
0 0.058073 0.331713 0.014583 0.018981
0 0.018880 0.684722 0.016927 0.018519
0 0.415885 0.840278 0.015625 0.012037
0 0.562370 0.409491 0.015365 0.015278
0 0.213281 0.600000 0.015104 0.018519
0 0.384375 0.866204 0.007812 0.021296
0 0.570182 0.278935 0.011198 0.015278
0 0.255208 0.454167 0.007812 0.028704
0 0.448568 0.424306 0.012760 0.013426
0 0.350000 0.440972 0.008854 0.026389
0 0.340104 0.337500 0.007812 0.027778
0 0.279687 0.115972 0.009375 0.028241
0 0.384766 0.836806 0.007552 0.023611
0 0.747005 0.040972 0.013802 0.014352
0 0.384896 0.939583 0.009896 0.031019
0 0.094401 0.310185 0.017448 0.025000
0 0.196484 0.561574 0.016406 0.019444
0 0.164583 0.537269 0.015104 0.019907
0 0.088802 0.481713 0.015104 0.019907
0 0.022135 0.666204 0.013542 0.012037
0 0.022917 0.649537 0.013542 0.012037
0 0.053516 0.307870 0.016927 0.017593
0 0.230469 0.321991 0.007812 0.025463
0 0.241927 0.695139 0.008333 0.024537
0 0.278646 0.705556 0.007812 0.020370
0 0.364063 0.979398 0.007292 0.024537
0 0.433854 0.973148 0.015625 0.016667
0 0.411198 0.884722 0.015625 0.014815
0 0.410807 0.787037 0.013802 0.012963
0 0.728125 0.173380 0.009896 0.016204
0 0.731641 0.042361 0.013802 0.014352
0 0.684766 0.040509 0.017969 0.012500
0 0.854948 0.156944 0.007292 0.025926
0 0.937891 0.143981 0.008594 0.020370
0 0.947526 0.148148 0.009635 0.025926
0 0.409115 0.441435 0.014063 0.013426
0 0.422135 0.453472 0.014063 0.013426
0 0.392188 0.422685 0.014063 0.018519
