0 0.555859 0.608333 0.016927 0.020370
0 0.586979 0.216898 0.013021 0.020833
0 0.449479 0.444444 0.021875 0.014815
0 0.933594 0.123843 0.019271 0.014352
0 0.645182 0.624769 0.014323 0.028241
0 0.682813 0.713657 0.019792 0.035648
0 0.738021 0.833796 0.012500 0.025926
0 0.681771 0.683796 0.016146 0.023148
0 0.731120 0.870833 0.010156 0.031481
0 0.771094 0.008565 0.015104 0.016204
0 0.621354 0.104630 0.013542 0.026852
0 0.620833 0.183102 0.013542 0.024537
0 0.993099 0.254630 0.013802 0.023148
0 0.514583 0.374306 0.021875 0.015278
0 0.713932 0.792130 0.014323 0.028704
0 0.786068 0.010880 0.011198 0.015278
0 0.946615 0.292593 0.018229 0.022222
0 0.825781 0.128472 0.016146 0.022685
0 0.794531 0.077315 0.013021 0.026852
0 0.427083 0.192361 0.018229 0.016204
0 0.580729 0.310185 0.011979 0.027778
0 0.579167 0.519907 0.011979 0.027778
0 0.759896 0.334259 0.017708 0.018519
0 0.804167 0.063426 0.013021 0.026852
0 0.857552 0.660185 0.014583 0.031481
0 0.746094 0.911111 0.009896 0.029630
0 0.735547 0.976389 0.010156 0.031481
0 0.748828 0.967130 0.009115 0.030556
