0 0.591927 0.594213 0.014063 0.029167
0 0.650130 0.155093 0.016927 0.022222
0 0.707031 0.837037 0.017188 0.061111
0 0.590104 0.253241 0.013021 0.022222
0 0.659115 0.672222 0.015104 0.020370
0 0.606641 0.583565 0.012240 0.022685
0 0.884896 0.462963 0.011458 0.032407
0 0.616146 0.184722 0.015104 0.025926
0 0.699219 0.751620 0.012500 0.025463
0 0.694271 0.125694 0.015104 0.018981
0 0.720964 0.123380 0.019010 0.017130
0 0.020573 0.364120 0.015625 0.014352
0 0.716536 0.932176 0.008594 0.024537
0 0.292839 0.396296 0.021094 0.016667
0 0.586849 0.385880 0.018490 0.016204
0 0.084635 0.377546 0.015625 0.014352
0 0.397526 0.244907 0.017448 0.014815
0 0.638411 0.034491 0.015365 0.031944
0 0.746745 0.044676 0.015365 0.031944
0 0.827474 0.187037 0.013802 0.026852
0 0.873307 0.260185 0.013802 0.031481
0 0.807682 0.420139 0.019010 0.017130
0 0.925130 0.315046 0.019010 0.017130
0 0.901823 0.541898 0.015625 0.023611
0 0.828125 0.794213 0.012500 0.025463
0 0.724740 0.863194 0.010417 0.026389
0 0.717318 0.986574 0.008594 0.026852
