0 0.867708 0.554167 0.016146 0.025000
0 0.812891 0.115278 0.013281 0.021296
0 0.633203 0.595833 0.014323 0.025926
0 0.552344 0.580556 0.022396 0.021296
0 0.734375 0.736806 0.012500 0.026389
0 0.610938 0.192130 0.011979 0.028704
0 0.947396 0.484722 0.016146 0.020370
0 0.512370 0.568981 0.020573 0.019444
0 0.696354 0.656019 0.016146 0.025000
0 0.886328 0.577083 0.012240 0.028241
0 0.097266 0.568056 0.017969 0.016667
0 0.690234 0.684722 0.013802 0.026852
0 0.819010 0.620370 0.016667 0.021296
0 0.748047 0.791204 0.011719 0.027778
0 0.291927 0.396065 0.018750 0.014352
0 0.255599 0.376852 0.017448 0.015741
0 0.186198 0.222454 0.017188 0.018056
0 0.916927 0.508333 0.016667 0.023148
0 0.869401 0.160417 0.014844 0.024537
0 0.755859 0.841435 0.009635 0.025463
0 0.041667 0.359028 0.017708 0.019907
0 0.105599 0.354167 0.017448 0.015741
0 0.103646 0.374306 0.017708 0.016204
0 0.383073 0.400231 0.018750 0.014352
0 0.397917 0.380556 0.018750 0.014815
0 0.221224 0.453704 0.042448 0.026852
0 0.383724 0.461806 0.033073 0.020833
0 0.528646 0.214120 0.013542 0.017130
0 0.564714 0.207870 0.016406 0.017593
0 0.525521 0.392130 0.015625 0.014815
0 0.516276 0.456481 0.017969 0.016667
0 0.642318 0.574537 0.014323 0.025926
0 0.660807 0.149537 0.015365 0.024074
0 0.775651 0.044213 0.013281 0.027315
0 0.798047 0.040509 0.013281 0.027315
0 0.820312 0.838657 0.010937 0.032870
0 0.806250 0.910417 0.010937 0.032870
0 0.722135 0.739583 0.012500 0.026389
0 0.737630 0.793981 0.015885 0.043519
0 0.746224 0.865509 0.009635 0.025463
0 0.736198 0.872222 0.007812 0.026852
0 0.759375 0.878241 0.007812 0.026852
0 0.748958 0.906944 0.007812 0.026852
0 0.760417 0.913889 0.007812 0.026852
0 0.760938 0.961574 0.007812 0.026852
0 0.750781 0.957407 0.007812 0.026852
0 0.741667 0.973148 0.007812 0.026852
