0 0.611198 0.655556 0.014583 0.024074
0 0.610677 0.687731 0.015625 0.027315
0 0.612109 0.234722 0.016927 0.027778
0 0.702865 0.872917 0.009896 0.028241
0 0.776432 0.116667 0.014323 0.032407
0 0.648698 0.719907 0.013021 0.025000
0 0.917318 0.353935 0.022135 0.020833
0 0.100260 0.393287 0.018229 0.013426
0 0.792448 0.182639 0.018750 0.018981
0 0.868750 0.210648 0.021354 0.017593
0 0.879948 0.677778 0.019271 0.031481
0 0.733333 0.159954 0.018750 0.017130
0 0.929557 0.215278 0.032031 0.022222
0 0.758984 0.070602 0.014323 0.030093
0 0.151302 0.389120 0.018229 0.013426
0 0.562370 0.436111 0.021615 0.016667
0 0.773828 0.919907 0.012760 0.032407
0 0.561068 0.574769 0.012240 0.029167
0 0.659115 0.798148 0.013021 0.025000
