0 0.591927 0.131481 0.015625 0.021296
0 0.925391 0.514815 0.013802 0.021296
0 0.539583 0.580324 0.015625 0.020833
0 0.652083 0.653935 0.020833 0.028241
0 0.672656 0.625694 0.015625 0.022685
0 0.738672 0.096296 0.014844 0.018519
0 0.692187 0.713426 0.014063 0.025926
0 0.505859 0.576389 0.020573 0.017593
0 0.102995 0.253009 0.014844 0.013426
0 0.885807 0.489120 0.014323 0.020833
0 0.584896 0.599074 0.021354 0.021296
0 0.711458 0.721991 0.013021 0.026389
0 0.728906 0.728472 0.016667 0.035648
0 0.777474 0.651620 0.015885 0.017130
0 0.701953 0.112037 0.017969 0.025000
0 0.550260 0.217130 0.020833 0.022222
0 0.741536 0.769213 0.012760 0.028241
0 0.660417 0.634954 0.015104 0.021759
0 0.723568 0.758565 0.013802 0.024537
0 0.052604 0.254630 0.027604 0.022222
0 0.016927 0.248380 0.020313 0.021759
0 0.750781 0.807639 0.011458 0.026389
0 0.625781 0.208333 0.014583 0.027778
0 0.791536 0.044676 0.014844 0.024537
0 0.744401 0.840972 0.011719 0.029167
0 0.735156 0.803704 0.009375 0.018519
0 0.855469 0.591898 0.016146 0.026389
0 0.747786 0.892593 0.010156 0.027778
0 0.505859 0.228704 0.023177 0.020370
0 0.359115 0.221759 0.020313 0.021296
0 0.447135 0.233102 0.020313 0.025463
0 0.299479 0.405556 0.020313 0.018519
0 0.522917 0.382176 0.016667 0.015278
0 0.538411 0.397917 0.019010 0.018056
0 0.888021 0.123843 0.018229 0.018056
0 0.898698 0.219444 0.014583 0.026852
0 0.819792 0.315046 0.016667 0.015278
0 0.769792 0.350926 0.017188 0.019444
0 0.818099 0.335185 0.017448 0.015741
0 0.758333 0.893056 0.009896 0.033333
0 0.759115 0.940509 0.009375 0.026389
0 0.749870 0.959954 0.010156 0.020833
0 0.759896 0.984259 0.009375 0.026852
0 0.837630 0.740509 0.010677 0.029167
0 0.802995 0.931481 0.010677 0.030556
0 0.797786 0.987731 0.011198 0.024537
0 0.905469 0.425694 0.011979 0.034722
