0 0.928255 0.495833 0.015365 0.018519
0 0.992318 0.131481 0.015365 0.019444
0 0.586458 0.193750 0.016146 0.018056
0 0.532031 0.578009 0.015104 0.017130
0 0.727865 0.769213 0.011458 0.026389
0 0.071094 0.406944 0.021354 0.016667
0 0.842839 0.589815 0.012240 0.019444
0 0.642188 0.614120 0.014063 0.022685
0 0.193620 0.554861 0.013802 0.016204
0 0.823828 0.134491 0.014844 0.022685
0 0.844271 0.115278 0.017708 0.026852
0 0.226302 0.578472 0.015625 0.016204
0 0.688932 0.651389 0.014844 0.025926
0 0.333724 0.218750 0.017448 0.018056
0 0.219271 0.455093 0.015625 0.016667
0 0.274089 0.583565 0.014844 0.016204
0 0.661589 0.147454 0.013281 0.024537
0 0.980208 0.461343 0.016146 0.019907
0 0.132422 0.237037 0.023698 0.016667
0 0.638281 0.571296 0.014583 0.026852
0 0.716406 0.107407 0.018750 0.022222
0 0.683464 0.677546 0.015885 0.025463
0 0.770052 0.027083 0.013021 0.025463
0 0.420312 0.570370 0.017188 0.014815
0 0.603385 0.369213 0.016667 0.016204
0 0.695833 0.424306 0.016667 0.016204
0 0.725521 0.340972 0.016667 0.016204
0 0.560417 0.209954 0.016146 0.018056
0 0.637760 0.184028 0.013021 0.027315
0 0.597005 0.309028 0.011198 0.033796
0 0.804688 0.061111 0.015625 0.025926
0 0.907422 0.128704 0.016406 0.018519
0 0.941276 0.139352 0.017448 0.017593
0 0.786068 0.341204 0.017969 0.019444
0 0.843099 0.325463 0.017969 0.019444
0 0.851693 0.303241 0.017969 0.019444
0 0.899479 0.445139 0.011458 0.028241
0 0.878385 0.524769 0.016146 0.031019
0 0.987891 0.500926 0.021094 0.025000
0 0.895573 0.546296 0.010937 0.029630
0 0.804688 0.922685 0.012500 0.031481
0 0.734245 0.740509 0.011719 0.024537
0 0.752474 0.828704 0.009115 0.026852
0 0.742708 0.845139 0.009896 0.025463
0 0.759245 0.903935 0.008594 0.028241
0 0.748307 0.893287 0.008594 0.028241
0 0.748307 0.939583 0.008594 0.028241
0 0.758724 0.963657 0.008594 0.028241
0 0.591927 0.503935 0.013542 0.028241
