0 0.620573 0.226389 0.014583 0.022222
0 0.599740 0.658565 0.015104 0.025463
0 0.039193 0.352778 0.033073 0.023148
0 0.669271 0.178704 0.018750 0.017593
0 0.223698 0.423843 0.020833 0.014352
0 0.465365 0.503241 0.022917 0.015741
0 0.401172 0.610880 0.040885 0.018981
0 0.713021 0.970833 0.013021 0.058333
0 0.522266 0.628472 0.014323 0.014352
0 0.461198 0.613657 0.015625 0.012500
0 0.304948 0.412269 0.015625 0.016204
0 0.569271 0.422685 0.021354 0.014815
0 0.636589 0.415509 0.023698 0.012500
0 0.758724 0.171296 0.020052 0.018519
0 0.856901 0.192593 0.033594 0.032407
0 0.972396 0.571528 0.016667 0.023611
