0 0.124219 0.549769 0.019792 0.019907
0 0.636198 0.648843 0.014583 0.025463
0 0.584505 0.613194 0.013802 0.015278
0 0.656510 0.650694 0.014583 0.024537
0 0.864974 0.114583 0.020573 0.017130
0 0.911328 0.125694 0.017969 0.017130
0 0.701172 0.726620 0.011719 0.025463
0 0.701562 0.771065 0.015104 0.031944
0 0.688542 0.106944 0.018750 0.023148
0 0.676432 0.717130 0.013281 0.025000
0 0.750391 0.093981 0.019010 0.015741
0 0.519792 0.208565 0.017708 0.016204
0 0.719010 0.825694 0.011979 0.031019
0 0.602344 0.217824 0.014063 0.024537
0 0.732031 0.962731 0.009375 0.029167
0 0.661328 0.381944 0.015365 0.015741
0 0.902474 0.504167 0.017969 0.049074
0 0.738021 0.851852 0.009375 0.025000
0 0.578646 0.239583 0.010417 0.029167
0 0.730078 0.896991 0.008594 0.029167
0 0.726432 0.797685 0.011719 0.026852
0 0.670964 0.443519 0.021094 0.019444
0 0.545573 0.154630 0.021354 0.026852
0 0.492578 0.181019 0.013281 0.019444
0 0.774349 0.029861 0.012760 0.030093
0 0.786068 0.012037 0.013802 0.023148
0 0.741927 0.890278 0.009375 0.025000
0 0.802865 0.924537 0.009375 0.025000
0 0.830990 0.873611 0.009375 0.025000
0 0.742448 0.970370 0.009375 0.025000
