0 0.387370 0.468750 0.016406 0.013426
0 0.070964 0.244213 0.016406 0.015278
0 0.006510 0.246528 0.011979 0.013426
0 0.614453 0.677778 0.012760 0.014815
0 0.570833 0.198380 0.014583 0.018056
0 0.650130 0.146528 0.014323 0.015278
0 0.692318 0.130787 0.016406 0.015278
0 0.676953 0.765972 0.012240 0.023611
0 0.924740 0.547222 0.015104 0.020370
0 0.744531 0.078472 0.011979 0.025463
0 0.660156 0.717361 0.013542 0.024537
0 0.573438 0.619444 0.013021 0.021296
0 0.466406 0.599769 0.013021 0.013426
0 0.310026 0.252315 0.020052 0.016667
0 0.581901 0.595833 0.013281 0.023148
0 0.243099 0.587731 0.012760 0.013426
0 0.682161 0.821991 0.010156 0.023611
0 0.654948 0.437963 0.016667 0.012037
0 0.190234 0.578241 0.019010 0.019444
0 0.070312 0.377546 0.019271 0.013426
0 0.851562 0.558102 0.016146 0.018981
0 0.825651 0.721759 0.011198 0.024074
0 0.798828 0.625463 0.018490 0.029630
0 0.283073 0.586806 0.016146 0.017130
0 0.808594 0.203704 0.013021 0.022222
0 0.899349 0.173148 0.015885 0.012963
0 0.658203 0.790972 0.011198 0.024537
0 0.786979 0.761574 0.008854 0.025000
0 0.358464 0.252778 0.016406 0.014815
0 0.159245 0.238657 0.016406 0.015278
0 0.140755 0.404861 0.016406 0.015278
0 0.181380 0.410417 0.016406 0.015278
0 0.140234 0.465509 0.016406 0.015278
0 0.419401 0.415509 0.016406 0.013426
0 0.460547 0.252778 0.014323 0.012963
0 0.332813 0.253241 0.014583 0.012963
0 0.411458 0.224537 0.014583 0.012963
0 0.386458 0.251852 0.014583 0.012963
0 0.427604 0.253241 0.014583 0.012963
0 0.522135 0.234028 0.010417 0.011574
0 0.386198 0.590972 0.013021 0.013426
0 0.642448 0.724769 0.013542 0.024537
0 0.663411 0.769213 0.012240 0.023611
0 0.692318 0.817361 0.010156 0.023611
0 0.680599 0.886806 0.010156 0.023611
0 0.690104 0.879630 0.008854 0.022222
0 0.694531 0.916667 0.008854 0.022222
0 0.695573 0.957639 0.008333 0.025463
0 0.706250 0.981713 0.008333 0.025463
0 0.698047 0.989352 0.008073 0.021296
0 0.780208 0.806944 0.008854 0.025000
0 0.809635 0.777778 0.008854 0.025000
0 0.801302 0.832176 0.011979 0.028241
0 0.989974 0.281481 0.015885 0.012963
0 0.683594 0.389120 0.012500 0.013426
0 0.645703 0.376852 0.014844 0.013889
0 0.641016 0.396759 0.014844 0.013889
0 0.722135 0.021065 0.011979 0.025463
