0 0.173958 0.556481 0.019271 0.017593
0 0.567969 0.191667 0.014583 0.016667
0 0.725260 0.894907 0.009375 0.030556
0 0.627214 0.123148 0.014844 0.025926
0 0.092057 0.340278 0.020052 0.018519
0 0.785807 0.015741 0.011719 0.023148
0 0.710807 0.885648 0.010156 0.025000
0 0.710938 0.814583 0.010937 0.025463
0 0.528516 0.207639 0.016927 0.014352
0 0.594010 0.243287 0.013021 0.026389
0 0.547786 0.202315 0.014323 0.016667
0 0.547396 0.461343 0.016146 0.011574
0 0.667318 0.120139 0.016927 0.025463
0 0.970182 0.275463 0.020573 0.018519
0 0.701302 0.100463 0.017708 0.019444
0 0.267578 0.461111 0.024740 0.018519
0 0.367578 0.397222 0.020052 0.018519
0 0.547786 0.395370 0.019010 0.013889
0 0.567448 0.305556 0.011979 0.033333
0 0.638802 0.020602 0.011458 0.026389
0 0.757031 0.091204 0.017708 0.019444
0 0.773177 0.026620 0.022917 0.051389
0 0.838151 0.120833 0.043490 0.034259
0 0.819661 0.815972 0.012760 0.027315
0 0.867448 0.727315 0.011979 0.032407
0 0.716146 0.784491 0.011979 0.028241
0 0.677214 0.736806 0.013281 0.027315
0 0.595443 0.543750 0.013281 0.027315
