0 0.666406 0.749537 0.014063 0.024074
0 0.614193 0.217130 0.014323 0.025000
0 0.633854 0.211574 0.016667 0.025000
0 0.598437 0.268287 0.013021 0.024537
0 0.886849 0.219213 0.017969 0.014352
0 0.773828 0.395139 0.019531 0.013426
0 0.791797 0.179630 0.015365 0.019444
0 0.715885 0.168056 0.016146 0.012963
0 0.664453 0.057870 0.011198 0.025926
0 0.946875 0.601389 0.022396 0.026852
0 0.775911 0.117130 0.011719 0.023148
0 0.023698 0.359028 0.019271 0.018981
0 0.180599 0.481944 0.020573 0.014815
0 0.595833 0.618287 0.013021 0.022685
0 0.696354 0.827083 0.009375 0.023611
0 0.712240 0.899769 0.009375 0.023611
0 0.953516 0.216435 0.017969 0.014352
