0 0.108073 0.210880 0.018750 0.016204
0 0.675391 0.663194 0.017448 0.019907
0 0.710547 0.747685 0.013802 0.026852
0 0.006120 0.224306 0.011719 0.015278
0 0.152214 0.227546 0.020052 0.013426
0 0.058724 0.210185 0.016927 0.012963
0 0.722396 0.681019 0.016667 0.014815
0 0.159115 0.563194 0.021354 0.017130
0 0.785026 0.026852 0.011198 0.023148
0 0.900391 0.569676 0.013802 0.024537
0 0.418490 0.584954 0.015625 0.013426
0 0.856120 0.596759 0.017448 0.027778
0 0.743750 0.904167 0.010937 0.026852
0 0.251172 0.203009 0.020052 0.013426
0 0.269141 0.225694 0.020052 0.013426
0 0.407422 0.386806 0.020052 0.013426
0 0.697526 0.374769 0.020052 0.013426
0 0.581250 0.297917 0.010417 0.029167
0 0.832422 0.145370 0.017448 0.026852
0 0.604948 0.557407 0.015104 0.032407
0 0.847526 0.829167 0.011719 0.028704
0 0.813151 0.985417 0.011719 0.029167
0 0.747266 0.984954 0.010677 0.030093
0 0.736719 0.982870 0.010937 0.029630
0 0.723568 0.905556 0.013281 0.045370
