0 0.714974 0.692593 0.015365 0.012963
0 0.605729 0.669676 0.013542 0.018981
0 0.732943 0.146065 0.014844 0.018056
0 0.671745 0.753472 0.013281 0.025463
0 0.068490 0.416204 0.015104 0.015741
0 0.920573 0.520833 0.014583 0.018519
0 0.610417 0.187963 0.009896 0.020370
0 0.756380 0.100926 0.011198 0.022222
0 0.685807 0.857176 0.009115 0.024537
0 0.612630 0.647917 0.013802 0.019907
0 0.732292 0.090046 0.013542 0.027315
0 0.513281 0.397685 0.015625 0.013889
0 0.692578 0.988426 0.008594 0.022222
0 0.675391 0.812037 0.011719 0.022222
0 0.692708 0.917593 0.010937 0.033333
0 0.223698 0.228241 0.014583 0.013889
0 0.652344 0.745833 0.012500 0.023148
0 0.635026 0.063194 0.012240 0.027315
0 0.818620 0.169213 0.015885 0.018056
0 0.685677 0.798611 0.010417 0.025926
0 0.717187 0.047917 0.008854 0.023611
0 0.732292 0.038657 0.010937 0.028241
0 0.847526 0.266898 0.012240 0.025463
0 0.941146 0.300231 0.015625 0.018056
0 0.711458 0.447454 0.017188 0.015278
0 0.582552 0.594213 0.014583 0.022685
0 0.827604 0.631713 0.013021 0.022685
0 0.647396 0.767130 0.010417 0.025926
0 0.665755 0.777546 0.012240 0.024537
0 0.695052 0.838657 0.009896 0.030093
0 0.701693 0.910417 0.010677 0.030093
0 0.761198 0.893056 0.009375 0.023148
0 0.703385 0.990741 0.009375 0.018519
0 0.397656 0.590509 0.015625 0.016204
0 0.304167 0.417593 0.015104 0.015741
0 0.266536 0.246296 0.031510 0.022222
0 0.385547 0.249537 0.031510 0.022222
0 0.352995 0.253472 0.011198 0.015278
0 0.426042 0.254167 0.015625 0.013889
0 0.449740 0.255093 0.015625 0.013889
0 0.473698 0.252315 0.015625 0.013889
0 0.490755 0.249769 0.012760 0.014352
0 0.537630 0.232407 0.015365 0.016667
0 0.560026 0.242130 0.010677 0.023148
0 0.562240 0.293519 0.009896 0.023148
0 0.515365 0.244676 0.025000 0.022685
