0 0.607422 0.185185 0.014844 0.022222
0 0.766016 0.687500 0.012760 0.017593
0 0.876693 0.561574 0.024740 0.030556
0 0.530990 0.621759 0.013021 0.013889
0 0.574349 0.638889 0.013802 0.016667
0 0.672396 0.809491 0.011979 0.026389
0 0.696224 0.894907 0.010156 0.025000
0 0.847266 0.512963 0.010677 0.024074
0 0.408333 0.587500 0.013021 0.014815
0 0.301823 0.477546 0.016146 0.018056
0 0.752214 0.927778 0.008073 0.020370
0 0.638281 0.692130 0.015104 0.022222
0 0.688672 0.826389 0.010677 0.022222
0 0.619401 0.695370 0.013802 0.021296
0 0.648438 0.743287 0.011458 0.021759
0 0.163281 0.584259 0.013542 0.014815
0 0.242708 0.592593 0.014063 0.014815
0 0.281120 0.229630 0.016406 0.015741
0 0.305078 0.592361 0.014323 0.015278
0 0.721094 0.072222 0.008854 0.025926
0 0.742318 0.073611 0.010677 0.026852
0 0.531901 0.238657 0.017448 0.015278
0 0.068750 0.565046 0.016667 0.016204
0 0.392578 0.228704 0.016406 0.015741
0 0.407813 0.256713 0.010417 0.015278
0 0.504948 0.246991 0.014063 0.016204
0 0.456120 0.253009 0.035677 0.023611
0 0.373307 0.252778 0.030990 0.026852
0 0.648307 0.018750 0.011719 0.028241
0 0.710286 0.027546 0.010156 0.029167
0 0.726562 0.030787 0.009896 0.027315
0 0.743880 0.132639 0.012760 0.025463
0 0.761068 0.109491 0.012760 0.025463
0 0.776563 0.186343 0.012500 0.018981
0 0.819271 0.180556 0.015104 0.014815
0 0.785417 0.354167 0.015104 0.014815
0 0.834115 0.265972 0.021354 0.036574
0 0.937760 0.323148 0.015104 0.014815
0 0.675781 0.778704 0.010937 0.025000
0 0.683333 0.875694 0.007812 0.023611
0 0.688281 0.928009 0.007812 0.023611
0 0.700260 0.951157 0.007812 0.023611
0 0.689844 0.965509 0.007812 0.023611
0 0.700521 0.984028 0.007812 0.023611
