0 0.546484 0.544213 0.012240 0.028241
0 0.767969 0.145602 0.015625 0.017130
0 0.689193 0.868519 0.010156 0.023148
0 0.629687 0.678704 0.014583 0.021296
0 0.914323 0.512269 0.015625 0.014352
0 0.692839 0.138194 0.015365 0.016204
0 0.417057 0.262963 0.013802 0.014815
0 0.019792 0.441204 0.017188 0.016667
0 0.833073 0.612037 0.011458 0.022222
0 0.602083 0.183796 0.014583 0.021296
0 0.641406 0.719444 0.013542 0.024074
0 0.895443 0.326852 0.017448 0.015741
0 0.847786 0.504398 0.008073 0.024537
0 0.398047 0.598843 0.013802 0.015278
0 0.187109 0.478704 0.019010 0.016667
0 0.446224 0.225926 0.013802 0.014815
0 0.458724 0.263426 0.013802 0.014815
0 0.506380 0.244907 0.013802 0.014815
0 0.534375 0.230093 0.014063 0.014815
0 0.516797 0.200231 0.014844 0.017130
0 0.606641 0.389815 0.016927 0.012963
0 0.652214 0.400463 0.016927 0.012963
0 0.576302 0.584259 0.015104 0.027778
0 0.592318 0.647917 0.012240 0.020833
0 0.660417 0.727315 0.013542 0.024074
0 0.687891 0.804398 0.012240 0.032870
0 0.699870 0.853935 0.010156 0.028241
0 0.694661 0.923380 0.010156 0.028241
0 0.705859 0.952083 0.010156 0.028241
0 0.779036 0.950694 0.009635 0.024537
0 0.796745 0.859954 0.009635 0.024537
0 0.815495 0.771528 0.009635 0.024537
0 0.808333 0.607176 0.013021 0.020833
0 0.959635 0.518519 0.015625 0.021296
0 0.932031 0.312037 0.014583 0.016667
0 0.802995 0.153704 0.012760 0.017593
0 0.839063 0.181481 0.013021 0.015741
0 0.861198 0.171296 0.013021 0.015741
0 0.605599 0.068519 0.013281 0.025926
