0 0.636849 0.653241 0.016927 0.022222
0 0.713151 0.741204 0.012240 0.025926
0 0.790234 0.028241 0.015885 0.027778
0 0.632422 0.146528 0.016406 0.024537
0 0.667188 0.702778 0.017188 0.024074
0 0.810286 0.094907 0.021615 0.022222
0 0.733984 0.812269 0.012240 0.031944
0 0.704818 0.776157 0.013802 0.028241
0 0.618359 0.585880 0.013281 0.025463
0 0.874479 0.171991 0.013542 0.022685
0 0.267839 0.470602 0.021094 0.017130
0 0.373437 0.384722 0.017708 0.016667
0 0.033073 0.221759 0.019792 0.012963
0 0.645312 0.636111 0.016146 0.024074
0 0.152474 0.233102 0.021615 0.015278
0 0.309766 0.585185 0.017969 0.016667
0 0.671875 0.106250 0.018750 0.024537
0 0.864062 0.200000 0.015104 0.025926
0 0.163151 0.372454 0.018490 0.014352
0 0.758073 0.091898 0.016146 0.018056
0 0.704557 0.365046 0.016927 0.018981
0 0.595964 0.538657 0.013281 0.025463
0 0.804297 0.652315 0.023177 0.022222
0 0.842057 0.729861 0.015365 0.030093
0 0.918490 0.600000 0.016146 0.028704
0 0.829688 0.904398 0.018229 0.041204
0 0.743880 0.878935 0.012240 0.031944
0 0.747656 0.954167 0.009375 0.031481
