0 0.964583 0.543519 0.018229 0.016667
0 0.568750 0.293750 0.012500 0.020833
0 0.986458 0.173611 0.009375 0.012037
0 0.307682 0.451852 0.016927 0.019444
0 0.646484 0.163657 0.014323 0.023611
0 0.638151 0.649306 0.016406 0.028241
0 0.107292 0.205324 0.028646 0.018056
0 0.807031 0.428009 0.018229 0.012500
0 0.708854 0.819444 0.009375 0.028704
0 0.934896 0.180787 0.019792 0.013426
0 0.772396 0.901620 0.010937 0.030093
0 0.624870 0.135880 0.013802 0.028241
0 0.612891 0.215741 0.013802 0.023148
0 0.723437 0.126157 0.016146 0.016204
0 0.567318 0.210880 0.014323 0.018056
0 0.674089 0.015972 0.012240 0.025463
0 0.723698 0.360185 0.033333 0.022222
0 0.687370 0.731481 0.013281 0.028704
0 0.676042 0.389815 0.019792 0.012963
0 0.395703 0.380556 0.016927 0.019444
0 0.423307 0.401157 0.017969 0.018981
0 0.626693 0.393519 0.016927 0.019444
0 0.543750 0.170602 0.016667 0.019907
0 0.709115 0.387500 0.019792 0.012963
0 0.822135 0.357870 0.023958 0.016667
0 0.779948 0.143519 0.015625 0.023148
0 0.870443 0.666667 0.016406 0.030556
0 0.798438 0.890509 0.010937 0.030093
0 0.587240 0.526157 0.014063 0.028241
0 0.705990 0.901389 0.009375 0.028704
0 0.718229 0.904167 0.009375 0.028704
