0 0.840104 0.626620 0.018750 0.020833
0 0.705599 0.679630 0.021615 0.019444
0 0.800130 0.088426 0.014323 0.026852
0 0.208984 0.396296 0.019531 0.017593
0 0.983594 0.129630 0.009896 0.011111
0 0.423568 0.199769 0.019531 0.014352
0 0.097005 0.552546 0.037240 0.022685
0 0.062891 0.372222 0.019531 0.017593
0 0.239323 0.380093 0.017708 0.019444
0 0.286458 0.403009 0.020833 0.017130
0 0.423568 0.222454 0.019531 0.014352
0 0.485026 0.471528 0.019531 0.014352
0 0.647005 0.450694 0.019531 0.014352
0 0.694141 0.375694 0.019531 0.014352
0 0.841276 0.159722 0.014323 0.026852
0 0.914193 0.310880 0.019531 0.014352
0 0.968099 0.294907 0.026302 0.025926
0 0.901302 0.448611 0.011458 0.026852
0 0.845313 0.815741 0.011458 0.026852
0 0.818359 0.829861 0.011719 0.030093
0 0.830990 0.890278 0.011458 0.026852
