0 0.272135 0.211806 0.016146 0.013426
0 0.627604 0.627083 0.014583 0.025463
0 0.143620 0.426389 0.018490 0.017593
0 0.349219 0.229630 0.016146 0.011111
0 0.714063 0.836806 0.011458 0.026389
0 0.768750 0.101620 0.012500 0.029167
0 0.571354 0.621991 0.020313 0.021759
0 0.505078 0.200231 0.018490 0.018981
0 0.717318 0.906250 0.007552 0.029167
0 0.587240 0.287269 0.010937 0.027315
0 0.414453 0.208333 0.019531 0.017593
0 0.833594 0.200463 0.015625 0.026852
0 0.621354 0.669907 0.015104 0.023148
0 0.014974 0.318519 0.017448 0.017593
0 0.652083 0.164583 0.028646 0.037500
0 0.148828 0.204861 0.016406 0.013426
0 0.059635 0.398611 0.019792 0.017593
0 0.781250 0.142361 0.017188 0.019907
0 0.103255 0.198843 0.016927 0.013426
0 0.075781 0.501389 0.015625 0.021296
0 0.063021 0.200231 0.017708 0.012500
0 0.991276 0.318981 0.017448 0.020370
0 0.560547 0.181019 0.019531 0.021296
0 0.227734 0.377315 0.018490 0.017593
0 0.289974 0.393519 0.018490 0.017593
0 0.364453 0.403704 0.018490 0.017593
0 0.342578 0.377315 0.018490 0.017593
0 0.508203 0.406944 0.018490 0.017593
0 0.558464 0.405093 0.018490 0.017593
0 0.637891 0.061806 0.023698 0.049537
0 0.781901 0.376389 0.018490 0.017593
0 0.944922 0.312500 0.018490 0.017593
0 0.574089 0.540509 0.013802 0.028241
0 0.677604 0.785185 0.015104 0.028704
0 0.717839 0.989120 0.007552 0.021759
0 0.863021 0.284028 0.012500 0.029167
0 0.691406 0.748148 0.015625 0.037963
