0 0.707292 0.713194 0.010937 0.023611
0 0.923047 0.518981 0.016406 0.022222
0 0.431120 0.577083 0.017448 0.018056
0 0.790104 0.640741 0.020313 0.018519
0 0.910286 0.475000 0.012760 0.029630
0 0.744531 0.098148 0.018750 0.020370
0 0.882422 0.512037 0.016927 0.029630
0 0.653516 0.084954 0.012760 0.029167
0 0.883073 0.125231 0.018229 0.018056
0 0.402604 0.578935 0.018229 0.019907
0 0.712370 0.650926 0.017448 0.019444
0 0.795833 0.054398 0.015104 0.027315
0 0.968099 0.509954 0.014323 0.019907
0 0.729427 0.775694 0.010937 0.026389
0 0.687109 0.704861 0.014323 0.021759
0 0.072396 0.374074 0.021875 0.016667
0 0.716667 0.740509 0.013542 0.024537
0 0.738672 0.806250 0.011719 0.026389
0 0.847266 0.687731 0.012760 0.033796
0 0.549870 0.178009 0.019010 0.022685
0 0.661458 0.615046 0.016146 0.020833
0 0.735938 0.751852 0.011979 0.024074
0 0.229427 0.223380 0.021354 0.018056
0 0.843490 0.116204 0.019271 0.026852
0 0.353646 0.584722 0.018750 0.019444
0 0.160156 0.368750 0.018750 0.014352
0 0.635156 0.183333 0.014583 0.024074
0 0.876432 0.602546 0.014323 0.029167
0 0.271354 0.240972 0.021354 0.018056
0 0.266146 0.378935 0.021354 0.018056
0 0.227344 0.245139 0.026042 0.019907
0 0.572526 0.207176 0.019010 0.022685
0 0.600391 0.188657 0.019010 0.022685
0 0.781250 0.019676 0.015104 0.027315
0 0.541927 0.216667 0.018750 0.020370
0 0.654427 0.374074 0.018750 0.020370
0 0.792188 0.322685 0.018750 0.020370
0 0.885938 0.307870 0.018750 0.020370
0 0.553125 0.585417 0.023438 0.024537
0 0.758333 0.943981 0.007812 0.028704
0 0.749219 0.937037 0.007812 0.028704
0 0.757292 0.901852 0.007812 0.028704
0 0.743880 0.853472 0.008594 0.027315
0 0.755078 0.846759 0.010156 0.030556
0 0.744531 0.781713 0.011979 0.027315
0 0.725521 0.722222 0.016667 0.031481
