0 0.666146 0.735185 0.011458 0.019444
0 0.072266 0.456481 0.015885 0.018519
0 0.558073 0.535185 0.010937 0.023148
0 0.575391 0.657870 0.014323 0.022222
0 0.612760 0.649074 0.011458 0.020370
0 0.989453 0.153704 0.012240 0.014815
0 0.577865 0.628241 0.012500 0.023148
0 0.185156 0.600926 0.042708 0.022222
0 0.308073 0.591898 0.017708 0.015278
0 0.692057 0.816667 0.011198 0.028704
0 0.647005 0.145833 0.015365 0.021296
0 0.601302 0.120602 0.013021 0.023611
0 0.742318 0.077315 0.012760 0.025926
0 0.628255 0.058333 0.010156 0.025000
0 0.642578 0.723843 0.013281 0.024537
0 0.944401 0.167361 0.016406 0.015278
0 0.559635 0.458102 0.015104 0.012500
0 0.456250 0.487500 0.015104 0.013889
0 0.320052 0.235185 0.015104 0.013889
0 0.100651 0.380093 0.015885 0.018519
0 0.094661 0.264352 0.013802 0.017593
0 0.244141 0.260185 0.013802 0.017593
0 0.395573 0.256944 0.014063 0.012037
0 0.455729 0.253704 0.014063 0.012037
0 0.450781 0.225926 0.014063 0.012037
0 0.480990 0.250463 0.016667 0.014815
0 0.307292 0.426852 0.016667 0.014815
0 0.250521 0.404630 0.016667 0.014815
0 0.518359 0.421528 0.017448 0.013426
0 0.526042 0.236343 0.018750 0.018056
0 0.555469 0.222917 0.014063 0.014352
0 0.601693 0.059722 0.012240 0.023148
0 0.725130 0.074074 0.012760 0.025926
0 0.704427 0.137269 0.014583 0.018056
0 0.762760 0.158102 0.014583 0.018056
0 0.830339 0.230093 0.013802 0.027778
0 0.571354 0.571296 0.010937 0.023148
0 0.704818 0.922685 0.011198 0.028704
0 0.771484 0.969676 0.009635 0.024537
0 0.852995 0.584954 0.014323 0.022685
0 0.972135 0.330787 0.016146 0.016204
