0 0.944922 0.481481 0.016406 0.016667
0 0.095312 0.528704 0.017708 0.014815
0 0.719661 0.738889 0.014323 0.025000
0 0.656771 0.636343 0.015104 0.018981
0 0.862760 0.573148 0.015625 0.022222
0 0.031120 0.508796 0.017448 0.016667
0 0.532422 0.185185 0.013281 0.012037
0 0.798698 0.098611 0.013021 0.017593
0 0.680599 0.642130 0.016406 0.017593
0 0.736068 0.798148 0.014323 0.026852
0 0.576562 0.143287 0.015625 0.018056
0 0.584505 0.288426 0.011198 0.021296
0 0.712760 0.105324 0.021875 0.026389
0 0.722656 0.713426 0.012500 0.025000
0 0.621094 0.568056 0.014583 0.024074
0 0.745052 0.781944 0.012500 0.026852
0 0.238672 0.235648 0.017448 0.014815
0 0.483333 0.200694 0.014063 0.014352
0 0.582292 0.197917 0.015104 0.014352
0 0.672526 0.368287 0.015365 0.013426
0 0.083073 0.225231 0.015625 0.009722
0 0.125000 0.240741 0.014583 0.012963
0 0.185938 0.240046 0.013021 0.011574
0 0.328125 0.225926 0.030208 0.017593
0 0.477734 0.398380 0.015365 0.010648
0 0.598958 0.299537 0.008333 0.022222
0 0.820052 0.333565 0.015625 0.014352
0 0.917708 0.275463 0.016667 0.016667
0 0.956120 0.282176 0.014844 0.014352
0 0.989193 0.244213 0.014844 0.017130
0 0.916927 0.507176 0.015104 0.017130
0 0.747266 0.875694 0.008073 0.019907
0 0.748177 0.956481 0.006250 0.023148
0 0.759115 0.962500 0.006771 0.020370
0 0.808203 0.894444 0.012240 0.039815
0 0.083464 0.369907 0.015885 0.012963
0 0.166797 0.381481 0.016927 0.014815
0 0.663932 0.142130 0.010677 0.018519
0 0.640495 0.578472 0.019010 0.033796
