0 0.617708 0.696065 0.013021 0.018981
0 0.613932 0.110417 0.012240 0.025463
0 0.552865 0.312269 0.009896 0.022685
0 0.633724 0.162963 0.015365 0.021296
0 0.572005 0.253704 0.013281 0.029630
0 0.573698 0.660648 0.014583 0.017593
0 0.621615 0.666898 0.013542 0.023611
0 0.172656 0.568519 0.018750 0.012963
0 0.872135 0.567361 0.012500 0.015278
0 0.730729 0.685185 0.015104 0.015741
0 0.176693 0.233102 0.017969 0.017130
0 0.751172 0.099074 0.011198 0.024074
0 0.889583 0.533796 0.016667 0.016667
0 0.912370 0.190509 0.013802 0.017130
0 0.671615 0.761806 0.010417 0.021759
0 0.854427 0.507639 0.009896 0.020833
0 0.729297 0.088426 0.011719 0.026852
0 0.535937 0.338426 0.009375 0.030556
0 0.326302 0.252546 0.016667 0.015278
0 0.133724 0.394907 0.017448 0.016667
0 0.727734 0.445833 0.015885 0.018519
0 0.496224 0.483333 0.014323 0.013889
0 0.338411 0.419444 0.015365 0.015741
0 0.352344 0.253472 0.016667 0.015278
0 0.382292 0.253472 0.017708 0.016204
0 0.452865 0.253935 0.017708 0.016204
0 0.473698 0.216898 0.014063 0.017130
0 0.481120 0.250463 0.014323 0.014815
0 0.509245 0.245370 0.014323 0.014815
0 0.578906 0.591898 0.011458 0.022685
0 0.693099 0.844907 0.009115 0.025926
0 0.701172 0.906019 0.009115 0.025926
0 0.690755 0.927778 0.009115 0.025926
0 0.700391 0.981481 0.009115 0.025926
0 0.781901 0.917824 0.010156 0.024537
0 0.809245 0.680787 0.010156 0.024537
0 0.928516 0.304630 0.015885 0.018519
0 0.864714 0.189120 0.013802 0.017130
0 0.796484 0.181713 0.013802 0.017130
0 0.719401 0.060185 0.011719 0.026852
0 0.712370 0.027546 0.011198 0.027315
0 0.701562 0.146065 0.014583 0.015278
0 0.536589 0.235185 0.014323 0.014815
