0 0.091667 0.312731 0.016667 0.019907
0 0.007812 0.346296 0.015104 0.012963
0 0.689193 0.369213 0.022656 0.012500
0 0.325781 0.525463 0.015625 0.026852
0 0.511719 0.416204 0.020313 0.021296
0 0.390234 0.646759 0.010677 0.026852
0 0.414583 0.801389 0.014583 0.012963
0 0.119141 0.336343 0.009635 0.031019
0 0.276823 0.166898 0.016146 0.018056
0 0.817318 0.366435 0.017448 0.013426
0 0.123958 0.577315 0.008333 0.026852
0 0.433724 0.956250 0.017448 0.014352
0 0.748698 0.036111 0.012500 0.014815
0 0.436458 0.424074 0.022917 0.020370
0 0.254818 0.214120 0.013802 0.035648
0 0.210417 0.359491 0.007812 0.027315
0 0.450260 0.910648 0.015104 0.017593
0 0.409766 0.410880 0.016406 0.017130
0 0.294922 0.590046 0.010156 0.031944
0 0.302995 0.222917 0.016406 0.024537
0 0.298828 0.137500 0.010677 0.026852
0 0.687500 0.038194 0.015625 0.018981
0 0.387500 0.937500 0.007812 0.028704
0 0.417969 0.837963 0.013542 0.015741
0 0.686328 0.123611 0.010677 0.012037
0 0.366276 0.978472 0.006510 0.024537
0 0.387500 0.832639 0.007292 0.021759
0 0.589974 0.424306 0.010677 0.014352
0 0.540234 0.419213 0.015365 0.012500
0 0.401172 0.441898 0.014323 0.018056
0 0.144531 0.253935 0.011979 0.028241
0 0.413281 0.784259 0.011458 0.012963
0 0.344010 0.242593 0.019271 0.021296
0 0.250391 0.372222 0.008073 0.025000
0 0.262760 0.776620 0.007812 0.024537
0 0.378255 0.463194 0.013802 0.018056
0 0.478906 0.396065 0.015104 0.014352
0 0.388411 0.759491 0.008073 0.024537
0 0.717448 0.173611 0.009896 0.024074
0 0.416276 0.853704 0.014844 0.015741
0 0.367318 0.946759 0.006510 0.023148
0 0.901302 0.449306 0.015625 0.017130
0 0.856510 0.155093 0.008333 0.021296
0 0.437370 0.970139 0.016406 0.014352
0 0.940365 0.141204 0.008333 0.023148
0 0.279818 0.086111 0.007031 0.025000
0 0.414323 0.882870 0.015104 0.014815
0 0.118490 0.502546 0.015104 0.021759
0 0.390755 0.683565 0.010677 0.024537
0 0.136719 0.490509 0.015104 0.021759
0 0.264323 0.949537 0.007292 0.028704
0 0.768359 0.420370 0.015885 0.019444
0 0.559115 0.423380 0.015625 0.016204
0 0.389844 0.720602 0.006771 0.024537
0 0.734245 0.038194 0.013281 0.015278
0 0.258854 0.025926 0.007292 0.027778
0 0.063802 0.329398 0.014583 0.016204
0 0.106771 0.263657 0.016667 0.019907
0 0.022526 0.680556 0.017969 0.016667
0 0.025521 0.663194 0.011979 0.011574
0 0.025781 0.648843 0.011979 0.011574
0 0.250000 0.846065 0.007292 0.029167
0 0.298438 0.626620 0.007812 0.024537
0 0.253906 0.595139 0.015104 0.021759
0 0.235807 0.569213 0.014844 0.013426
0 0.256250 0.508333 0.007292 0.031481
0 0.317578 0.511574 0.019531 0.031481
0 0.339844 0.433102 0.007812 0.027315
0 0.279427 0.031713 0.005729 0.022685
0 0.283464 0.123148 0.007031 0.025000
0 0.377734 0.429861 0.013802 0.018056
0 0.480599 0.332870 0.016406 0.015741
0 0.441146 0.399306 0.014063 0.013426
0 0.387240 0.861343 0.007292 0.021759
0 0.415625 0.868287 0.015104 0.013426
0 0.416406 0.822222 0.013542 0.015741
0 0.730469 0.168056 0.010937 0.015741
0 0.951562 0.146991 0.010417 0.031944
