0 0.182943 0.254861 0.020052 0.018981
0 0.657552 0.730556 0.013021 0.025000
0 0.637500 0.207176 0.014583 0.021759
0 0.687109 0.786806 0.011719 0.018981
0 0.615625 0.659259 0.015625 0.023148
0 0.799479 0.182870 0.015625 0.019444
0 0.650781 0.773611 0.013021 0.021296
0 0.703255 0.846296 0.010156 0.024074
0 0.832422 0.462269 0.017448 0.018056
0 0.719401 0.406944 0.020052 0.016667
0 0.860938 0.732639 0.014063 0.028241
0 0.826172 0.192824 0.018490 0.018056
0 0.352865 0.418750 0.019792 0.014352
0 0.411719 0.499306 0.019792 0.014352
0 0.582812 0.316204 0.009896 0.023148
0 0.911589 0.357407 0.014844 0.016667
0 0.874089 0.541204 0.008594 0.028704
0 0.710417 0.903241 0.006771 0.025000
