0 0.572005 0.191435 0.016927 0.018981
0 0.090104 0.367130 0.021354 0.016667
0 0.945833 0.144213 0.020833 0.015278
0 0.705990 0.094907 0.020833 0.016667
0 0.622786 0.138889 0.015365 0.026852
0 0.838021 0.750231 0.011458 0.030093
0 0.590755 0.189815 0.017969 0.022222
0 0.537891 0.207407 0.017969 0.015741
0 0.073958 0.340278 0.021354 0.016667
0 0.233984 0.385880 0.019010 0.016204
0 0.516536 0.212500 0.017969 0.015741
0 0.493880 0.214815 0.017969 0.015741
0 0.574349 0.119676 0.015365 0.026389
0 0.838021 0.323148 0.020833 0.016667
0 0.726302 0.820139 0.012500 0.032870
