0 0.849870 0.615741 0.019010 0.027778
0 0.868750 0.167593 0.012500 0.020370
0 0.694141 0.715046 0.015885 0.026389
0 0.584115 0.212269 0.009896 0.023611
0 0.588021 0.568981 0.012500 0.026852
0 0.564193 0.190046 0.016406 0.018056
0 0.709115 0.806019 0.011458 0.029630
0 0.009115 0.347917 0.017708 0.017130
0 0.808854 0.065278 0.015625 0.031481
0 0.012370 0.511574 0.019010 0.017593
0 0.667969 0.121991 0.015104 0.024537
0 0.725000 0.894907 0.009375 0.028704
0 0.733984 0.839120 0.012240 0.031944
0 0.624349 0.117593 0.013802 0.028704
0 0.572396 0.513194 0.013542 0.019907
0 0.198828 0.449074 0.020052 0.015741
0 0.593880 0.525000 0.012760 0.030556
0 0.886068 0.249074 0.016406 0.016667
0 0.754818 0.365046 0.016406 0.017130
0 0.718620 0.781713 0.010677 0.025463
0 0.790885 0.332176 0.025000 0.020833
0 0.496484 0.181713 0.016406 0.018056
0 0.566406 0.126620 0.018229 0.022685
0 0.710807 0.098148 0.020052 0.019444
0 0.653776 0.040741 0.013802 0.028704
0 0.601172 0.166204 0.013802 0.028704
0 0.943359 0.302083 0.016406 0.017130
0 0.914193 0.433333 0.013281 0.030556
0 0.901432 0.657870 0.013281 0.030556
0 0.826172 0.778704 0.013281 0.030556
0 0.624479 0.600926 0.012500 0.026852
0 0.738542 0.882870 0.009375 0.028704
0 0.740104 0.936574 0.009375 0.028704
