0 0.589193 0.649769 0.013802 0.021759
0 0.893490 0.534954 0.018229 0.019907
0 0.756771 0.137269 0.013021 0.023611
0 0.616797 0.687269 0.013281 0.020833
0 0.691146 0.826852 0.009375 0.022222
0 0.649870 0.704167 0.014323 0.025000
0 0.030599 0.226620 0.017448 0.014352
0 0.676693 0.765278 0.010677 0.023148
0 0.827214 0.617361 0.036719 0.051389
0 0.667969 0.143519 0.015104 0.016667
0 0.368099 0.248380 0.014323 0.014352
0 0.080599 0.228009 0.016927 0.015278
0 0.596615 0.179167 0.015625 0.025000
0 0.404297 0.587269 0.014323 0.016204
0 0.270964 0.585417 0.022135 0.019907
0 0.297396 0.222454 0.016146 0.016204
0 0.392969 0.224769 0.013542 0.014352
0 0.961198 0.172685 0.012500 0.014815
0 0.679948 0.828009 0.009375 0.024537
0 0.659766 0.760185 0.010677 0.027778
0 0.125000 0.368056 0.015625 0.016667
0 0.200391 0.243981 0.016927 0.015741
0 0.290625 0.245833 0.025000 0.019444
0 0.343620 0.224769 0.017448 0.015278
0 0.436068 0.217593 0.013802 0.013889
0 0.413021 0.251389 0.013542 0.013889
0 0.451172 0.249769 0.013802 0.014352
0 0.501823 0.242130 0.015625 0.017593
0 0.536198 0.228472 0.015625 0.013426
0 0.570443 0.259491 0.011198 0.023611
0 0.657943 0.459722 0.015365 0.014815
0 0.707422 0.388889 0.015365 0.014815
0 0.722266 0.064815 0.011198 0.024074
0 0.713542 0.031019 0.010417 0.026852
0 0.807813 0.175231 0.012500 0.016204
0 0.771745 0.373148 0.016406 0.014815
0 0.887891 0.191204 0.016406 0.014815
0 0.839974 0.687269 0.010677 0.018981
0 0.795573 0.737269 0.009375 0.023611
0 0.778516 0.811343 0.010677 0.024537
0 0.781771 0.888657 0.009896 0.020833
0 0.599870 0.629630 0.013802 0.025926
0 0.699870 0.887269 0.009635 0.024537
0 0.701042 0.949306 0.007812 0.022685
0 0.690625 0.985417 0.012500 0.029167
