0 0.669010 0.759259 0.012500 0.026852
0 0.267708 0.450000 0.018229 0.013889
0 0.663411 0.786806 0.012240 0.027315
0 0.962891 0.493056 0.024219 0.024074
0 0.759635 0.155324 0.014063 0.023611
0 0.644531 0.740972 0.014583 0.026389
0 0.566667 0.612731 0.012500 0.023611
0 0.908333 0.196759 0.015104 0.012963
0 0.693620 0.700000 0.014844 0.013889
0 0.567578 0.569213 0.012240 0.024537
0 0.160807 0.433102 0.016927 0.015278
0 0.343359 0.478704 0.017448 0.012037
0 0.672396 0.148380 0.016146 0.015278
0 0.459766 0.249306 0.014844 0.014352
0 0.841536 0.596528 0.011719 0.025463
0 0.596615 0.633333 0.012500 0.023148
0 0.683724 0.808333 0.011198 0.027778
0 0.484896 0.245833 0.015625 0.013889
0 0.913281 0.315278 0.014583 0.013889
0 0.438021 0.250000 0.013542 0.014815
0 0.843880 0.180556 0.014844 0.016667
0 0.645573 0.778241 0.013542 0.027778
0 0.417057 0.249306 0.014844 0.013426
0 0.377214 0.246296 0.013802 0.012963
0 0.511979 0.238426 0.015625 0.013889
0 0.538672 0.230093 0.030469 0.028704
0 0.620313 0.181481 0.014063 0.017593
0 0.537630 0.319213 0.009115 0.021759
0 0.679818 0.863889 0.011198 0.027778
0 0.686198 0.955093 0.010417 0.023148
0 0.725130 0.082176 0.011719 0.023611
0 0.715755 0.042361 0.012240 0.025463
0 0.616016 0.047685 0.012240 0.024074
