0 0.806250 0.391667 0.021875 0.016667
0 0.887370 0.388657 0.021094 0.017130
0 0.416146 0.464815 0.013542 0.016667
0 0.367448 0.266667 0.015104 0.022222
0 0.709896 0.383565 0.019271 0.014352
0 0.608594 0.363194 0.021354 0.013426
0 0.436719 0.821991 0.013021 0.013426
0 0.261589 0.964120 0.008594 0.025463
0 0.147396 0.603704 0.011458 0.027778
0 0.326172 0.224769 0.016406 0.020833
0 0.703125 0.054167 0.015625 0.015741
0 0.423047 0.436343 0.017969 0.018056
0 0.388672 0.515741 0.013281 0.021296
0 0.469922 0.926852 0.013802 0.017593
0 0.273047 0.870602 0.009115 0.027315
0 0.591797 0.379398 0.020052 0.012500
0 0.537370 0.228704 0.013281 0.024074
0 0.353646 0.304398 0.013021 0.026389
0 0.320573 0.581019 0.015625 0.024074
0 0.356250 0.486343 0.012500 0.027315
0 0.411328 0.666435 0.007552 0.027315
0 0.312760 0.680556 0.008333 0.026852
0 0.048698 0.707639 0.018229 0.012500
0 0.269271 0.426620 0.009375 0.024537
0 0.232422 0.385880 0.010677 0.028241
0 0.433594 0.801852 0.011979 0.012037
0 0.460807 0.990278 0.013802 0.010185
0 0.410026 0.879630 0.005469 0.025000
0 0.266016 0.753935 0.008073 0.028241
0 0.912370 0.443981 0.017448 0.023148
0 0.310547 0.174769 0.013802 0.030093
0 0.965365 0.149306 0.012500 0.025463
0 0.050260 0.688657 0.014583 0.011574
0 0.438021 0.870833 0.011458 0.011111
0 0.437109 0.886343 0.012760 0.012500
0 0.307292 0.074306 0.013021 0.031019
0 0.389844 0.967130 0.009896 0.023148
0 0.972396 0.396759 0.021354 0.015741
0 0.744792 0.443056 0.016146 0.024074
0 0.953646 0.147685 0.012500 0.026852
0 0.455729 0.972222 0.013542 0.011111
0 0.752344 0.049306 0.014583 0.018981
0 0.131641 0.287269 0.016927 0.018056
0 0.410156 0.850694 0.009375 0.024537
0 0.273177 0.908102 0.009896 0.029167
0 0.589193 0.293519 0.010677 0.019444
0 0.411589 0.705787 0.008594 0.021759
0 0.904948 0.501852 0.016146 0.022222
0 0.273438 0.294907 0.008333 0.027778
0 0.268099 0.527546 0.008073 0.025463
0 0.058984 0.460417 0.013281 0.014352
0 0.052214 0.673843 0.013281 0.010648
0 0.271745 0.973843 0.005990 0.021759
0 0.410938 0.777778 0.006250 0.022222
0 0.411849 0.740046 0.005990 0.024537
0 0.439193 0.836806 0.014323 0.014352
0 0.440885 0.855556 0.015104 0.011111
0 0.436589 0.900463 0.015885 0.012037
0 0.411198 0.957639 0.008333 0.024537
0 0.389323 0.991435 0.006250 0.014352
