0 0.828516 0.608796 0.013802 0.017593
0 0.870182 0.169676 0.011719 0.019907
0 0.593490 0.600463 0.013542 0.017593
0 0.603646 0.185185 0.016146 0.021296
0 0.504557 0.568056 0.020573 0.016667
0 0.652344 0.665509 0.012500 0.019907
0 0.260807 0.573380 0.019531 0.018981
0 0.917188 0.508333 0.012500 0.020370
0 0.628646 0.174537 0.013542 0.023148
0 0.891406 0.531481 0.015625 0.022222
0 0.691406 0.110880 0.018229 0.021759
0 0.605859 0.543287 0.010677 0.027315
0 0.705859 0.721528 0.010677 0.020833
0 0.026953 0.239352 0.023698 0.017593
0 0.337109 0.569676 0.014844 0.018056
0 0.691146 0.712500 0.012500 0.021296
0 0.733073 0.745370 0.014063 0.021296
0 0.563021 0.203009 0.021354 0.019907
0 0.882161 0.508102 0.014323 0.019907
0 0.748047 0.813194 0.008594 0.015278
0 0.663542 0.670833 0.012500 0.017593
0 0.908854 0.362963 0.021875 0.017593
0 0.730208 0.102315 0.024479 0.021296
0 0.950391 0.129861 0.014844 0.023611
0 0.789974 0.033102 0.013802 0.024537
0 0.743359 0.404861 0.019531 0.020833
0 0.627734 0.078935 0.013802 0.020833
0 0.646615 0.622454 0.016667 0.022685
0 0.844922 0.167593 0.013802 0.020370
0 0.774219 0.008565 0.012500 0.013426
0 0.499479 0.221296 0.017708 0.020370
0 0.525911 0.219213 0.018490 0.018981
0 0.626693 0.365046 0.017448 0.021759
0 0.973568 0.261343 0.019010 0.024537
0 0.875651 0.311806 0.022135 0.021759
0 0.761458 0.101389 0.016146 0.020370
0 0.690495 0.650231 0.038281 0.056019
0 0.730729 0.781481 0.013021 0.025000
0 0.738021 0.830556 0.013021 0.025000
0 0.741406 0.875926 0.013021 0.025000
0 0.753906 0.885185 0.013021 0.025000
0 0.755208 0.973611 0.013021 0.025000
0 0.737891 0.945602 0.015885 0.043056
0 0.844922 0.702546 0.015885 0.028241
0 0.620833 0.537500 0.012500 0.018519
