0 0.608854 0.189815 0.021875 0.022222
0 0.668880 0.635648 0.011719 0.012963
0 0.526172 0.576157 0.016927 0.015278
0 0.890495 0.514815 0.013802 0.023148
0 0.873698 0.608102 0.015104 0.031944
0 0.719792 0.716204 0.010937 0.022222
0 0.688672 0.123148 0.013802 0.020370
0 0.659896 0.143981 0.012500 0.021296
0 0.683984 0.681019 0.014323 0.024074
0 0.705729 0.753241 0.013021 0.029630
0 0.625260 0.584722 0.011458 0.023148
0 0.735547 0.815509 0.009115 0.023611
0 0.312109 0.465509 0.015365 0.015278
0 0.728646 0.841204 0.010417 0.023148
0 0.442839 0.384491 0.014844 0.016204
0 0.726693 0.102315 0.040365 0.028704
0 0.725521 0.769213 0.008854 0.018981
0 0.474219 0.403472 0.014583 0.015278
0 0.288932 0.216435 0.019010 0.014352
0 0.853125 0.690972 0.014063 0.035648
0 0.615104 0.523148 0.010937 0.024074
0 0.705208 0.679630 0.012500 0.016667
0 0.195964 0.234954 0.015365 0.015278
0 0.362500 0.214583 0.018229 0.015278
0 0.283464 0.383565 0.016927 0.014352
0 0.843490 0.122454 0.014063 0.025463
0 0.879557 0.189120 0.011198 0.020833
0 0.886589 0.379630 0.017448 0.015741
0 0.707812 0.719907 0.010937 0.022222
0 0.753776 0.879167 0.007552 0.024074
0 0.735677 0.911806 0.008333 0.029167
0 0.746484 0.935880 0.007031 0.025463
