0 0.589193 0.205093 0.013802 0.015741
0 0.926302 0.520833 0.015104 0.021296
0 0.668490 0.650231 0.013021 0.018981
0 0.256120 0.573611 0.015365 0.012037
0 0.847396 0.730324 0.011458 0.023611
0 0.716927 0.691204 0.012500 0.023148
0 0.621094 0.181019 0.011979 0.022222
0 0.876693 0.608796 0.013802 0.022222
0 0.726302 0.760648 0.008854 0.022222
0 0.697917 0.697917 0.013021 0.020833
0 0.825000 0.094444 0.012500 0.022222
0 0.253516 0.218750 0.015885 0.017130
0 0.777995 0.042361 0.013281 0.025463
0 0.786979 0.016204 0.013021 0.022222
0 0.750260 0.803472 0.009896 0.019907
0 0.984115 0.134028 0.026042 0.018056
0 0.699870 0.658565 0.013281 0.018981
0 0.604818 0.599537 0.014323 0.016667
0 0.143620 0.378009 0.014323 0.022685
0 0.331380 0.461343 0.018490 0.016204
0 0.940755 0.495370 0.013281 0.020370
0 0.605729 0.500000 0.017708 0.019444
0 0.935677 0.147917 0.014583 0.017130
0 0.462370 0.230556 0.013802 0.015741
0 0.792969 0.076389 0.012500 0.022222
0 0.889062 0.129398 0.014583 0.017130
0 0.907682 0.432176 0.014323 0.049537
0 0.870833 0.740046 0.011458 0.023611
0 0.830339 0.807407 0.017969 0.049074
0 0.737891 0.757639 0.009635 0.020833
0 0.739974 0.831250 0.009635 0.022685
0 0.757161 0.889120 0.009635 0.022685
0 0.749089 0.908565 0.009635 0.022685
0 0.758984 0.953935 0.009635 0.022685
0 0.749609 0.987731 0.009635 0.022685
0 0.835026 0.900694 0.009635 0.022685
