0 0.091667 0.252083 0.018750 0.013426
0 0.628516 0.136111 0.012760 0.025926
0 0.707812 0.831944 0.010417 0.025926
0 0.640495 0.646528 0.029427 0.046759
0 0.857161 0.343287 0.020052 0.023611
0 0.714974 0.798611 0.012240 0.025926
0 0.133984 0.245833 0.017969 0.012037
0 0.608854 0.626620 0.031250 0.056944
0 0.668359 0.006944 0.013281 0.012037
0 0.563932 0.214352 0.016927 0.017593
0 0.073307 0.377778 0.017969 0.018519
0 0.729948 0.929630 0.011458 0.025926
0 0.792708 0.100463 0.017708 0.027778
0 0.588932 0.536806 0.011198 0.023611
0 0.029948 0.240046 0.018750 0.018056
0 0.660807 0.708565 0.013802 0.025463
0 0.724219 0.869676 0.010937 0.030093
0 0.604948 0.405324 0.021354 0.013426
0 0.648698 0.377315 0.019792 0.019444
0 0.754557 0.024306 0.010677 0.024537
0 0.260417 0.245833 0.017188 0.018519
0 0.641016 0.089583 0.013281 0.031019
0 0.328906 0.420139 0.018750 0.013426
0 0.443359 0.395139 0.021094 0.014352
0 0.490365 0.415972 0.018750 0.013426
0 0.524089 0.235185 0.016927 0.017593
0 0.794271 0.145602 0.017708 0.030093
0 0.761979 0.086343 0.013021 0.022685
0 0.853516 0.252083 0.015365 0.031019
0 0.591276 0.227315 0.012240 0.035185
0 0.900130 0.313657 0.020052 0.023611
0 0.930078 0.373843 0.020052 0.023611
0 0.702474 0.751620 0.013802 0.025463
0 0.694922 0.778935 0.013802 0.025463
0 0.726823 0.987037 0.011458 0.025926
0 0.824870 0.332407 0.034115 0.030556
