0 0.390234 0.571759 0.016927 0.014815
0 0.123568 0.221296 0.015365 0.012037
0 0.566667 0.449306 0.016146 0.017130
0 0.655599 0.678472 0.015365 0.021759
0 0.951432 0.179630 0.017448 0.014815
0 0.615625 0.154630 0.014583 0.027778
0 0.561328 0.216667 0.017448 0.016667
0 0.645833 0.013657 0.011979 0.020833
0 0.532943 0.228704 0.018490 0.017593
0 0.505599 0.466204 0.021094 0.015741
0 0.861979 0.164583 0.017708 0.018981
0 0.212500 0.437731 0.018750 0.014352
0 0.716146 0.441898 0.021354 0.013426
0 0.600391 0.236574 0.013281 0.026852
0 0.619401 0.614815 0.014323 0.021296
0 0.990885 0.518287 0.018229 0.020833
0 0.586328 0.538889 0.015885 0.031481
0 0.509245 0.234259 0.018490 0.017593
0 0.597005 0.192593 0.013281 0.026852
0 0.727604 0.122917 0.017708 0.018981
0 0.775521 0.139120 0.017708 0.018981
0 0.911719 0.178009 0.017708 0.018981
0 0.639323 0.395602 0.016146 0.017130
0 0.736849 0.362500 0.019010 0.017593
0 0.843880 0.359722 0.019010 0.017593
0 0.954036 0.300000 0.019010 0.017593
0 0.777604 0.064815 0.014063 0.026852
0 0.766667 0.041204 0.014063 0.026852
0 0.761198 0.070833 0.014063 0.026852
0 0.883203 0.483102 0.011719 0.033796
0 0.696094 0.754861 0.011979 0.025463
