0 0.335547 0.490046 0.011198 0.029167
0 0.343620 0.307870 0.013802 0.028704
0 0.688542 0.351389 0.018750 0.012037
0 0.369922 0.467593 0.014323 0.019444
0 0.754297 0.378241 0.016927 0.011111
0 0.887500 0.370139 0.014583 0.012500
0 0.305469 0.193519 0.015625 0.027778
0 0.410417 0.308796 0.015104 0.015741
0 0.277214 0.552083 0.013281 0.016204
0 0.203646 0.363889 0.008854 0.025926
0 0.384375 0.649306 0.007812 0.027315
0 0.492318 0.338426 0.039323 0.023148
0 0.353646 0.250231 0.015625 0.024537
0 0.408464 0.785417 0.012240 0.013426
0 0.230599 0.973843 0.007552 0.028241
0 0.726693 0.037269 0.012240 0.013426
0 0.409115 0.803935 0.013542 0.008796
0 0.384375 0.686806 0.007812 0.022685
0 0.856771 0.383102 0.018750 0.015278
0 0.151172 0.225694 0.014323 0.020833
0 0.443620 0.911806 0.014844 0.014352
0 0.806641 0.422222 0.013802 0.016667
0 0.234766 0.815972 0.008073 0.028241
0 0.384766 0.723843 0.008073 0.022685
0 0.799870 0.363194 0.021094 0.014352
0 0.409245 0.882639 0.016406 0.014352
0 0.428516 0.956250 0.014323 0.012500
0 0.676823 0.034954 0.015625 0.018981
0 0.421615 0.428935 0.016146 0.015278
0 0.410938 0.855556 0.011979 0.011111
0 0.957422 0.373843 0.032552 0.018981
0 0.413021 0.839352 0.015104 0.012037
0 0.183073 0.687731 0.008854 0.031019
0 0.282422 0.090278 0.011719 0.025926
0 0.117448 0.583102 0.009375 0.024537
0 0.372396 0.485880 0.013021 0.018056
0 0.361198 0.981019 0.007292 0.025000
0 0.411068 0.869213 0.013802 0.012500
0 0.383594 0.762269 0.008333 0.019907
0 0.932292 0.448380 0.012500 0.014352
0 0.895443 0.448380 0.016927 0.016204
0 0.433464 0.975463 0.013802 0.012963
0 0.392839 0.421991 0.012760 0.015278
0 0.483073 0.418519 0.015104 0.012037
0 0.676172 0.126620 0.010677 0.014352
0 0.834245 0.441204 0.023698 0.018519
0 0.659115 0.364815 0.014583 0.013889
0 0.362370 0.951157 0.008073 0.021759
0 0.558073 0.404167 0.013542 0.014815
0 0.741146 0.036806 0.012500 0.011574
0 0.440625 0.925463 0.015625 0.012963
0 0.411849 0.821065 0.016927 0.010648
0 0.382422 0.939120 0.007552 0.024537
0 0.382292 0.862731 0.008333 0.019907
0 0.383073 0.834491 0.006771 0.021759
0 0.233594 0.887731 0.006250 0.022685
0 0.236719 0.734028 0.007812 0.023611
0 0.271224 0.706019 0.007031 0.026852
0 0.280469 0.583102 0.008854 0.016204
0 0.335026 0.343981 0.010156 0.021296
0 0.942448 0.142130 0.009896 0.029630
0 0.931771 0.137269 0.010417 0.022685
0 0.849219 0.151157 0.008854 0.023611
0 0.710938 0.171528 0.010937 0.024537
0 0.723177 0.168519 0.012500 0.019444
0 0.286719 0.034028 0.013542 0.032870
0 0.244141 0.267593 0.008594 0.028704
0 0.244271 0.380093 0.008854 0.027778
0 0.018620 0.653472 0.011198 0.008796
0 0.016016 0.687269 0.019010 0.014352
0 0.018099 0.668519 0.014844 0.010185
0 0.011849 0.422917 0.016406 0.018056
0 0.097396 0.263889 0.012500 0.025000
0 0.565495 0.275926 0.011198 0.010185
