0 0.617318 0.686574 0.012760 0.019444
0 0.557031 0.577083 0.010417 0.022685
0 0.174479 0.253009 0.015625 0.013426
0 0.288932 0.465278 0.016927 0.012963
0 0.675130 0.812500 0.011198 0.023148
0 0.970313 0.477546 0.015104 0.017130
0 0.687500 0.875463 0.010937 0.031481
0 0.659505 0.766435 0.012240 0.023611
0 0.035677 0.254167 0.016146 0.017593
0 0.788411 0.366435 0.014844 0.014352
0 0.584245 0.191435 0.010677 0.019907
0 0.936458 0.543750 0.014063 0.018056
0 0.714974 0.138657 0.013281 0.012500
0 0.587240 0.643287 0.013542 0.021759
0 0.124219 0.379861 0.016146 0.014352
0 0.709505 0.026852 0.012240 0.036111
0 0.667969 0.457639 0.016146 0.014352
0 0.526432 0.235880 0.019010 0.019907
0 0.344661 0.594907 0.021094 0.016667
0 0.499609 0.248380 0.014844 0.013426
0 0.481901 0.248380 0.014844 0.013426
0 0.453385 0.257407 0.014583 0.013889
0 0.419531 0.257870 0.010417 0.012963
0 0.174740 0.404167 0.017188 0.013889
0 0.082682 0.447685 0.014844 0.012963
0 0.268880 0.401852 0.016927 0.012963
0 0.680859 0.789815 0.012240 0.026852
0 0.698307 0.861806 0.008594 0.024537
0 0.693880 0.942824 0.008594 0.024537
0 0.791797 0.756019 0.011198 0.025926
0 0.851302 0.342130 0.016667 0.017593
0 0.662760 0.394213 0.016146 0.014352
0 0.576823 0.392824 0.016146 0.014352
0 0.747005 0.149306 0.013281 0.012500
0 0.629427 0.011574 0.010417 0.022222
0 0.778125 0.160417 0.015625 0.013426
0 0.745964 0.076157 0.013802 0.026389
0 0.722786 0.017593 0.009115 0.021296
