0 0.615104 0.658796 0.012500 0.023148
0 0.213021 0.233102 0.021354 0.013426
0 0.598047 0.251389 0.014844 0.034259
0 0.924479 0.214815 0.018229 0.010185
0 0.081380 0.379398 0.017969 0.018981
0 0.659635 0.729630 0.012500 0.017593
0 0.875391 0.213657 0.017448 0.017130
0 0.577995 0.317593 0.012240 0.033333
0 0.751953 0.094907 0.010677 0.025926
0 0.663802 0.181250 0.015104 0.020833
0 0.701042 0.846296 0.009375 0.023148
0 0.721094 0.158333 0.021354 0.015741
0 0.225130 0.400694 0.014844 0.015278
0 0.727734 0.422222 0.020052 0.018519
0 0.712500 0.400463 0.055208 0.018519
0 0.960547 0.337500 0.057552 0.034259
0 0.710156 0.972222 0.009375 0.023148
0 0.759766 0.984954 0.009635 0.025463
