0 0.468229 0.596991 0.014063 0.015278
0 0.608854 0.672917 0.014063 0.023611
0 0.579427 0.658102 0.012500 0.018981
0 0.889714 0.545370 0.026302 0.030556
0 0.633333 0.712037 0.013542 0.021296
0 0.649870 0.706019 0.012760 0.022222
0 0.511979 0.611111 0.015104 0.016667
0 0.810677 0.172685 0.014583 0.013889
0 0.147526 0.231481 0.018490 0.017593
0 0.205469 0.250000 0.016146 0.015741
0 0.079818 0.233796 0.016927 0.016667
0 0.694271 0.835880 0.009375 0.024537
0 0.597266 0.168056 0.014323 0.022222
0 0.239844 0.228472 0.015104 0.013426
0 0.240755 0.586574 0.013281 0.015741
0 0.113542 0.582639 0.042188 0.022685
0 0.686198 0.857407 0.008333 0.021296
0 0.904948 0.580556 0.015625 0.021296
0 0.665885 0.782870 0.010937 0.022222
0 0.728906 0.141898 0.011979 0.018056
0 0.331120 0.250694 0.014323 0.015278
0 0.416016 0.252778 0.015365 0.015741
0 0.693099 0.928241 0.008594 0.025926
0 0.699479 0.872685 0.009375 0.023148
0 0.857812 0.181019 0.014583 0.013889
0 0.753906 0.100926 0.012500 0.020370
0 0.732422 0.097685 0.010156 0.023148
0 0.721745 0.067593 0.010156 0.023148
0 0.742188 0.066898 0.008854 0.019907
0 0.714844 0.033796 0.009375 0.024074
0 0.728125 0.031713 0.008854 0.023611
0 0.904948 0.310417 0.015104 0.015278
0 0.900521 0.335417 0.015104 0.015278
0 0.856250 0.345602 0.014583 0.012500
0 0.680469 0.393519 0.017188 0.013889
0 0.835417 0.609259 0.015625 0.021296
0 0.799609 0.825926 0.011198 0.029630
0 0.620833 0.665509 0.014063 0.023611
0 0.676953 0.772685 0.009115 0.021296
0 0.677604 0.826620 0.009375 0.024537
0 0.702214 0.896528 0.008073 0.022685
0 0.702734 0.941204 0.008594 0.025926
0 0.693099 0.956944 0.008594 0.025926
0 0.701693 0.978241 0.008594 0.025926
0 0.511458 0.416204 0.015104 0.016667
0 0.437240 0.423611 0.015104 0.016667
0 0.402474 0.591898 0.018490 0.015278
0 0.352734 0.251620 0.014323 0.015278
0 0.389193 0.252083 0.017969 0.018056
0 0.453385 0.250694 0.018750 0.016204
0 0.494010 0.209722 0.015104 0.019444
0 0.502214 0.242593 0.018490 0.016667
0 0.541276 0.222917 0.014323 0.017130
0 0.533594 0.180787 0.015104 0.019907
