0 0.612891 0.153009 0.013802 0.026389
0 0.735677 0.835185 0.010417 0.025926
0 0.271875 0.590278 0.018750 0.016667
0 0.690885 0.744676 0.014063 0.023611
0 0.608333 0.574074 0.014583 0.028704
0 0.732552 0.090741 0.020833 0.018519
0 0.736719 0.971296 0.010417 0.025926
0 0.733724 0.909028 0.009115 0.031944
0 0.659245 0.663194 0.016406 0.019907
0 0.268099 0.470602 0.016927 0.017130
0 0.554948 0.194907 0.018750 0.016667
0 0.580208 0.237731 0.011979 0.031019
0 0.333203 0.228009 0.021094 0.018981
0 0.727083 0.865741 0.011458 0.027778
0 0.656901 0.037269 0.013802 0.026389
0 0.887760 0.196528 0.017188 0.034722
0 0.940365 0.279861 0.019792 0.020833
0 0.875000 0.607870 0.016146 0.025000
0 0.909896 0.632870 0.016146 0.025000
0 0.830078 0.784722 0.014323 0.029630
0 0.812630 0.861111 0.014323 0.029630
0 0.584115 0.543056 0.014583 0.028704
0 0.714063 0.796991 0.015104 0.037500
0 0.792188 0.987037 0.010417 0.025926
