0 0.952734 0.482639 0.016927 0.018981
0 0.175911 0.223380 0.020573 0.018056
0 0.912891 0.516898 0.020052 0.025463
0 0.617839 0.175926 0.015365 0.026852
0 0.175000 0.574074 0.018750 0.020370
0 0.657813 0.637963 0.019792 0.025000
0 0.640625 0.117593 0.015104 0.027778
0 0.214714 0.236111 0.020573 0.021296
0 0.695573 0.111574 0.017708 0.023148
0 0.618099 0.223843 0.013802 0.025463
0 0.974219 0.454861 0.016146 0.020833
0 0.761068 0.962500 0.009115 0.029630
0 0.758724 0.667593 0.017969 0.015741
0 0.791927 0.638194 0.022917 0.017130
0 0.723177 0.746991 0.014583 0.029167
0 0.739193 0.812963 0.012240 0.029630
0 0.115755 0.359491 0.019531 0.021759
0 0.186979 0.387269 0.020833 0.017130
0 0.623828 0.379167 0.020573 0.019444
0 0.800130 0.320370 0.017969 0.019444
0 0.958724 0.133333 0.017969 0.019444
0 0.897786 0.131250 0.016927 0.019907
0 0.654036 0.013889 0.013802 0.025926
0 0.608464 0.513194 0.011198 0.031019
0 0.644271 0.583796 0.016146 0.025000
0 0.618750 0.568519 0.014063 0.024074
0 0.750911 0.937500 0.009115 0.028704
0 0.758854 0.869444 0.010417 0.025000
0 0.747266 0.881944 0.009115 0.027778
0 0.742708 0.768287 0.010937 0.024537
0 0.731120 0.727778 0.013281 0.027778
0 0.489974 0.220139 0.017969 0.016204
0 0.578646 0.314352 0.011458 0.034259
0 0.007812 0.498380 0.014583 0.019907
