0 0.691797 0.685880 0.016406 0.012500
0 0.868490 0.568750 0.014583 0.017130
0 0.668880 0.753935 0.013281 0.029167
0 0.646224 0.739120 0.011198 0.021759
0 0.690104 0.831250 0.009375 0.027315
0 0.933073 0.186111 0.014063 0.015741
0 0.690495 0.895370 0.009115 0.024074
0 0.753646 0.141898 0.009896 0.019907
0 0.174089 0.463194 0.024740 0.022685
0 0.602083 0.143287 0.010937 0.022685
0 0.597526 0.392361 0.015365 0.015278
0 0.479818 0.463889 0.014844 0.014815
0 0.624089 0.092824 0.011719 0.026389
0 0.716667 0.050926 0.009375 0.026852
0 0.769922 0.123380 0.013802 0.024537
0 0.057292 0.571065 0.016146 0.016204
0 0.662760 0.775463 0.010937 0.024074
0 0.655859 0.150463 0.014323 0.017593
0 0.739974 0.068056 0.011198 0.022222
0 0.810677 0.186574 0.016667 0.025000
0 0.787760 0.197917 0.013021 0.021759
0 0.898047 0.185185 0.015365 0.014815
0 0.557552 0.526157 0.010417 0.021759
0 0.643490 0.029861 0.008854 0.024537
0 0.159505 0.244444 0.031510 0.024074
0 0.334896 0.247222 0.034896 0.025000
0 0.288542 0.251157 0.010417 0.012500
0 0.225651 0.388426 0.017448 0.015741
0 0.425130 0.252778 0.014844 0.014815
0 0.445964 0.254167 0.014844 0.014815
0 0.467578 0.252778 0.014844 0.014815
0 0.489193 0.249769 0.013281 0.014352
0 0.513281 0.244444 0.022396 0.021296
0 0.534245 0.232639 0.013281 0.014352
0 0.583333 0.233102 0.012500 0.023611
0 0.541536 0.319444 0.008594 0.025926
0 0.839844 0.539352 0.012500 0.027778
0 0.824870 0.636111 0.011198 0.022222
0 0.580729 0.640741 0.015104 0.020370
0 0.681510 0.789815 0.010937 0.024074
0 0.674219 0.811111 0.009896 0.025000
0 0.681250 0.842824 0.009375 0.027315
0 0.677344 0.889120 0.009375 0.027315
0 0.700911 0.910648 0.009115 0.024074
0 0.693099 0.958796 0.009115 0.031481
