0 0.947005 0.493056 0.017969 0.023148
0 0.773828 0.096759 0.015885 0.015741
0 0.653255 0.629398 0.016927 0.025463
0 0.819661 0.098611 0.017969 0.020370
0 0.653906 0.094676 0.011979 0.025463
0 0.693750 0.114120 0.016146 0.021759
0 0.896354 0.636111 0.012500 0.025926
0 0.032552 0.237037 0.019271 0.014815
0 0.725260 0.719213 0.013542 0.028241
0 0.111849 0.351620 0.020052 0.015278
0 0.699219 0.703241 0.014063 0.025000
0 0.136068 0.226157 0.017448 0.015278
0 0.731380 0.783102 0.012240 0.026389
0 0.725130 0.101157 0.010677 0.018056
0 0.884375 0.187037 0.014583 0.025926
0 0.334766 0.376620 0.016406 0.017130
0 0.742839 0.846296 0.010677 0.027778
0 0.335807 0.230324 0.017448 0.015278
0 0.262891 0.391898 0.016406 0.017130
0 0.363672 0.399769 0.016406 0.017130
0 0.445964 0.401620 0.016406 0.017130
0 0.438021 0.379630 0.018750 0.015741
0 0.427865 0.201852 0.018750 0.015741
0 0.584766 0.191667 0.017969 0.019444
0 0.562891 0.205556 0.017969 0.019444
0 0.639844 0.062731 0.011979 0.025463
0 0.629167 0.197917 0.011979 0.025463
0 0.787109 0.019676 0.014323 0.027315
0 0.799870 0.047454 0.014323 0.027315
0 0.860417 0.178472 0.035937 0.058796
0 0.628516 0.554861 0.014323 0.025463
0 0.683203 0.643750 0.014323 0.025463
0 0.759505 0.945370 0.010677 0.027778
0 0.747656 0.920602 0.009375 0.026389
