0 0.655859 0.631481 0.010677 0.016667
0 0.644141 0.168287 0.013802 0.023611
0 0.430339 0.582176 0.016927 0.018981
0 0.924740 0.521528 0.015625 0.018981
0 0.717578 0.732176 0.011198 0.020833
0 0.262370 0.570370 0.016406 0.016667
0 0.728516 0.767130 0.010677 0.023148
0 0.731771 0.838889 0.009375 0.021296
0 0.635677 0.069907 0.012500 0.022222
0 0.620182 0.597222 0.013281 0.028704
0 0.634115 0.587037 0.015625 0.026852
0 0.474740 0.581481 0.018229 0.022222
0 0.412630 0.237500 0.017448 0.016667
0 0.822786 0.129861 0.016927 0.018981
0 0.022266 0.348148 0.020573 0.022222
0 0.724219 0.792130 0.010417 0.023148
0 0.660937 0.664815 0.011979 0.017593
0 0.983333 0.515509 0.013021 0.019907
0 0.392708 0.234259 0.018750 0.016667
0 0.735286 0.876620 0.010677 0.023611
0 0.698828 0.729861 0.011198 0.019907
0 0.786849 0.089583 0.012240 0.024537
0 0.592187 0.211111 0.016146 0.018519
0 0.865495 0.560417 0.014844 0.020833
0 0.054167 0.953704 0.016146 0.021296
0 0.904948 0.434722 0.009896 0.012037
0 0.804167 0.076852 0.012500 0.023148
0 0.619531 0.440046 0.024479 0.014352
0 0.737891 0.928009 0.011198 0.024537
0 0.137891 0.222222 0.020573 0.022222
0 0.177474 0.367593 0.020573 0.022222
0 0.368359 0.393981 0.020573 0.022222
0 0.367708 0.233333 0.018750 0.016667
0 0.443880 0.237500 0.017448 0.016667
0 0.471484 0.237500 0.017448 0.016667
0 0.517839 0.234722 0.017448 0.016667
0 0.552474 0.226852 0.017448 0.016667
0 0.764453 0.023843 0.012240 0.024537
0 0.759505 0.370602 0.016927 0.018981
0 0.938411 0.155324 0.016927 0.018981
0 0.799870 0.649306 0.014844 0.020833
0 0.736849 0.976620 0.011198 0.024537
0 0.751172 0.987731 0.011198 0.024537
