0 0.749870 0.362731 0.020052 0.014352
0 0.449479 0.911806 0.014583 0.015278
0 0.406771 0.429630 0.015104 0.017593
0 0.432161 0.404167 0.014323 0.015741
0 0.211328 0.361574 0.007552 0.025926
0 0.391146 0.648148 0.006771 0.027778
0 0.433203 0.956250 0.013802 0.013426
0 0.418620 0.839815 0.014844 0.010185
0 0.387500 0.428935 0.016146 0.018056
0 0.449479 0.423843 0.014583 0.015278
0 0.363411 0.484259 0.014323 0.022222
0 0.414583 0.803009 0.013542 0.010648
0 0.208073 0.569444 0.013542 0.016667
0 0.413151 0.785417 0.012240 0.013426
0 0.005339 0.351620 0.010156 0.018981
0 0.767969 0.381019 0.015625 0.015741
0 0.163932 0.223148 0.012240 0.021296
0 0.417187 0.821759 0.013542 0.012037
0 0.250260 0.428009 0.009375 0.025463
0 0.279948 0.197917 0.021354 0.024537
0 0.268750 0.049769 0.007812 0.024537
0 0.638672 0.431481 0.013802 0.014815
0 0.390365 0.762963 0.008854 0.024074
0 0.714714 0.418750 0.015885 0.016204
0 0.390885 0.686343 0.007292 0.026389
0 0.391016 0.724074 0.007552 0.023148
0 0.536198 0.346296 0.019271 0.014815
0 0.366927 0.980093 0.007292 0.026852
0 0.124740 0.579630 0.008333 0.026852
0 0.233333 0.278009 0.007292 0.027315
0 0.277344 0.582639 0.018750 0.023611
0 0.688021 0.040046 0.016146 0.013426
0 0.034896 0.409954 0.015625 0.018981
0 0.100781 0.302778 0.015104 0.020370
0 0.403125 0.950926 0.008333 0.028704
0 0.271745 0.803472 0.008594 0.030093
0 0.683984 0.129861 0.011719 0.009722
0 0.414974 0.885417 0.014844 0.016204
0 0.388542 0.940972 0.009375 0.024537
0 0.592187 0.432176 0.012500 0.014352
0 0.550391 0.425694 0.013802 0.012500
0 0.301953 0.153241 0.010156 0.025000
0 0.367969 0.950926 0.008854 0.023148
0 0.388021 0.864815 0.008333 0.023148
0 0.430599 0.432407 0.013281 0.012963
0 0.416146 0.856250 0.013021 0.011574
0 0.946484 0.380324 0.014844 0.016204
0 0.571354 0.274769 0.013021 0.018981
0 0.344141 0.475694 0.014323 0.020833
0 0.631771 0.411111 0.024479 0.013889
0 0.384896 0.458565 0.015625 0.019907
0 0.388281 0.835185 0.007292 0.023148
0 0.116667 0.477546 0.015625 0.018981
0 0.241146 0.600926 0.013542 0.013889
0 0.027214 0.649537 0.011198 0.014815
0 0.025911 0.666204 0.011198 0.014815
0 0.023698 0.683333 0.017708 0.015741
0 0.283333 0.116435 0.007812 0.024537
0 0.351953 0.304167 0.009115 0.019444
0 0.321354 0.500000 0.010417 0.026852
0 0.251302 0.693519 0.006771 0.026852
0 0.415755 0.870139 0.014844 0.016204
0 0.438151 0.976620 0.013802 0.013426
0 0.891146 0.276852 0.014063 0.018519
0 0.941667 0.143287 0.009375 0.021759
0 0.951823 0.146528 0.009375 0.021759
0 0.857812 0.156250 0.008333 0.023611
0 0.718620 0.174074 0.010677 0.025000
0 0.731250 0.172222 0.010937 0.016667
0 0.734245 0.040972 0.013281 0.014352
0 0.750911 0.040509 0.013281 0.014352
0 0.828906 0.429398 0.017188 0.012500
