0 0.551302 0.626389 0.011979 0.015741
0 0.591406 0.161574 0.013021 0.021296
0 0.626953 0.684491 0.014323 0.021759
0 0.576693 0.643981 0.013802 0.014815
0 0.418880 0.421065 0.020052 0.014352
0 0.668620 0.787500 0.011198 0.022222
0 0.745573 0.125463 0.012500 0.021296
0 0.728255 0.690046 0.016927 0.015278
0 0.191797 0.411111 0.017969 0.016667
0 0.685286 0.698380 0.013802 0.013426
0 0.687500 0.815741 0.010937 0.025000
0 0.911328 0.578009 0.014323 0.018981
0 0.810937 0.427778 0.019271 0.014815
0 0.169401 0.236574 0.016406 0.016667
0 0.567708 0.221759 0.012500 0.025000
0 0.430990 0.257407 0.016146 0.017593
0 0.875260 0.561111 0.011458 0.014815
0 0.631641 0.741898 0.012760 0.024537
0 0.463932 0.257407 0.016406 0.013889
0 0.670052 0.850463 0.008333 0.023148
0 0.504948 0.245139 0.015625 0.016204
0 0.517839 0.416898 0.017448 0.013426
0 0.788281 0.151389 0.012500 0.022222
0 0.702214 0.950231 0.010156 0.028241
0 0.345964 0.257639 0.015885 0.017130
0 0.388672 0.257176 0.015885 0.017130
0 0.484375 0.250463 0.013542 0.014815
0 0.470833 0.426157 0.015625 0.014352
0 0.529948 0.234954 0.015625 0.016204
0 0.552344 0.306250 0.009375 0.026389
0 0.624479 0.405787 0.014063 0.014352
0 0.697396 0.371991 0.014063 0.014352
0 0.640495 0.038194 0.014323 0.031019
0 0.812500 0.243287 0.013021 0.022685
0 0.839844 0.255324 0.013021 0.022685
0 0.948307 0.360880 0.016406 0.018056
0 0.838281 0.535417 0.011979 0.028241
0 0.799609 0.714583 0.012760 0.028241
0 0.773958 0.834491 0.009896 0.030093
0 0.758203 0.911111 0.020052 0.067593
0 0.696354 0.864815 0.009375 0.026852
0 0.680599 0.844907 0.010156 0.025000
0 0.676562 0.772685 0.016146 0.035185
0 0.646745 0.743750 0.012760 0.024537
