0 0.612500 0.687963 0.011979 0.017593
0 0.588021 0.185880 0.010937 0.025463
0 0.626823 0.674306 0.013021 0.018056
0 0.675651 0.813426 0.011198 0.025000
0 0.696094 0.858333 0.011458 0.028704
0 0.635547 0.170139 0.016406 0.022685
0 0.642839 0.731481 0.013802 0.021296
0 0.722526 0.056019 0.010677 0.023148
0 0.529167 0.240509 0.015104 0.013426
0 0.592839 0.216667 0.012240 0.021296
0 0.209896 0.406250 0.013542 0.015278
0 0.102083 0.579167 0.015625 0.014815
0 0.791146 0.155324 0.018750 0.026389
0 0.879818 0.188194 0.014323 0.013426
0 0.688151 0.894676 0.009115 0.027315
0 0.538802 0.480556 0.015625 0.015741
0 0.131510 0.451620 0.014063 0.015278
0 0.058073 0.357407 0.017188 0.016667
0 0.736849 0.051389 0.010677 0.023148
0 0.725130 0.011806 0.010677 0.022685
0 0.742839 0.123380 0.013281 0.024537
0 0.761198 0.107639 0.013021 0.021759
0 0.774609 0.180787 0.013281 0.024537
0 0.590234 0.116667 0.014844 0.025000
0 0.602214 0.394676 0.021615 0.018981
0 0.551302 0.460185 0.015625 0.015741
0 0.552734 0.561574 0.011198 0.027778
0 0.585807 0.598380 0.011719 0.023611
0 0.673698 0.761111 0.011979 0.022222
0 0.684505 0.808796 0.011198 0.025000
0 0.767969 0.862963 0.011979 0.027778
0 0.703385 0.985648 0.011979 0.027778
0 0.847656 0.580324 0.013542 0.041204
0 0.847917 0.490278 0.009896 0.030556
0 0.550781 0.344213 0.008854 0.030093
0 0.512240 0.247685 0.015104 0.013889
0 0.494271 0.251852 0.015104 0.013889
0 0.476562 0.256481 0.015104 0.013889
0 0.443229 0.256481 0.015104 0.013889
0 0.405990 0.255556 0.015104 0.013889
0 0.069271 0.379167 0.017188 0.016667
