0 0.666406 0.731944 0.011979 0.023148
0 0.685286 0.934491 0.007552 0.025463
0 0.487370 0.598611 0.017448 0.014815
0 0.571484 0.573611 0.013281 0.022222
0 0.571745 0.607870 0.015365 0.025926
0 0.737109 0.066204 0.011198 0.023148
0 0.588542 0.641204 0.013542 0.022222
0 0.451172 0.602546 0.012760 0.015278
0 0.568359 0.208102 0.014323 0.020833
0 0.275781 0.597685 0.015625 0.018519
0 0.644010 0.720833 0.013021 0.021296
0 0.713932 0.128704 0.015365 0.017593
0 0.606250 0.118750 0.013021 0.020833
0 0.660286 0.791204 0.011719 0.024074
0 0.358854 0.258102 0.015625 0.013426
0 0.630990 0.726852 0.012500 0.023148
0 0.654036 0.681250 0.015885 0.018056
0 0.724479 0.072222 0.012500 0.026852
0 0.197786 0.243981 0.016406 0.015741
0 0.683464 0.783333 0.009115 0.023148
0 0.690495 0.875231 0.009115 0.026389
0 0.626042 0.463194 0.015625 0.013426
0 0.530990 0.232870 0.016667 0.016667
0 0.642057 0.749769 0.011198 0.020833
0 0.387500 0.257639 0.015625 0.013426
0 0.433464 0.254861 0.013281 0.012500
0 0.349089 0.426620 0.013281 0.012500
0 0.479818 0.421759 0.017448 0.014815
0 0.484896 0.252083 0.017188 0.016204
0 0.627995 0.043519 0.013802 0.025000
0 0.349349 0.602083 0.013281 0.012500
0 0.691536 0.818056 0.009115 0.023148
0 0.706641 0.943287 0.007552 0.025463
0 0.798698 0.197454 0.016146 0.024537
