0 0.632943 0.187731 0.014323 0.020833
0 0.056641 0.227083 0.017448 0.012500
0 0.852604 0.186111 0.016146 0.016667
0 0.971354 0.207176 0.016667 0.012500
0 0.902474 0.203935 0.014323 0.013426
0 0.596094 0.253009 0.011458 0.023611
0 0.577344 0.561343 0.010417 0.024537
0 0.640234 0.690278 0.013281 0.022222
0 0.709896 0.145602 0.014063 0.013426
0 0.376172 0.482639 0.014844 0.011574
0 0.698438 0.900926 0.007292 0.025926
0 0.864323 0.354167 0.048958 0.027778
0 0.175000 0.457639 0.014583 0.014352
0 0.381771 0.424537 0.015104 0.012963
0 0.539062 0.406019 0.015104 0.012037
0 0.642188 0.419444 0.016146 0.012963
0 0.719792 0.407870 0.015625 0.014815
0 0.810417 0.391435 0.018229 0.013426
0 0.776693 0.153241 0.021094 0.012963
