0 0.406510 0.245833 0.019271 0.013889
0 0.930208 0.222685 0.014583 0.012037
0 0.876823 0.213657 0.015625 0.014352
0 0.365885 0.420370 0.018750 0.013889
0 0.360807 0.264583 0.018490 0.014352
0 0.632031 0.719907 0.014063 0.027778
0 0.623047 0.159722 0.010677 0.023148
0 0.924609 0.367593 0.017448 0.015741
0 0.580990 0.590741 0.023958 0.046296
0 0.534375 0.428704 0.019792 0.014815
0 0.964583 0.358102 0.018750 0.014352
0 0.709115 0.937731 0.007812 0.023611
0 0.811068 0.406481 0.019010 0.014815
0 0.838281 0.375926 0.015625 0.016667
0 0.699479 0.155787 0.015104 0.013426
