0 0.673568 0.809491 0.008594 0.020833
0 0.591016 0.652778 0.012760 0.026852
0 0.562370 0.213194 0.013802 0.020833
0 0.653906 0.753241 0.029687 0.059259
0 0.650521 0.678472 0.015104 0.016204
0 0.493620 0.601157 0.014844 0.014352
0 0.855859 0.487500 0.009635 0.025000
0 0.078646 0.433333 0.019271 0.017593
0 0.682943 0.848148 0.008594 0.025000
0 0.897526 0.538657 0.014323 0.018056
0 0.880469 0.608333 0.015104 0.023148
0 0.415625 0.221296 0.012500 0.013889
0 0.043620 0.224769 0.026302 0.018981
0 0.984896 0.966204 0.018750 0.033333
0 0.609245 0.066667 0.011198 0.022222
0 0.444141 0.250694 0.022656 0.020833
0 0.679948 0.143056 0.015625 0.017593
0 0.296875 0.224769 0.015625 0.014352
0 0.171224 0.240046 0.016927 0.015278
0 0.135547 0.221528 0.016927 0.015278
0 0.359766 0.223148 0.016927 0.013889
0 0.352214 0.245833 0.015885 0.012037
0 0.401823 0.249769 0.013542 0.012500
0 0.447396 0.215741 0.012500 0.013889
0 0.479427 0.244444 0.012500 0.013889
0 0.319922 0.584954 0.042448 0.020833
0 0.492188 0.394907 0.017708 0.015741
0 0.508724 0.416204 0.017448 0.015741
0 0.565365 0.553472 0.011458 0.027315
0 0.605599 0.192593 0.012240 0.017593
0 0.536198 0.178704 0.012500 0.017593
0 0.573698 0.140278 0.011979 0.019444
0 0.632943 0.070370 0.011198 0.022222
0 0.726823 0.136343 0.015104 0.017130
0 0.713542 0.028009 0.009896 0.021759
0 0.721094 0.055556 0.009896 0.021296
0 0.730990 0.090509 0.009896 0.021759
0 0.754818 0.091898 0.011719 0.025463
0 0.845964 0.176157 0.017448 0.018056
0 0.846484 0.576620 0.014323 0.031944
0 0.601432 0.629167 0.012760 0.020370
0 0.679036 0.785417 0.008594 0.020833
0 0.662760 0.730787 0.009375 0.023611
0 0.695182 0.843056 0.009115 0.021296
0 0.699870 0.894907 0.008594 0.025000
0 0.690234 0.910185 0.008594 0.025000
0 0.701693 0.941667 0.008594 0.019444
0 0.692578 0.978704 0.008594 0.019444
0 0.702604 0.975463 0.007812 0.025000
