0 0.627474 0.149537 0.012240 0.025926
0 0.477604 0.568287 0.016146 0.015278
0 0.216016 0.234491 0.020573 0.017130
0 0.748177 0.795602 0.010417 0.027315
0 0.829948 0.613889 0.017188 0.024074
0 0.518620 0.574537 0.016927 0.016667
0 0.945964 0.493519 0.015885 0.021296
0 0.165755 0.574074 0.017969 0.018519
0 0.868099 0.634491 0.013281 0.031944
0 0.733594 0.107176 0.016667 0.018056
0 0.294271 0.217130 0.017188 0.015741
0 0.132552 0.226389 0.017708 0.014815
0 0.733464 0.797917 0.010677 0.023611
0 0.761719 0.666435 0.017708 0.017130
0 0.721615 0.754861 0.013021 0.028241
0 0.701432 0.707639 0.012240 0.024537
0 0.658724 0.639583 0.016927 0.027315
0 0.615625 0.206944 0.013542 0.028704
0 0.725911 0.719676 0.012240 0.022685
0 0.874089 0.536806 0.013802 0.024537
0 0.131641 0.362037 0.023177 0.018519
0 0.753125 0.837269 0.010937 0.028241
0 0.898307 0.519676 0.013802 0.030093
0 0.025651 0.238426 0.020573 0.016667
0 0.380078 0.572454 0.017969 0.016204
0 0.051172 0.561343 0.018490 0.018056
0 0.487630 0.377778 0.016927 0.016667
0 0.625391 0.550694 0.016927 0.027315
0 0.656901 0.379167 0.016927 0.016667
0 0.743880 0.339815 0.016927 0.016667
0 0.880339 0.237500 0.011719 0.023148
0 0.947266 0.545602 0.016406 0.024537
0 0.738281 0.759028 0.012500 0.026389
0 0.742708 0.843750 0.010937 0.028241
0 0.757292 0.873380 0.010417 0.031019
0 0.748307 0.907639 0.009115 0.032870
0 0.758724 0.943056 0.009115 0.029630
0 0.757682 0.983333 0.009115 0.029630
