0 0.658333 0.714583 0.015625 0.015278
0 0.804297 0.692824 0.011719 0.024537
0 0.714323 0.135417 0.015104 0.019907
0 0.718750 0.018287 0.011979 0.033796
0 0.684375 0.860185 0.008333 0.022222
0 0.653776 0.750926 0.010677 0.020370
0 0.667057 0.784722 0.009115 0.024074
0 0.581901 0.180556 0.013802 0.028704
0 0.676953 0.820602 0.009635 0.022685
0 0.665234 0.142593 0.015885 0.018519
0 0.202995 0.394444 0.015885 0.017593
0 0.711068 0.042361 0.008594 0.023611
0 0.722396 0.073148 0.012500 0.025000
0 0.732422 0.054398 0.010677 0.023611
0 0.803646 0.171759 0.012500 0.020370
0 0.776563 0.180556 0.012500 0.020370
0 0.882943 0.172222 0.017969 0.013889
0 0.952083 0.300694 0.016667 0.016204
0 0.611589 0.104398 0.012240 0.022685
0 0.783333 0.795139 0.011458 0.031944
0 0.643099 0.757176 0.010677 0.020833
0 0.678646 0.892824 0.009375 0.027315
0 0.692969 0.940972 0.009375 0.027315
0 0.195443 0.236111 0.015885 0.017593
0 0.348047 0.253241 0.015885 0.017593
0 0.382682 0.256481 0.015885 0.017593
0 0.411328 0.254630 0.015885 0.017593
0 0.438802 0.256250 0.012500 0.016204
0 0.464714 0.254630 0.015885 0.017593
0 0.483594 0.248148 0.014063 0.016667
0 0.499740 0.246296 0.014063 0.016667
0 0.493229 0.207407 0.014063 0.016667
0 0.526693 0.234028 0.019531 0.022685
