0 0.527734 0.595370 0.016927 0.015741
0 0.668880 0.677778 0.014323 0.025000
0 0.626823 0.636806 0.015104 0.027315
0 0.619661 0.592824 0.013802 0.024537
0 0.731901 0.835880 0.011719 0.028241
0 0.101823 0.203009 0.018750 0.013426
0 0.777083 0.100926 0.015625 0.017593
0 0.706120 0.750694 0.014844 0.031019
0 0.793880 0.334259 0.021615 0.020370
0 0.598177 0.388426 0.020313 0.019444
0 0.062109 0.338889 0.016927 0.015741
0 0.579167 0.129167 0.015104 0.021296
0 0.729297 0.941435 0.010156 0.031019
0 0.741016 0.095139 0.020052 0.017130
0 0.405339 0.401852 0.016927 0.015741
0 0.493880 0.211574 0.016927 0.015741
0 0.422005 0.581019 0.016927 0.015741
0 0.659896 0.119444 0.016667 0.020370
0 0.901302 0.247454 0.016667 0.030093
0 0.630208 0.041204 0.021875 0.040741
0 0.702214 0.777083 0.014844 0.031019
0 0.726432 0.890509 0.011719 0.028241
0 0.801432 0.911806 0.010156 0.031019
0 0.830339 0.887037 0.010156 0.028704
0 0.741406 0.946296 0.011458 0.045370
