0 0.654167 0.733565 0.010937 0.027315
0 0.624479 0.709954 0.013021 0.022685
0 0.738802 0.069213 0.009375 0.024537
0 0.579948 0.671065 0.015104 0.023611
0 0.331510 0.457176 0.019792 0.013426
0 0.687109 0.837963 0.011719 0.028704
0 0.616276 0.664583 0.012760 0.025463
0 0.948958 0.188657 0.018229 0.015278
0 0.406901 0.465972 0.016927 0.014352
0 0.265104 0.450000 0.014063 0.013889
0 0.787500 0.415741 0.018750 0.012037
0 0.564193 0.271991 0.011198 0.019907
0 0.886589 0.194444 0.014844 0.015741
0 0.884896 0.611574 0.016146 0.023148
0 0.587109 0.181019 0.014323 0.022222
0 0.742188 0.124306 0.014063 0.031019
0 0.391667 0.252778 0.014583 0.018519
0 0.300651 0.478241 0.042448 0.017593
0 0.764062 0.125000 0.015625 0.024074
0 0.575911 0.590972 0.013802 0.026389
0 0.617969 0.185648 0.015625 0.022222
0 0.680990 0.871759 0.008854 0.023148
0 0.721745 0.067361 0.010156 0.030093
0 0.500781 0.243287 0.014583 0.017130
0 0.480208 0.249769 0.014583 0.017130
0 0.461458 0.253009 0.014583 0.017130
0 0.438021 0.254398 0.015104 0.016204
0 0.473698 0.401157 0.015104 0.016204
0 0.230469 0.246759 0.014583 0.018519
0 0.387630 0.592824 0.016927 0.014352
0 0.696875 0.922222 0.008854 0.023148
0 0.686979 0.956944 0.008854 0.023148
0 0.698698 0.981944 0.008854 0.023148
0 0.832812 0.710880 0.027604 0.051389
0 0.842969 0.556250 0.026562 0.056944
0 0.966146 0.313657 0.018750 0.017130
0 0.787370 0.167593 0.014844 0.015741
0 0.711849 0.025231 0.010156 0.030093
0 0.532813 0.232407 0.028125 0.027778
