0 0.076432 0.456481 0.020573 0.019444
0 0.597656 0.683796 0.036979 0.049074
0 0.151432 0.246296 0.016927 0.013889
0 0.597135 0.645139 0.012500 0.018981
0 0.390885 0.595833 0.014063 0.015741
0 0.704427 0.897685 0.008333 0.025000
0 0.647917 0.737037 0.013021 0.024074
0 0.344661 0.595833 0.014323 0.015741
0 0.261458 0.464583 0.015625 0.012500
0 0.930339 0.369907 0.017969 0.020370
0 0.176432 0.461343 0.016927 0.015278
0 0.672656 0.790278 0.011458 0.025000
0 0.687240 0.862963 0.009896 0.028704
0 0.668099 0.741204 0.012760 0.020370
0 0.615755 0.468287 0.016927 0.014352
0 0.614844 0.089815 0.013542 0.025926
0 0.596615 0.450694 0.017708 0.017130
0 0.706641 0.953009 0.008594 0.023611
0 0.846224 0.520602 0.010156 0.026389
0 0.552083 0.303009 0.009375 0.019907
0 0.611198 0.179861 0.014583 0.024537
0 0.789714 0.640046 0.015885 0.024537
0 0.576693 0.238194 0.011719 0.023611
0 0.320312 0.406944 0.043229 0.025000
0 0.262240 0.593287 0.015104 0.013426
0 0.441406 0.599537 0.014583 0.013889
0 0.436458 0.426852 0.014583 0.013889
0 0.471094 0.253241 0.014583 0.013889
0 0.492448 0.249537 0.017708 0.016667
0 0.518620 0.239815 0.013281 0.014815
0 0.536589 0.231944 0.013281 0.014815
0 0.470443 0.221528 0.016927 0.015278
0 0.315104 0.257407 0.013021 0.013889
0 0.632292 0.050926 0.013542 0.025926
0 0.795833 0.169444 0.013542 0.025926
0 0.883333 0.179630 0.013021 0.015741
0 0.854427 0.337269 0.017188 0.018981
0 0.833594 0.596296 0.010417 0.025926
0 0.565365 0.557176 0.012500 0.024537
0 0.563021 0.596065 0.012500 0.024537
