0 0.791146 0.102083 0.016146 0.018056
0 0.592187 0.592361 0.017188 0.029167
0 0.790755 0.034722 0.014323 0.027778
0 0.657161 0.128704 0.017969 0.020370
0 0.694401 0.730093 0.013802 0.025000
0 0.984766 0.145602 0.019010 0.018056
0 0.613672 0.454167 0.020052 0.017593
0 0.273177 0.197685 0.015104 0.014815
0 0.558594 0.200000 0.021354 0.022222
0 0.618750 0.178009 0.016146 0.026389
0 0.567969 0.281250 0.011979 0.025463
0 0.643490 0.682870 0.016146 0.021296
0 0.689323 0.756944 0.015104 0.029630
0 0.717057 0.791435 0.012760 0.030093
0 0.635677 0.429167 0.015625 0.016667
0 0.514583 0.211806 0.015104 0.014352
0 0.057682 0.357407 0.019010 0.015741
0 0.741016 0.096759 0.015885 0.018519
0 0.151432 0.355556 0.019010 0.015741
0 0.490625 0.214120 0.015104 0.014352
0 0.532813 0.206713 0.015104 0.014352
0 0.512760 0.396528 0.015104 0.014352
0 0.600260 0.163657 0.016146 0.026389
0 0.890104 0.133333 0.017188 0.019444
0 0.621875 0.605787 0.017188 0.029167
0 0.844401 0.804861 0.012760 0.030093
0 0.892578 0.501852 0.016927 0.035185
0 0.735938 0.918287 0.009896 0.030093
0 0.727344 0.959491 0.009896 0.030093
0 0.709766 0.822685 0.017969 0.048148
0 0.796875 0.987269 0.011458 0.025463
