0 0.558984 0.633333 0.014323 0.018519
0 0.656771 0.721528 0.011979 0.019907
0 0.614583 0.659028 0.012500 0.018981
0 0.608464 0.678472 0.013281 0.019907
0 0.685677 0.871296 0.008854 0.022222
0 0.335547 0.598843 0.015365 0.015278
0 0.178646 0.257176 0.015625 0.014352
0 0.677083 0.821991 0.009375 0.028241
0 0.655859 0.760185 0.010677 0.023148
0 0.690885 0.914583 0.010937 0.028241
0 0.714323 0.048380 0.011458 0.024537
0 0.715234 0.369907 0.018490 0.018519
0 0.789974 0.147685 0.012240 0.021296
0 0.823177 0.257870 0.012500 0.025926
0 0.789714 0.351852 0.014844 0.013889
0 0.562240 0.556481 0.011458 0.025926
0 0.598437 0.210417 0.014583 0.025463
0 0.426563 0.259028 0.016667 0.017130
0 0.313281 0.238194 0.017188 0.017130
0 0.741927 0.117824 0.011458 0.024537
0 0.765885 0.116435 0.011458 0.024537
0 0.804036 0.220370 0.012240 0.021296
0 0.842708 0.258796 0.012500 0.025926
0 0.621615 0.168750 0.027604 0.035648
0 0.569010 0.218287 0.027083 0.030093
0 0.470833 0.256250 0.016667 0.017130
0 0.501563 0.255787 0.016667 0.017130
0 0.507682 0.203704 0.015365 0.016667
0 0.404557 0.228935 0.013802 0.015278
0 0.267969 0.237037 0.015104 0.015741
0 0.381510 0.257870 0.015104 0.015741
0 0.397396 0.256019 0.015104 0.015741
0 0.340365 0.425463 0.015104 0.015741
0 0.402734 0.597454 0.015365 0.015278
0 0.677865 0.778935 0.010417 0.022685
0 0.694661 0.963194 0.009115 0.023611
0 0.694010 0.992130 0.008854 0.015741
0 0.901172 0.590278 0.014323 0.022222
0 0.869922 0.635185 0.011198 0.021296
0 0.854036 0.659259 0.011198 0.021296
0 0.822266 0.668056 0.021615 0.052778
