0 0.560547 0.593750 0.011198 0.022685
0 0.770573 0.158333 0.014583 0.014815
0 0.656901 0.768287 0.010677 0.019907
0 0.619531 0.691667 0.012500 0.018519
0 0.667448 0.745602 0.011979 0.023611
0 0.418229 0.462500 0.014583 0.016667
0 0.337760 0.463194 0.018229 0.018056
0 0.749089 0.091435 0.011198 0.024537
0 0.670443 0.859028 0.010677 0.025463
0 0.687891 0.896991 0.009635 0.028241
0 0.734245 0.052083 0.009635 0.024537
0 0.094141 0.541204 0.017448 0.015741
0 0.698438 0.881713 0.009375 0.028241
0 0.373047 0.483796 0.016927 0.014815
0 0.616536 0.659491 0.012240 0.020833
0 0.728385 0.084722 0.010417 0.023148
0 0.679557 0.148380 0.013281 0.016204
0 0.060937 0.565278 0.015625 0.014815
0 0.678385 0.823380 0.010937 0.022685
0 0.566797 0.231019 0.011719 0.025000
0 0.551693 0.325694 0.009115 0.027315
0 0.567057 0.564583 0.010156 0.021759
0 0.723437 0.012500 0.008854 0.023148
0 0.718620 0.048843 0.011198 0.031019
0 0.823828 0.218750 0.011198 0.023611
0 0.815495 0.241204 0.011719 0.021296
0 0.536198 0.236806 0.016146 0.018056
0 0.512891 0.246759 0.012240 0.014815
0 0.904167 0.337500 0.014583 0.014815
0 0.905078 0.396528 0.015365 0.015278
0 0.835156 0.710417 0.013021 0.026389
0 0.793229 0.758565 0.010937 0.022685
0 0.693099 0.849306 0.010677 0.025463
0 0.700651 0.909491 0.009635 0.028241
0 0.700651 0.939815 0.007031 0.024074
0 0.691146 0.951620 0.008854 0.024537
0 0.703906 0.978472 0.008854 0.024537
0 0.424870 0.401852 0.016927 0.014815
0 0.457161 0.420370 0.016927 0.014815
0 0.491927 0.251389 0.014063 0.012963
0 0.447656 0.220370 0.014063 0.012963
0 0.455469 0.252778 0.014063 0.012963
0 0.432422 0.254167 0.016927 0.013889
0 0.398307 0.251389 0.016927 0.013889
0 0.370833 0.250463 0.016146 0.013889
