0 0.664062 0.705556 0.015625 0.016667
0 0.588802 0.646991 0.012500 0.018056
0 0.554818 0.592130 0.011198 0.017593
0 0.670964 0.752315 0.011198 0.017593
0 0.827344 0.617824 0.013021 0.025463
0 0.690365 0.834722 0.009375 0.022222
0 0.837240 0.695602 0.013021 0.025463
0 0.824740 0.218287 0.013021 0.020833
0 0.666667 0.785880 0.009896 0.023611
0 0.655599 0.745370 0.011198 0.020370
0 0.656901 0.800231 0.011198 0.024537
0 0.634375 0.741898 0.013021 0.020833
0 0.684635 0.874537 0.012500 0.025926
0 0.667318 0.148148 0.015365 0.021296
0 0.400000 0.589815 0.016146 0.017593
0 0.958333 0.310880 0.014583 0.018056
0 0.905859 0.313194 0.015365 0.019907
0 0.678776 0.831944 0.010677 0.023148
0 0.090365 0.243287 0.015625 0.015278
0 0.622396 0.094444 0.012500 0.024074
0 0.141797 0.242593 0.018490 0.017593
0 0.252083 0.229398 0.015625 0.015278
0 0.251042 0.247917 0.015625 0.015278
0 0.350260 0.248380 0.015625 0.015278
0 0.391667 0.252083 0.015625 0.015278
0 0.416927 0.251157 0.015625 0.015278
0 0.446094 0.251620 0.015625 0.015278
0 0.471615 0.252546 0.015625 0.015278
0 0.501042 0.245602 0.015625 0.015278
0 0.494792 0.403935 0.015625 0.015278
0 0.518229 0.238194 0.015625 0.015278
0 0.275781 0.585880 0.015625 0.015278
0 0.546875 0.228935 0.015625 0.015278
0 0.568750 0.220370 0.012500 0.022222
0 0.591536 0.216435 0.010677 0.022685
0 0.609635 0.054630 0.012500 0.024074
0 0.722135 0.148611 0.014063 0.019444
0 0.621094 0.402083 0.015625 0.015278
0 0.678906 0.396528 0.015625 0.015278
0 0.823698 0.256250 0.013021 0.020833
0 0.803125 0.167593 0.014063 0.019444
0 0.725781 0.021528 0.010417 0.026389
0 0.723958 0.066667 0.023438 0.063889
0 0.751953 0.096296 0.010156 0.023148
0 0.882292 0.191204 0.014063 0.019444
0 0.847656 0.352546 0.015625 0.015278
0 0.849609 0.597917 0.011719 0.021759
0 0.589063 0.609028 0.012500 0.018056
0 0.682552 0.796759 0.009375 0.022222
0 0.697135 0.877315 0.012500 0.025926
0 0.700000 0.949537 0.012500 0.025926
0 0.690755 0.987963 0.010677 0.024074
0 0.767057 0.963194 0.011719 0.030093
