0 0.067708 0.368056 0.024479 0.016667
0 0.612240 0.652546 0.016667 0.023611
0 0.697917 0.825463 0.013021 0.023148
0 0.661979 0.768519 0.016667 0.026852
0 0.267839 0.430093 0.019531 0.016667
0 0.806250 0.211111 0.015104 0.023148
0 0.563151 0.372685 0.008073 0.021296
0 0.586979 0.281713 0.010417 0.032870
0 0.716797 0.479398 0.018490 0.014352
0 0.634375 0.721065 0.016146 0.023611
0 0.670573 0.742130 0.014063 0.027778
0 0.696875 0.871991 0.010937 0.025463
0 0.714323 0.993981 0.005729 0.006481
0 0.820964 0.741435 0.010677 0.031019
0 0.984635 0.321296 0.030729 0.020370
