0 0.344792 0.454630 0.010937 0.028704
0 0.374349 0.468519 0.013802 0.022222
0 0.134375 0.244444 0.015625 0.025926
0 0.850521 0.364583 0.015104 0.012500
0 0.335547 0.271759 0.014844 0.026852
0 0.384896 0.648843 0.007292 0.027315
0 0.825521 0.383102 0.017708 0.015278
0 0.921875 0.369444 0.031250 0.014815
0 0.467318 0.334259 0.038802 0.025926
0 0.410547 0.802546 0.013802 0.012500
0 0.408724 0.784954 0.014323 0.014352
0 0.298047 0.530093 0.013802 0.020370
0 0.389844 0.293519 0.014063 0.019444
0 0.768750 0.362269 0.021875 0.013426
0 0.385417 0.687269 0.007812 0.026389
0 0.204297 0.361806 0.008594 0.021759
0 0.384896 0.723843 0.008333 0.023611
0 0.659896 0.349769 0.019271 0.012500
0 0.727214 0.036806 0.012760 0.015278
0 0.679818 0.037269 0.017448 0.015278
0 0.233073 0.928241 0.008854 0.027778
0 0.409896 0.870139 0.016667 0.015278
0 0.411719 0.820833 0.016146 0.012037
0 0.298047 0.569676 0.011198 0.014352
0 0.407422 0.412269 0.019531 0.018981
0 0.246094 0.318519 0.008854 0.028704
0 0.413672 0.839583 0.017969 0.010648
0 0.428646 0.956019 0.013542 0.012963
0 0.719922 0.374769 0.017969 0.011574
0 0.444271 0.911806 0.013021 0.013426
0 0.363021 0.950463 0.006771 0.025926
0 0.384245 0.762269 0.008073 0.020833
0 0.361719 0.981019 0.006771 0.027778
0 0.340495 0.231019 0.014844 0.026852
0 0.117318 0.581019 0.009635 0.023148
0 0.433464 0.972685 0.017448 0.012963
0 0.442318 0.924769 0.016927 0.014352
0 0.439714 0.422454 0.014844 0.018981
0 0.676823 0.127315 0.012500 0.012963
0 0.010547 0.431019 0.014844 0.015741
0 0.236719 0.768519 0.009375 0.027778
0 0.849870 0.150694 0.010156 0.022685
0 0.183073 0.725694 0.009896 0.031019
0 0.299219 0.168519 0.012500 0.025000
0 0.411198 0.856019 0.015104 0.014815
0 0.369792 0.532639 0.013021 0.036574
0 0.234245 0.840046 0.008073 0.025463
0 0.238672 0.679167 0.008073 0.025000
0 0.409896 0.882870 0.015625 0.011111
0 0.383594 0.939352 0.008854 0.024074
0 0.017188 0.684722 0.019271 0.014815
0 0.019141 0.668519 0.014323 0.008333
0 0.019271 0.652778 0.013021 0.011111
0 0.277995 0.661806 0.007552 0.026389
0 0.041797 0.439120 0.014844 0.021759
0 0.081771 0.284491 0.015625 0.022685
0 0.282422 0.074769 0.008594 0.020833
0 0.286849 0.012269 0.010677 0.023611
0 0.328516 0.296759 0.012240 0.025000
0 0.621745 0.359259 0.013802 0.011111
0 0.742188 0.033796 0.012500 0.012963
0 0.711068 0.168981 0.011719 0.025926
0 0.724219 0.168519 0.011979 0.019444
0 0.932943 0.138889 0.011719 0.024074
0 0.942318 0.143519 0.010677 0.027778
0 0.382292 0.862269 0.006250 0.018981
0 0.383594 0.835880 0.006250 0.022685
0 0.505339 0.418056 0.014844 0.008333
0 0.591146 0.404861 0.013542 0.012500
0 0.845573 0.423611 0.012500 0.012963
0 0.863542 0.445139 0.021875 0.015278
0 0.924870 0.448843 0.017448 0.011574
0 0.964844 0.449769 0.014063 0.011574
0 0.382422 0.476389 0.010677 0.025000
0 0.261068 0.038657 0.004948 0.024537
0 0.565885 0.276157 0.011979 0.011574
