0 0.840755 0.628009 0.015885 0.024537
0 0.595833 0.611806 0.016667 0.018056
0 0.931250 0.530324 0.014583 0.018056
0 0.234505 0.568750 0.015885 0.015278
0 0.140495 0.528935 0.016927 0.017130
0 0.711068 0.754167 0.011719 0.025926
0 0.772786 0.674769 0.020052 0.018056
0 0.780078 0.126157 0.016927 0.018056
0 0.078516 0.556944 0.018490 0.018519
0 0.836068 0.140509 0.023177 0.025463
0 0.658594 0.165046 0.018750 0.020833
0 0.948958 0.523843 0.015625 0.018981
0 0.675260 0.681250 0.014583 0.024537
0 0.724479 0.796759 0.009896 0.025000
0 0.734635 0.838194 0.011979 0.028241
0 0.747005 0.841204 0.009115 0.024074
0 0.327604 0.233102 0.015625 0.013426
0 0.479687 0.404630 0.016146 0.013889
0 0.905990 0.540972 0.013021 0.031019
0 0.697656 0.690741 0.026042 0.045370
0 0.741927 0.935880 0.008854 0.027315
0 0.732552 0.959259 0.009896 0.025000
0 0.883724 0.246991 0.014844 0.026389
0 0.811458 0.074306 0.014063 0.028241
0 0.187500 0.572222 0.017708 0.016667
0 0.722266 0.750000 0.011198 0.025000
0 0.255339 0.228704 0.016927 0.015741
0 0.355599 0.234259 0.016927 0.012963
0 0.464844 0.233565 0.016146 0.016204
0 0.878385 0.712269 0.012500 0.025463
0 0.307682 0.233333 0.015365 0.014815
0 0.380859 0.233796 0.020573 0.016667
0 0.540755 0.387963 0.016406 0.018519
0 0.421615 0.235417 0.016146 0.016204
0 0.523177 0.234028 0.016146 0.016204
0 0.549479 0.225000 0.014583 0.015741
0 0.494661 0.236574 0.019010 0.016667
0 0.577344 0.222685 0.020833 0.017593
0 0.706901 0.386574 0.016406 0.018519
0 0.844922 0.336574 0.016406 0.018519
0 0.776042 0.027083 0.014063 0.028241
0 0.783854 0.061343 0.013021 0.028241
0 0.901693 0.260417 0.014844 0.026389
0 0.875130 0.349306 0.017969 0.018981
0 0.736198 0.787963 0.009896 0.025000
0 0.749870 0.890972 0.008594 0.028241
0 0.738932 0.887731 0.008594 0.028241
0 0.741406 0.968056 0.009896 0.025000
0 0.751042 0.970833 0.009896 0.025000
