0 0.605078 0.168056 0.013802 0.027778
0 0.248177 0.577546 0.016667 0.015278
0 0.616406 0.626852 0.018229 0.027778
0 0.651823 0.029167 0.014583 0.030556
0 0.569661 0.182870 0.019531 0.020370
0 0.958333 0.550000 0.022917 0.032407
0 0.859375 0.673380 0.013021 0.024537
0 0.716016 0.755556 0.011719 0.025926
0 0.719922 0.815741 0.012760 0.030556
0 0.772135 0.047917 0.014583 0.030093
0 0.884896 0.120370 0.019792 0.018519
0 0.959115 0.126620 0.016146 0.014352
0 0.660026 0.683565 0.015885 0.026389
0 0.730599 0.882639 0.010677 0.026389
0 0.546094 0.201620 0.015625 0.018981
0 0.601302 0.222685 0.014063 0.031481
0 0.744792 0.896296 0.009375 0.029630
0 0.544661 0.598611 0.018490 0.016667
0 0.740365 0.857870 0.010417 0.030556
0 0.229687 0.398380 0.016667 0.015278
0 0.624219 0.386343 0.016667 0.015278
0 0.643490 0.365509 0.016667 0.015278
0 0.672656 0.444444 0.018229 0.016667
0 0.798307 0.043056 0.014323 0.028704
0 0.780339 0.012500 0.014844 0.024074
0 0.814844 0.100926 0.019792 0.018519
0 0.922786 0.302083 0.020573 0.020833
0 0.660937 0.648611 0.031250 0.042593
0 0.697396 0.754167 0.013021 0.028704
0 0.728776 0.799306 0.012760 0.031019
0 0.745833 0.952315 0.009375 0.029630
0 0.736198 0.966204 0.009375 0.029630
