0 0.227474 0.575463 0.014844 0.016667
0 0.291406 0.202315 0.018229 0.016667
0 0.654427 0.649074 0.017708 0.025000
0 0.707031 0.681250 0.016667 0.016204
0 0.707682 0.778241 0.010677 0.023148
0 0.944922 0.143750 0.017448 0.014352
0 0.649870 0.141667 0.014844 0.027778
0 0.694401 0.748611 0.010156 0.024074
0 0.925000 0.546528 0.016146 0.020833
0 0.903516 0.517593 0.014323 0.028704
0 0.855208 0.613426 0.019792 0.027778
0 0.389323 0.222222 0.015104 0.013889
0 0.710156 0.746759 0.011458 0.023148
0 0.609896 0.573148 0.011458 0.022222
0 0.616146 0.144907 0.013542 0.027778
0 0.451693 0.407176 0.019010 0.014352
0 0.275000 0.579861 0.017708 0.015278
0 0.679427 0.112037 0.019271 0.024074
0 0.723568 0.846759 0.011198 0.031481
0 0.849740 0.122222 0.014063 0.025926
0 0.899479 0.136111 0.015104 0.017593
0 0.567578 0.199537 0.016927 0.017593
0 0.351042 0.201157 0.015625 0.014352
0 0.402214 0.586806 0.016406 0.015278
0 0.086198 0.356019 0.018750 0.018519
0 0.179427 0.392130 0.018750 0.018519
0 0.450130 0.385417 0.019010 0.014352
0 0.496094 0.182639 0.015625 0.014352
0 0.575130 0.268519 0.012240 0.026852
0 0.609505 0.389352 0.016927 0.017593
0 0.838932 0.335185 0.016927 0.017593
0 0.778255 0.103241 0.016927 0.017593
0 0.770703 0.027315 0.012760 0.024074
0 0.830208 0.775694 0.013542 0.027315
0 0.735938 0.840509 0.009896 0.027315
0 0.733724 0.918056 0.011198 0.031481
0 0.744401 0.933796 0.008594 0.029630
0 0.724609 0.937963 0.008594 0.029630
