0 0.630599 0.650463 0.017969 0.028704
0 0.700521 0.781713 0.014583 0.029167
0 0.619141 0.594907 0.017448 0.024074
0 0.616667 0.194676 0.015104 0.025463
0 0.726302 0.886111 0.011458 0.030556
0 0.680208 0.699537 0.013542 0.025000
0 0.987500 0.287037 0.020313 0.018519
0 0.377474 0.192824 0.017969 0.019907
0 0.240104 0.569907 0.016146 0.015741
0 0.897135 0.133102 0.018229 0.018056
0 0.898307 0.550463 0.011719 0.030556
0 0.193099 0.198843 0.019010 0.018056
0 0.569271 0.276852 0.014583 0.042593
0 0.940885 0.142593 0.018229 0.014815
0 0.433594 0.381481 0.021354 0.014815
0 0.360156 0.579630 0.021354 0.014815
0 0.563151 0.190278 0.017448 0.018519
0 0.827734 0.108796 0.017448 0.018519
0 0.817448 0.344907 0.018229 0.014815
0 0.588542 0.517824 0.015104 0.030093
0 0.684115 0.743981 0.013542 0.025000
0 0.722656 0.807870 0.015625 0.046296
