0 0.659635 0.716204 0.013021 0.023148
0 0.584766 0.195370 0.014844 0.020370
0 0.630859 0.666898 0.013802 0.017130
0 0.627083 0.722454 0.012500 0.019907
0 0.680990 0.774074 0.012500 0.022222
0 0.735807 0.066435 0.011198 0.023611
0 0.419271 0.599074 0.015625 0.014815
0 0.682552 0.898843 0.009896 0.023611
0 0.461328 0.594676 0.017448 0.013426
0 0.685937 0.843981 0.010417 0.026852
0 0.574089 0.615972 0.013802 0.023611
0 0.313411 0.604167 0.016927 0.015741
0 0.993750 0.340278 0.012500 0.016667
0 0.239323 0.596065 0.016146 0.017130
0 0.575130 0.472685 0.016927 0.015741
0 0.369010 0.259722 0.014063 0.014815
0 0.724870 0.074074 0.012240 0.026852
0 0.639453 0.746296 0.011198 0.022222
0 0.558203 0.533102 0.010677 0.020833
0 0.414193 0.424306 0.015885 0.016204
0 0.817708 0.234259 0.011979 0.022222
0 0.548047 0.223611 0.013802 0.017593
0 0.955990 0.342824 0.016667 0.014352
0 0.239844 0.242361 0.017708 0.013426
0 0.656120 0.783565 0.010677 0.022685
0 0.689453 0.810648 0.011719 0.025926
0 0.397656 0.258333 0.018229 0.013889
0 0.441146 0.254861 0.014063 0.013426
0 0.495964 0.249769 0.015885 0.015278
0 0.620182 0.075926 0.012760 0.024074
0 0.745703 0.133796 0.014323 0.016667
0 0.545964 0.414583 0.015885 0.016204
0 0.559505 0.577083 0.010677 0.020833
0 0.704818 0.910880 0.009635 0.026389
0 0.634635 0.702546 0.012500 0.019907
