0 0.472135 0.616204 0.014583 0.014815
0 0.607812 0.207639 0.013021 0.024537
0 0.960547 0.338426 0.017969 0.017593
0 0.292057 0.241667 0.017969 0.014815
0 0.006120 0.234491 0.011719 0.015278
0 0.872917 0.207407 0.014063 0.016667
0 0.682943 0.494907 0.017448 0.013889
0 0.177083 0.408565 0.023958 0.022685
0 0.492708 0.440278 0.014583 0.014815
0 0.614974 0.417130 0.034115 0.022222
0 0.695443 0.404167 0.034115 0.022222
0 0.632552 0.146991 0.013021 0.024537
0 0.866536 0.554167 0.012760 0.027778
0 0.816536 0.764815 0.010677 0.024074
0 0.789193 0.939815 0.010677 0.024074
