0 0.674089 0.115046 0.017969 0.023611
0 0.605599 0.591667 0.015885 0.017593
0 0.925521 0.490972 0.016146 0.024537
0 0.743490 0.647917 0.020833 0.018056
0 0.725651 0.709028 0.011198 0.020833
0 0.610417 0.183102 0.015104 0.029167
0 0.723047 0.746528 0.011719 0.024537
0 0.842057 0.101852 0.017969 0.018519
0 0.247917 0.437269 0.016146 0.015278
0 0.698828 0.687269 0.014323 0.025463
0 0.677604 0.679861 0.013542 0.021759
0 0.747526 0.788657 0.010156 0.026389
0 0.788411 0.024537 0.012760 0.025926
0 0.213542 0.224537 0.019792 0.016667
0 0.303646 0.395370 0.017188 0.015741
0 0.276302 0.438657 0.016146 0.013426
0 0.954036 0.462269 0.014323 0.019907
0 0.816667 0.082639 0.017708 0.029167
0 0.712109 0.717361 0.011719 0.024537
0 0.752604 0.818519 0.008333 0.025000
0 0.477865 0.374306 0.018229 0.013426
0 0.248958 0.381944 0.016667 0.015741
0 0.804948 0.941435 0.015625 0.032870
0 0.670703 0.619213 0.016406 0.023611
0 0.745182 0.852315 0.009115 0.025000
0 0.150130 0.366667 0.038281 0.026852
0 0.564323 0.364120 0.018229 0.018056
0 0.468750 0.225231 0.018229 0.018056
0 0.496615 0.223380 0.018229 0.018056
0 0.517448 0.216898 0.015104 0.017130
0 0.544271 0.210880 0.015104 0.017130
0 0.583594 0.194213 0.015104 0.017130
0 0.619271 0.206944 0.010937 0.025000
0 0.872786 0.122685 0.017969 0.018519
0 0.951693 0.117824 0.017969 0.018981
0 0.945052 0.527546 0.016146 0.024537
0 0.856250 0.567824 0.016146 0.024537
0 0.693229 0.708102 0.013542 0.021759
0 0.743359 0.760880 0.011719 0.024537
0 0.733724 0.782176 0.011719 0.024537
0 0.739714 0.818981 0.010677 0.023148
0 0.734766 0.852546 0.009115 0.027315
0 0.756641 0.851157 0.009115 0.027315
0 0.760547 0.909028 0.009635 0.029167
0 0.749089 0.905324 0.009635 0.029167
0 0.750651 0.964120 0.009635 0.029167
