0 0.665365 0.775463 0.010937 0.022222
0 0.652865 0.741898 0.012500 0.018056
0 0.681380 0.824306 0.011198 0.023611
0 0.878125 0.543519 0.016667 0.019444
0 0.630729 0.680093 0.013542 0.021296
0 0.070312 0.593750 0.016667 0.021759
0 0.693880 0.831019 0.010677 0.022222
0 0.988021 0.155324 0.012500 0.018056
0 0.568490 0.639815 0.015625 0.017593
0 0.489323 0.254861 0.013542 0.015278
0 0.814193 0.766435 0.011198 0.031019
0 0.794792 0.671065 0.013021 0.020833
0 0.512500 0.248843 0.013542 0.015278
0 0.534505 0.232176 0.013802 0.015278
0 0.553255 0.263194 0.011198 0.020833
0 0.567708 0.264120 0.013021 0.025463
0 0.620313 0.085880 0.013021 0.025463
0 0.550521 0.315509 0.011458 0.027315
0 0.560807 0.545139 0.013281 0.030093
0 0.679167 0.773148 0.010937 0.022222
0 0.690104 0.883102 0.010937 0.027315
0 0.704688 0.879398 0.010937 0.027315
0 0.790495 0.877778 0.010677 0.025926
0 0.754687 0.962963 0.013021 0.030556
0 0.707682 0.967593 0.009635 0.027778
0 0.744531 0.156019 0.015104 0.019444
