0 0.626432 0.645139 0.013802 0.022685
0 0.652344 0.691898 0.015104 0.026389
0 0.814193 0.392593 0.020573 0.014815
0 0.613672 0.194676 0.013802 0.025463
0 0.687630 0.749769 0.013281 0.024537
0 0.585807 0.522454 0.013281 0.018981
0 0.706380 0.807407 0.011198 0.030556
0 0.661198 0.673148 0.016667 0.022222
0 0.691797 0.106019 0.016406 0.021296
0 0.709375 0.766204 0.011458 0.025926
0 0.790104 0.041435 0.013542 0.028241
0 0.959635 0.144444 0.017708 0.015741
0 0.889062 0.140046 0.017708 0.018981
0 0.330990 0.583333 0.019271 0.015741
0 0.984505 0.289120 0.016927 0.020833
0 0.902604 0.389815 0.021875 0.015741
0 0.131120 0.381481 0.021094 0.016667
0 0.061458 0.534722 0.026562 0.021296
0 0.517448 0.381944 0.019271 0.015741
0 0.568099 0.277083 0.013802 0.025463
0 0.623047 0.119444 0.014844 0.032407
0 0.746615 0.092361 0.019271 0.017130
0 0.812370 0.124769 0.017448 0.030093
0 0.879557 0.331713 0.019531 0.019907
0 0.782943 0.337731 0.019531 0.019907
0 0.623568 0.614120 0.013802 0.022685
0 0.771224 0.674074 0.016927 0.017593
0 0.725651 0.825231 0.012760 0.027315
0 0.719141 0.842824 0.012760 0.027315
0 0.723177 0.886574 0.010937 0.031481
0 0.735677 0.907870 0.010937 0.031481
0 0.736719 0.981019 0.010937 0.031481
0 0.835286 0.650000 0.016927 0.023148
