0 0.210938 0.262731 0.018750 0.013426
0 0.600911 0.672222 0.018490 0.033333
0 0.640625 0.737963 0.015625 0.026852
0 0.794271 0.143750 0.018750 0.020833
0 0.135417 0.258565 0.020833 0.014352
0 0.839714 0.193981 0.019531 0.019444
0 0.912891 0.211343 0.020573 0.014352
0 0.610417 0.237037 0.016667 0.027778
0 0.103906 0.395139 0.020313 0.015278
0 0.583073 0.249537 0.016146 0.027778
0 0.692318 0.406250 0.017448 0.016204
0 0.576953 0.321759 0.016927 0.026852
0 0.708464 0.888657 0.021615 0.074537
0 0.802865 0.791898 0.011979 0.031019
0 0.710547 0.995139 0.009115 0.009722
0 0.580859 0.583565 0.013802 0.025463
0 0.611458 0.188426 0.013542 0.029630
0 0.677083 0.176389 0.019792 0.017593
