0 0.017839 0.567361 0.014844 0.012500
0 0.010156 0.520370 0.016667 0.016667
0 0.110026 0.450231 0.017969 0.017130
0 0.281641 0.404861 0.016406 0.014352
0 0.478646 0.262269 0.013021 0.015278
0 0.490625 0.440509 0.019271 0.014352
0 0.581250 0.441667 0.018750 0.014815
0 0.594531 0.414352 0.030729 0.022222
0 0.746484 0.395833 0.024219 0.017593
0 0.740365 0.417593 0.018750 0.014815
0 0.585286 0.587731 0.010156 0.026389
0 0.767839 0.975694 0.011719 0.031019
0 0.816797 0.858796 0.010677 0.027778
0 0.885807 0.675463 0.013802 0.025926
0 0.980599 0.350694 0.018490 0.015278
