0 0.744141 0.773611 0.009635 0.023148
0 0.652214 0.094907 0.014323 0.029630
0 0.310807 0.439815 0.009635 0.012037
0 0.686458 0.676389 0.013021 0.021296
0 0.312240 0.575463 0.014583 0.013889
0 0.723568 0.704861 0.011198 0.018981
0 0.942318 0.474537 0.015885 0.019444
0 0.823698 0.129398 0.012500 0.018981
0 0.791536 0.030556 0.021094 0.038889
0 0.933724 0.499769 0.016406 0.018981
0 0.581380 0.141898 0.014323 0.019907
0 0.540234 0.577315 0.015365 0.013889
0 0.723437 0.753704 0.010937 0.023148
0 0.680859 0.643750 0.014323 0.017130
0 0.621094 0.568287 0.010417 0.018981
0 0.201563 0.555324 0.017188 0.017130
0 0.837500 0.745833 0.011458 0.029630
0 0.502734 0.569676 0.014323 0.014352
0 0.079427 0.236343 0.016667 0.017130
0 0.876302 0.559028 0.017188 0.041204
0 0.783854 0.093056 0.014583 0.015741
0 0.743490 0.095833 0.014583 0.018519
0 0.600781 0.512500 0.010937 0.021296
0 0.821224 0.328009 0.013281 0.017130
0 0.876432 0.204861 0.012760 0.025463
0 0.993099 0.123380 0.013802 0.013426
0 0.903255 0.541435 0.009115 0.020833
0 0.746484 0.861111 0.009635 0.023148
0 0.755078 0.839352 0.009635 0.023148
0 0.761328 0.912500 0.009635 0.023148
0 0.751432 0.909722 0.009635 0.023148
0 0.751953 0.971296 0.009635 0.023148
0 0.751432 0.970370 0.009635 0.023148
