0 0.332943 0.612269 0.023177 0.017130
0 0.149219 0.472917 0.021354 0.016204
0 0.244271 0.468981 0.016667 0.014815
0 0.693099 0.812731 0.010677 0.025463
0 0.384375 0.243519 0.021875 0.016667
0 0.361849 0.502778 0.016927 0.012963
0 0.643099 0.709491 0.011198 0.018981
0 0.805469 0.382407 0.014583 0.012963
0 0.094792 0.377083 0.028125 0.020833
0 0.561719 0.587269 0.009896 0.029167
0 0.115495 0.564120 0.016406 0.018056
0 0.265365 0.412269 0.018750 0.018981
0 0.586068 0.598380 0.010677 0.021759
0 0.623047 0.668519 0.011198 0.020370
0 0.707422 0.872917 0.010677 0.030093
0 0.710547 0.924769 0.007552 0.026389
0 0.944792 0.359028 0.015625 0.014352
0 0.867448 0.504630 0.006250 0.022222
0 0.899219 0.645370 0.014583 0.024074
0 0.819271 0.188194 0.014583 0.016204
0 0.790495 0.143519 0.013281 0.022222
