0 0.911068 0.436343 0.015885 0.018981
0 0.616667 0.533565 0.012500 0.022685
0 0.710026 0.600926 0.013802 0.012963
0 0.747396 0.788194 0.008854 0.022685
0 0.729297 0.673380 0.011198 0.021759
0 0.732292 0.726389 0.010937 0.025000
0 0.713151 0.636343 0.011719 0.020833
0 0.702344 0.651620 0.011979 0.020833
0 0.761719 0.009954 0.017188 0.018981
0 0.262370 0.455556 0.041406 0.026852
0 0.686719 0.655556 0.012500 0.019444
0 0.791276 0.017130 0.014323 0.021296
0 0.136198 0.388194 0.018229 0.019907
0 0.984245 0.361806 0.016406 0.019907
0 0.259375 0.374306 0.015104 0.014352
0 0.743099 0.844444 0.007552 0.024074
0 0.746745 0.723380 0.013802 0.034722
0 0.078516 0.386343 0.015885 0.018981
0 0.089323 0.365509 0.016146 0.014352
0 0.318620 0.200694 0.014844 0.015278
0 0.442448 0.201157 0.019792 0.017130
0 0.477344 0.193519 0.030208 0.025926
0 0.505339 0.191667 0.012240 0.014815
0 0.523698 0.180093 0.012500 0.014815
0 0.539974 0.172917 0.013281 0.017130
0 0.560547 0.163194 0.013281 0.017130
0 0.589063 0.199769 0.009375 0.029167
0 0.623047 0.127083 0.014844 0.028241
0 0.561719 0.543519 0.015625 0.014815
0 0.689193 0.380093 0.014323 0.016667
0 0.719271 0.285417 0.015625 0.018056
0 0.789844 0.274306 0.016146 0.018981
0 0.821094 0.052083 0.018750 0.018981
0 0.860938 0.056019 0.016146 0.016667
0 0.863672 0.239120 0.016406 0.017130
0 0.883073 0.377083 0.011458 0.028241
0 0.600521 0.456944 0.012500 0.022222
0 0.714193 0.681944 0.012240 0.023148
0 0.848568 0.622917 0.009115 0.021759
0 0.756901 0.788657 0.010677 0.031019
0 0.754167 0.852778 0.007292 0.024074
0 0.762891 0.842130 0.007552 0.022222
0 0.766146 0.876852 0.007292 0.022222
0 0.758073 0.918519 0.007292 0.022222
0 0.769271 0.959722 0.010417 0.037037
