0 0.753255 0.150694 0.016406 0.018981
0 0.633984 0.678241 0.014844 0.021296
0 0.697135 0.834722 0.009375 0.023148
0 0.610547 0.675000 0.013281 0.020370
0 0.666667 0.772222 0.011979 0.025926
0 0.576042 0.613657 0.013021 0.024537
0 0.590495 0.160185 0.011198 0.025000
0 0.981380 0.462037 0.013802 0.015741
0 0.669661 0.141204 0.014844 0.016667
0 0.571354 0.451389 0.021875 0.012037
0 0.566536 0.229167 0.012240 0.025000
0 0.682943 0.821296 0.009635 0.023148
0 0.238672 0.590046 0.014323 0.015278
0 0.795052 0.625463 0.013021 0.019444
0 0.537370 0.228241 0.014844 0.016667
0 0.722656 0.076620 0.010937 0.021759
0 0.624089 0.066204 0.011198 0.025000
0 0.711068 0.045370 0.011198 0.025926
0 0.493099 0.249074 0.015365 0.015741
0 0.468359 0.251620 0.015885 0.014352
0 0.440365 0.254861 0.014063 0.013426
0 0.515755 0.240972 0.020052 0.018981
0 0.733073 0.680787 0.013021 0.014352
0 0.693490 0.899074 0.008333 0.024074
0 0.705469 0.899074 0.008333 0.024074
0 0.708073 0.977778 0.008333 0.024074
0 0.697656 0.980093 0.008333 0.024074
0 0.778776 0.927778 0.010156 0.025000
0 0.017578 0.537269 0.014323 0.015278
0 0.967318 0.273148 0.013802 0.015741
