0 0.668750 0.733796 0.011458 0.023148
0 0.570703 0.216898 0.014323 0.020833
0 0.655208 0.681944 0.015625 0.015741
0 0.700000 0.141667 0.015104 0.015741
0 0.632031 0.733565 0.014063 0.023611
0 0.618359 0.177546 0.013802 0.017130
0 0.235156 0.239815 0.019271 0.016667
0 0.754818 0.147454 0.017448 0.016204
0 0.565104 0.604630 0.015625 0.027778
0 0.590365 0.414815 0.017188 0.014815
0 0.729557 0.091667 0.011198 0.022222
0 0.645833 0.731250 0.014063 0.027315
0 0.386198 0.255556 0.032292 0.026852
0 0.745964 0.079630 0.012240 0.025000
0 0.721224 0.025000 0.010156 0.027778
0 0.539062 0.237731 0.013542 0.016204
0 0.509115 0.250231 0.013542 0.016204
0 0.479687 0.220602 0.013542 0.016204
0 0.423698 0.228935 0.013542 0.016204
0 0.654167 0.383565 0.013542 0.016204
0 0.572786 0.582407 0.011719 0.024074
0 0.314974 0.598611 0.014323 0.019444
0 0.712630 0.038889 0.010156 0.027778
0 0.808203 0.161574 0.013281 0.015741
0 0.718880 0.386343 0.017448 0.016204
0 0.682552 0.782176 0.013542 0.028241
0 0.675000 0.804861 0.013542 0.028241
0 0.695052 0.834722 0.008854 0.027778
0 0.702604 0.884259 0.008854 0.027778
0 0.691146 0.893056 0.008333 0.022222
0 0.770312 0.871296 0.008333 0.022222
0 0.689323 0.978935 0.008854 0.026389
0 0.966927 0.515046 0.014583 0.018981
0 0.849609 0.181944 0.013281 0.015741
0 0.900130 0.183102 0.014844 0.015278
