0 0.793490 0.034259 0.014583 0.030556
0 0.695182 0.749769 0.013281 0.025463
0 0.711719 0.746991 0.013021 0.026389
0 0.730599 0.682407 0.017448 0.016667
0 0.854557 0.594213 0.017969 0.029167
0 0.635547 0.154167 0.013802 0.024074
0 0.655469 0.124306 0.015104 0.026389
0 0.895833 0.501852 0.012500 0.028704
0 0.863932 0.117824 0.021094 0.017130
0 0.631641 0.426389 0.024740 0.015741
0 0.615104 0.120139 0.013542 0.029167
0 0.445833 0.469907 0.019271 0.015741
0 0.395052 0.585185 0.019271 0.015741
0 0.284375 0.386574 0.029687 0.018519
0 0.573177 0.394907 0.019271 0.015741
0 0.668750 0.440741 0.025000 0.019444
0 0.514974 0.210648 0.019531 0.018519
0 0.395182 0.193981 0.019531 0.018519
0 0.384245 0.223148 0.019531 0.018519
0 0.439714 0.225000 0.019531 0.018519
0 0.523047 0.168519 0.019531 0.018519
0 0.654427 0.022454 0.013542 0.029167
0 0.690755 0.101620 0.017969 0.022685
0 0.742839 0.082870 0.035156 0.024074
0 0.755859 0.360185 0.020052 0.018519
0 0.768620 0.331481 0.020052 0.018519
0 0.937109 0.295833 0.020052 0.018519
0 0.948568 0.268056 0.020052 0.018519
0 0.896875 0.444444 0.012500 0.028704
0 0.642708 0.630787 0.015625 0.024537
0 0.594401 0.527315 0.015885 0.029630
0 0.829557 0.776620 0.013281 0.025463
