0 0.613802 0.185648 0.011979 0.024074
0 0.775781 0.654398 0.011458 0.013426
0 0.403646 0.380556 0.017188 0.012963
0 0.276693 0.564120 0.015365 0.011574
0 0.650000 0.583796 0.011979 0.021296
0 0.895182 0.536806 0.014323 0.021759
0 0.668490 0.123843 0.013021 0.019907
0 0.740365 0.790972 0.009375 0.020833
0 0.708724 0.702778 0.011198 0.022222
0 0.746745 0.843750 0.009115 0.020833
0 0.794922 0.100694 0.014844 0.019907
0 0.860547 0.627315 0.011198 0.020370
0 0.812630 0.623843 0.016406 0.018981
0 0.340885 0.563889 0.015104 0.013889
0 0.200911 0.557870 0.013281 0.011111
0 0.791276 0.020139 0.011198 0.025463
0 0.850521 0.154167 0.012500 0.020370
0 0.523438 0.389583 0.015104 0.013426
0 0.471224 0.374537 0.013802 0.012963
0 0.181380 0.243056 0.016406 0.013889
0 0.804688 0.048380 0.012500 0.024537
0 0.241276 0.238889 0.016406 0.013889
0 0.343620 0.228935 0.013802 0.014352
0 0.347005 0.400926 0.015365 0.011111
0 0.591406 0.247685 0.010417 0.021296
0 0.607292 0.256019 0.010417 0.021296
0 0.614062 0.378472 0.015104 0.013426
0 0.682813 0.359028 0.017708 0.013426
0 0.620573 0.524537 0.011979 0.021296
0 0.592187 0.500463 0.011979 0.021296
0 0.640885 0.606019 0.011979 0.021296
0 0.934375 0.550463 0.013021 0.022222
0 0.905078 0.426852 0.010677 0.023148
0 0.729427 0.713889 0.008333 0.020370
0 0.721615 0.730093 0.008333 0.020370
0 0.741406 0.746296 0.008333 0.020370
0 0.739844 0.790046 0.009375 0.020833
0 0.759375 0.835417 0.009375 0.020833
0 0.763281 0.914583 0.009375 0.020833
0 0.753125 0.913889 0.007812 0.025000
0 0.764844 0.968287 0.009375 0.020833
0 0.753125 0.966204 0.007812 0.025000
