0 0.727344 0.684259 0.016146 0.012037
0 0.084375 0.218981 0.019271 0.012963
0 0.574349 0.546991 0.010677 0.027315
0 0.468099 0.407639 0.020573 0.013426
0 0.704818 0.845833 0.010677 0.027778
0 0.991146 0.509259 0.008854 0.015741
0 0.823698 0.153009 0.016667 0.022685
0 0.052344 0.203472 0.018229 0.014352
0 0.289844 0.228472 0.015625 0.014352
0 0.139193 0.205556 0.016406 0.014815
0 0.426172 0.234028 0.019531 0.013426
0 0.569271 0.213657 0.016667 0.018981
0 0.635547 0.643981 0.017969 0.029630
0 0.957292 0.545370 0.019792 0.019444
0 0.593620 0.219907 0.013281 0.032407
0 0.782422 0.082407 0.013281 0.020370
0 0.266146 0.204630 0.018229 0.016667
0 0.182422 0.540509 0.014323 0.013426
0 0.696875 0.868056 0.009375 0.027778
0 0.672917 0.009259 0.012500 0.011111
0 0.718620 0.872917 0.010156 0.027315
0 0.808594 0.168056 0.015625 0.023148
0 0.603516 0.577315 0.014323 0.024074
0 0.919922 0.178009 0.019531 0.017130
0 0.179297 0.378704 0.020052 0.016667
0 0.326042 0.228935 0.015625 0.014352
0 0.601172 0.380093 0.021094 0.017593
0 0.552995 0.224306 0.016927 0.018981
0 0.804818 0.115972 0.016927 0.022685
0 0.769922 0.100926 0.014323 0.026852
0 0.916146 0.331481 0.021354 0.017593
0 0.824870 0.698843 0.012240 0.033796
0 0.709245 0.806019 0.010677 0.027778
0 0.684245 0.756481 0.013281 0.030556
0 0.764323 0.028241 0.011979 0.027778
0 0.576042 0.308796 0.013021 0.032407
0 0.020443 0.315741 0.020052 0.016667
