0 0.954036 0.568056 0.016927 0.022222
0 0.575391 0.618056 0.015885 0.018519
0 0.616406 0.596528 0.014063 0.024537
0 0.799479 0.046528 0.013021 0.023611
0 0.529557 0.206481 0.016406 0.015741
0 0.810807 0.108796 0.019531 0.022222
0 0.594401 0.586806 0.013281 0.025463
0 0.550000 0.202315 0.015625 0.016667
0 0.929036 0.146528 0.019531 0.015278
0 0.582682 0.183796 0.017969 0.021296
0 0.736068 0.874074 0.010156 0.027778
0 0.721354 0.856944 0.009375 0.029630
0 0.200651 0.211111 0.017969 0.014815
0 0.911589 0.317130 0.020573 0.017593
0 0.621875 0.180787 0.018229 0.031944
0 0.513281 0.379398 0.018750 0.018981
0 0.993750 0.141667 0.012500 0.016667
0 0.139323 0.439815 0.016146 0.013889
0 0.704557 0.751157 0.013281 0.027315
0 0.723698 0.091667 0.019271 0.016667
0 0.704948 0.837963 0.010937 0.025926
0 0.899479 0.133565 0.018229 0.018056
0 0.108333 0.356713 0.019271 0.015278
0 0.775651 0.029861 0.023698 0.053241
0 0.894661 0.664815 0.013802 0.025926
0 0.841536 0.711111 0.013802 0.025926
0 0.834505 0.860417 0.011719 0.028241
0 0.658984 0.703472 0.017969 0.024537
