0 0.671094 0.696991 0.013021 0.023611
0 0.233594 0.570602 0.015625 0.013426
0 0.666797 0.718056 0.013281 0.025000
0 0.591927 0.254630 0.013542 0.027778
0 0.831771 0.150231 0.019271 0.019907
0 0.377995 0.478472 0.022656 0.014352
0 0.772917 0.107407 0.013021 0.023148
0 0.956771 0.166667 0.020833 0.018519
0 0.625521 0.625463 0.015625 0.025000
0 0.192318 0.457407 0.019531 0.016667
0 0.151172 0.374769 0.020052 0.018056
0 0.721224 0.836343 0.010677 0.031019
0 0.785417 0.088657 0.013542 0.025463
0 0.660417 0.148843 0.015625 0.022685
0 0.482292 0.213194 0.020313 0.017130
0 0.581771 0.296991 0.012500 0.027315
0 0.588151 0.127315 0.014323 0.022222
0 0.977474 0.478704 0.017448 0.018519
0 0.707422 0.775694 0.010677 0.027315
0 0.137370 0.243056 0.020573 0.013889
0 0.498698 0.409954 0.021875 0.018056
0 0.560547 0.218519 0.017448 0.018519
0 0.852474 0.202083 0.013802 0.025463
0 0.921875 0.298843 0.021875 0.018056
0 0.976823 0.520370 0.017708 0.018519
0 0.829167 0.687731 0.013542 0.031019
0 0.803646 0.778704 0.013542 0.031481
0 0.588542 0.538194 0.015104 0.030093
0 0.694922 0.783102 0.010677 0.027315
0 0.727474 0.920833 0.008594 0.029630
0 0.727214 0.919907 0.008594 0.029630
