0 0.612240 0.617824 0.016146 0.025463
0 0.672656 0.672454 0.018229 0.018981
0 0.920182 0.552778 0.016406 0.021296
0 0.547005 0.202315 0.017448 0.021296
0 0.719010 0.788889 0.011979 0.026852
0 0.593490 0.548380 0.011979 0.028241
0 0.701302 0.734028 0.014063 0.028241
0 0.737891 0.903009 0.010156 0.029167
0 0.653385 0.073148 0.013021 0.028704
0 0.911458 0.146759 0.021875 0.016667
0 0.865104 0.128704 0.019271 0.020370
0 0.833854 0.412037 0.021875 0.015741
0 0.823698 0.111343 0.018750 0.018981
0 0.157552 0.449769 0.018229 0.018056
0 0.725781 0.100694 0.016667 0.016204
0 0.135677 0.378009 0.018229 0.018056
0 0.259115 0.584028 0.018229 0.018056
0 0.359375 0.225231 0.018229 0.018056
0 0.664323 0.029630 0.013021 0.028704
0 0.796354 0.047222 0.017188 0.028704
0 0.734375 0.844444 0.011979 0.026852
0 0.740495 0.966667 0.008594 0.033333
0 0.723958 0.892593 0.018750 0.066667
