0 0.631641 0.687269 0.015365 0.022685
0 0.286328 0.467361 0.019010 0.013426
0 0.064062 0.251852 0.017708 0.012963
0 0.630339 0.166204 0.012760 0.018519
0 0.584896 0.600231 0.011458 0.018981
0 0.695703 0.430556 0.015365 0.014815
0 0.780729 0.681944 0.015625 0.017593
0 0.420312 0.595602 0.015104 0.018056
0 0.014323 0.384954 0.018750 0.018981
0 0.691406 0.813426 0.011979 0.030556
0 0.945573 0.348148 0.019792 0.018519
0 0.293490 0.423611 0.016667 0.016667
0 0.573958 0.122917 0.014583 0.019907
0 0.564453 0.221528 0.011719 0.022685
0 0.566667 0.607639 0.013021 0.019907
0 0.845052 0.408565 0.018750 0.018056
0 0.091536 0.561343 0.015885 0.016204
0 0.115495 0.943056 0.014844 0.028704
0 0.672266 0.802546 0.010156 0.026389
0 0.845313 0.345370 0.017188 0.019444
0 0.200521 0.478472 0.013542 0.013426
0 0.238802 0.262731 0.011979 0.013426
0 0.331120 0.258796 0.016406 0.014815
0 0.217057 0.400000 0.016406 0.014815
0 0.375391 0.406713 0.016927 0.012500
0 0.021354 0.584722 0.042188 0.022222
0 0.496875 0.403472 0.013542 0.014352
0 0.622786 0.396991 0.017448 0.018056
0 0.545052 0.346065 0.008333 0.024537
0 0.601823 0.183565 0.016146 0.023611
0 0.741667 0.119676 0.014583 0.025463
0 0.756771 0.107176 0.014583 0.025463
0 0.789974 0.155787 0.016927 0.019907
0 0.519401 0.237037 0.015885 0.018519
0 0.501953 0.198148 0.015885 0.018519
0 0.461719 0.253704 0.012500 0.016667
0 0.436198 0.257176 0.012500 0.012500
0 0.701042 0.889120 0.007292 0.028241
0 0.705208 0.976157 0.007292 0.028241
0 0.839714 0.167824 0.016406 0.012500
