0 0.929427 0.508796 0.015104 0.018519
0 0.811979 0.114583 0.015625 0.016204
0 0.770703 0.652546 0.017969 0.016204
0 0.290625 0.572222 0.016146 0.015741
0 0.387370 0.569676 0.016406 0.018056
0 0.394141 0.205324 0.026302 0.018056
0 0.736068 0.748148 0.010677 0.023148
0 0.690234 0.649769 0.016406 0.018056
0 0.745703 0.785417 0.010677 0.025463
0 0.620052 0.571991 0.015625 0.025463
0 0.904036 0.473611 0.011198 0.029630
0 0.434896 0.570833 0.017708 0.017593
0 0.714974 0.737037 0.012760 0.025000
0 0.656641 0.100000 0.012760 0.026852
0 0.048177 0.243056 0.019792 0.016667
0 0.699740 0.699769 0.014063 0.026389
0 0.739583 0.818750 0.010937 0.030093
0 0.824870 0.620833 0.015365 0.020370
0 0.066667 0.565972 0.019271 0.017130
0 0.745703 0.872454 0.009115 0.026389
0 0.241927 0.218750 0.016667 0.015278
0 0.589063 0.302083 0.012500 0.032870
0 0.725781 0.718750 0.010937 0.022685
0 0.320833 0.230787 0.018750 0.016204
0 0.667969 0.040509 0.011979 0.024537
0 0.833203 0.758565 0.014323 0.029167
0 0.878906 0.299074 0.017708 0.017593
0 0.116146 0.236574 0.019792 0.016667
0 0.292187 0.382639 0.019792 0.017130
0 0.826823 0.337963 0.017708 0.017593
0 0.634115 0.359722 0.017708 0.017593
0 0.877865 0.524306 0.011979 0.026389
0 0.865234 0.639352 0.013802 0.028704
0 0.905990 0.615741 0.013542 0.024074
0 0.726823 0.771065 0.010937 0.022685
0 0.752995 0.835185 0.010156 0.025926
0 0.756901 0.872685 0.008594 0.029630
0 0.758594 0.920370 0.007292 0.028704
0 0.748568 0.958565 0.007031 0.025463
0 0.757682 0.972917 0.008073 0.029167
