0 0.312370 0.210648 0.020052 0.014815
0 0.662500 0.688426 0.014063 0.024074
0 0.090365 0.208796 0.019271 0.014815
0 0.897396 0.189583 0.018750 0.018056
0 0.163672 0.204167 0.017448 0.015741
0 0.770964 0.109491 0.013802 0.028241
0 0.387630 0.203241 0.020573 0.015741
0 0.449219 0.463657 0.021354 0.014352
0 0.967057 0.386806 0.034635 0.029167
0 0.534115 0.467593 0.020833 0.017593
0 0.674609 0.142593 0.016927 0.023148
0 0.027214 0.200463 0.018490 0.014815
0 0.813672 0.148843 0.017448 0.019907
0 0.990365 0.178704 0.014063 0.011111
0 0.680078 0.789815 0.011198 0.031481
0 0.673958 0.744213 0.011979 0.026389
0 0.079818 0.340046 0.019531 0.015278
0 0.597005 0.561111 0.014323 0.029630
0 0.376042 0.567130 0.017708 0.015741
0 0.759375 0.061111 0.012500 0.024074
0 0.592969 0.236574 0.012500 0.022222
0 0.138672 0.355787 0.020573 0.014352
0 0.795703 0.912037 0.012760 0.025926
0 0.369141 0.395833 0.020573 0.015741
0 0.558984 0.383102 0.015885 0.013426
0 0.489844 0.197917 0.029687 0.023611
0 0.602474 0.401620 0.015885 0.013426
0 0.818099 0.361806 0.015885 0.013426
0 0.879167 0.354861 0.018750 0.016204
0 0.798958 0.108333 0.012500 0.024074
0 0.763281 0.979398 0.010417 0.031019
0 0.709896 0.816204 0.011979 0.025926
0 0.689844 0.844444 0.011979 0.025926
0 0.719271 0.951852 0.011458 0.037037
0 0.702865 0.987037 0.008854 0.025926
