0 0.721745 0.147685 0.013281 0.017593
0 0.799740 0.715046 0.011979 0.023611
0 0.656380 0.813194 0.014323 0.029167
0 0.600391 0.673148 0.013281 0.022222
0 0.745313 0.430556 0.019271 0.014815
0 0.725130 0.065278 0.010677 0.028704
0 0.570573 0.221296 0.015625 0.022222
0 0.563411 0.605787 0.011198 0.019907
0 0.679818 0.795833 0.012760 0.025926
0 0.609766 0.126852 0.015365 0.023148
0 0.635026 0.170833 0.014323 0.025926
0 0.437240 0.251620 0.016667 0.018981
0 0.479036 0.249306 0.014323 0.018056
0 0.660417 0.738194 0.011979 0.019907
0 0.748047 0.092593 0.011198 0.029630
0 0.673568 0.440972 0.021094 0.014352
0 0.689453 0.847222 0.010156 0.026852
0 0.717448 0.054167 0.009896 0.024074
0 0.526042 0.624537 0.012500 0.015741
0 0.637370 0.051157 0.029948 0.064352
0 0.731120 0.086343 0.011198 0.031019
0 0.031771 0.235880 0.022396 0.017130
0 0.165495 0.377083 0.015885 0.018981
0 0.295964 0.249769 0.015885 0.018981
0 0.500651 0.245139 0.015885 0.018981
0 0.461849 0.252546 0.014323 0.018056
0 0.585547 0.411111 0.014323 0.014815
0 0.528906 0.237269 0.029687 0.024537
0 0.579297 0.451389 0.014323 0.014815
0 0.764193 0.360185 0.015885 0.014815
0 0.554036 0.477315 0.041927 0.019444
0 0.806380 0.178704 0.013281 0.017593
0 0.853516 0.188426 0.013281 0.017593
0 0.920964 0.192593 0.013281 0.017593
0 0.825781 0.284028 0.011979 0.021759
0 0.937370 0.551620 0.030990 0.034722
0 0.785677 0.772454 0.011979 0.023611
0 0.782031 0.854861 0.011979 0.023611
0 0.672266 0.825926 0.012760 0.025926
0 0.696484 0.956944 0.010156 0.026852
0 0.687109 0.970833 0.010156 0.026852
0 0.588151 0.616435 0.011198 0.019907
