0 0.633854 0.617361 0.018229 0.018056
0 0.751823 0.835185 0.010417 0.026852
0 0.885938 0.534259 0.013542 0.026852
0 0.704557 0.707870 0.014323 0.025000
0 0.594141 0.267824 0.010677 0.026389
0 0.617839 0.178935 0.012760 0.027315
0 0.951823 0.543519 0.015625 0.022222
0 0.583464 0.205556 0.015365 0.017593
0 0.689193 0.121759 0.016406 0.022222
0 0.667839 0.672454 0.015885 0.022685
0 0.703906 0.675694 0.015104 0.023611
0 0.622917 0.089352 0.016667 0.035185
0 0.729167 0.778241 0.012500 0.027778
0 0.757031 0.915972 0.008333 0.028241
0 0.666016 0.141667 0.014323 0.022222
0 0.720964 0.107870 0.018490 0.017593
0 0.807422 0.891435 0.010677 0.028241
0 0.853906 0.143056 0.014583 0.025000
0 0.675781 0.416667 0.018229 0.014815
0 0.287760 0.234259 0.019792 0.016667
0 0.601562 0.290046 0.013542 0.030093
0 0.555990 0.453241 0.019792 0.015741
0 0.717969 0.741898 0.011458 0.026389
0 0.861979 0.192593 0.015104 0.026852
0 0.239844 0.388194 0.019271 0.018056
0 0.087240 0.228935 0.019271 0.018056
0 0.387370 0.206250 0.016406 0.017130
0 0.397526 0.228472 0.017448 0.016204
0 0.597917 0.514815 0.012500 0.029630
0 0.813281 0.401620 0.019792 0.018981
0 0.819792 0.318519 0.015104 0.017593
0 0.831250 0.098148 0.014583 0.025000
0 0.948698 0.140509 0.016667 0.014352
0 0.756250 0.977083 0.008333 0.028241
0 0.747526 0.987269 0.007552 0.025463
0 0.746484 0.903009 0.008073 0.026389
0 0.740755 0.831481 0.011719 0.030556
0 0.731380 0.736574 0.012240 0.025926
