0 0.671224 0.690278 0.016927 0.021296
0 0.589844 0.588657 0.013021 0.021759
0 0.854948 0.215509 0.012500 0.027315
0 0.723568 0.851157 0.010677 0.028241
0 0.129818 0.237269 0.015885 0.015278
0 0.227214 0.249306 0.016927 0.014352
0 0.598568 0.194213 0.013802 0.024537
0 0.202995 0.230093 0.020573 0.014815
0 0.566797 0.210880 0.013802 0.018056
0 0.646224 0.649769 0.014844 0.022685
0 0.824870 0.193519 0.014844 0.020370
0 0.547396 0.219907 0.016667 0.016667
0 0.572396 0.314120 0.013021 0.018981
0 0.694922 0.444444 0.019010 0.017593
0 0.876172 0.309259 0.020052 0.012963
0 0.119401 0.371991 0.018490 0.018981
0 0.274349 0.243519 0.016927 0.014815
0 0.386849 0.246065 0.016927 0.014352
0 0.357422 0.414120 0.016927 0.014352
0 0.627344 0.399306 0.018750 0.018056
0 0.678516 0.365741 0.019010 0.017593
0 0.759896 0.369444 0.018750 0.017593
0 0.875651 0.333333 0.019010 0.017593
0 0.853125 0.254398 0.012500 0.027315
0 0.820573 0.148380 0.012500 0.027315
0 0.873698 0.459722 0.010417 0.028704
0 0.586719 0.536343 0.021875 0.060648
0 0.642839 0.680556 0.016927 0.021296
0 0.680599 0.746528 0.013802 0.025463
0 0.709896 0.781019 0.011979 0.030556
0 0.727995 0.919444 0.010677 0.027778
0 0.729297 0.974769 0.010677 0.028241
0 0.665755 0.021528 0.013802 0.024537
