0 0.405599 0.470833 0.016406 0.013889
0 0.572526 0.607407 0.011198 0.020370
0 0.685937 0.853704 0.008333 0.023148
0 0.727474 0.683333 0.014323 0.012037
0 0.652083 0.744213 0.012500 0.019907
0 0.617839 0.709722 0.014844 0.023148
0 0.139063 0.470139 0.044792 0.024537
0 0.375911 0.593287 0.015365 0.012500
0 0.607943 0.663889 0.009635 0.016667
0 0.740234 0.122454 0.013281 0.023611
0 0.722917 0.073843 0.012500 0.024537
0 0.317188 0.592593 0.016667 0.012963
0 0.673698 0.798843 0.011458 0.026389
0 0.158724 0.391435 0.022656 0.018981
0 0.538932 0.284722 0.011198 0.031481
0 0.669141 0.744907 0.011198 0.023148
0 0.565365 0.648380 0.015104 0.018981
0 0.125781 0.259722 0.018750 0.014815
0 0.180729 0.581019 0.016667 0.012963
0 0.186719 0.257870 0.014583 0.014815
0 0.412240 0.257407 0.020833 0.015741
0 0.442188 0.256019 0.014583 0.014815
0 0.480599 0.249769 0.015885 0.013426
0 0.520052 0.236806 0.011979 0.014352
0 0.601302 0.178935 0.012500 0.018981
0 0.788672 0.185417 0.013802 0.021759
0 0.677865 0.889352 0.008333 0.023148
0 0.690625 0.894444 0.007292 0.025926
0 0.703646 0.918519 0.008854 0.028704
0 0.692708 0.941667 0.008854 0.028704
0 0.781120 0.906944 0.009115 0.024074
0 0.832422 0.703009 0.010156 0.021759
0 0.819922 0.659028 0.010156 0.021759
0 0.867318 0.624769 0.010156 0.021759
0 0.858333 0.574074 0.013542 0.022222
