0 0.630990 0.147685 0.017188 0.036111
0 0.750130 0.666435 0.018490 0.018056
0 0.723568 0.747222 0.011198 0.025000
0 0.749479 0.796991 0.010417 0.027315
0 0.927214 0.507407 0.017969 0.023148
0 0.800130 0.090278 0.018490 0.027778
0 0.632812 0.631019 0.016146 0.020370
0 0.124219 0.237037 0.019271 0.015741
0 0.622656 0.575926 0.013021 0.027778
0 0.724609 0.096296 0.016927 0.017593
0 0.840755 0.112269 0.016927 0.024537
0 0.387500 0.409491 0.021354 0.018981
0 0.664323 0.638889 0.015104 0.016667
0 0.719010 0.775694 0.011979 0.027315
0 0.732031 0.782176 0.011458 0.026389
0 0.708073 0.711111 0.011979 0.025926
0 0.844271 0.711111 0.012500 0.023148
0 0.987240 0.457870 0.014583 0.018519
0 0.723568 0.713426 0.012240 0.025926
0 0.694271 0.714352 0.018229 0.034259
0 0.225000 0.384722 0.016667 0.016667
0 0.807292 0.057639 0.016146 0.026389
0 0.162630 0.454167 0.020573 0.016667
0 0.644922 0.585880 0.012760 0.023611
0 0.154297 0.392593 0.020052 0.017593
0 0.619271 0.225231 0.012500 0.027315
0 0.880729 0.557176 0.013542 0.022685
0 0.605469 0.278241 0.013542 0.032407
0 0.247656 0.245833 0.018229 0.015741
0 0.346094 0.239352 0.016146 0.015741
0 0.384896 0.216204 0.017188 0.016667
0 0.396224 0.235648 0.019010 0.014815
0 0.436979 0.409491 0.016146 0.015278
0 0.468359 0.384954 0.016927 0.016204
0 0.839193 0.313657 0.018490 0.017130
0 0.859245 0.184259 0.016927 0.027778
0 0.902474 0.437500 0.010677 0.028704
0 0.859635 0.656944 0.013021 0.030556
0 0.761068 0.984722 0.009115 0.026852
0 0.751563 0.975926 0.009896 0.030556
0 0.759635 0.933333 0.009896 0.032407
0 0.748177 0.868519 0.009896 0.026852
0 0.757552 0.848843 0.011458 0.029167
0 0.741797 0.830787 0.010677 0.027315
0 0.738802 0.756250 0.016667 0.036574
