0 0.633724 0.675000 0.013281 0.020370
0 0.935026 0.168056 0.014323 0.013889
0 0.302474 0.595602 0.020573 0.014352
0 0.604557 0.191898 0.013281 0.024537
0 0.635807 0.710417 0.013802 0.021759
0 0.182031 0.451852 0.024479 0.015741
0 0.853125 0.523380 0.010417 0.023611
0 0.593620 0.644907 0.012760 0.017593
0 0.879818 0.546991 0.014844 0.023611
0 0.548568 0.551157 0.010677 0.023611
0 0.695052 0.951389 0.009375 0.023148
0 0.869922 0.170370 0.016406 0.012037
0 0.279557 0.234491 0.014323 0.014352
0 0.283333 0.481944 0.021875 0.012963
0 0.519531 0.615972 0.015625 0.013426
0 0.635938 0.743056 0.012500 0.021296
0 0.719401 0.012963 0.010677 0.025000
0 0.686328 0.847454 0.007552 0.019907
0 0.736458 0.057176 0.012500 0.023611
0 0.629297 0.164120 0.013802 0.018056
0 0.590495 0.609491 0.013802 0.022685
0 0.361068 0.229861 0.014323 0.014352
0 0.354167 0.254861 0.020833 0.015278
0 0.388411 0.254167 0.014844 0.012037
0 0.416536 0.252315 0.014844 0.012037
0 0.458724 0.252778 0.014844 0.012037
0 0.497917 0.245602 0.012500 0.012500
0 0.523177 0.234028 0.012500 0.012500
0 0.491406 0.397917 0.012500 0.012500
0 0.513411 0.418056 0.015885 0.012963
0 0.352474 0.407407 0.015885 0.012963
0 0.551953 0.413194 0.014323 0.012500
0 0.625651 0.387269 0.014323 0.012500
0 0.561719 0.143056 0.014583 0.023148
0 0.540625 0.163426 0.011458 0.017593
0 0.613932 0.098843 0.011719 0.024537
0 0.612109 0.040509 0.011719 0.024537
0 0.642318 0.020370 0.009115 0.025926
0 0.722135 0.072454 0.011458 0.021759
0 0.193880 0.578472 0.016927 0.011574
0 0.670833 0.784028 0.009896 0.022685
0 0.698438 0.862269 0.007812 0.023611
0 0.694010 0.897917 0.007812 0.023611
0 0.754167 0.974537 0.009375 0.023148
0 0.787500 0.769444 0.009375 0.023148
0 0.769271 0.127083 0.012500 0.023611
0 0.773958 0.163889 0.015104 0.025000
0 0.802604 0.334722 0.013021 0.012963
0 0.916797 0.355324 0.014844 0.014352
0 0.848698 0.456713 0.007812 0.024537
