0 0.814193 0.131944 0.015365 0.014815
0 0.667969 0.672454 0.015104 0.018056
0 0.910547 0.549769 0.014844 0.018981
0 0.714193 0.756481 0.014323 0.029630
0 0.616146 0.587269 0.015104 0.021759
0 0.831771 0.624769 0.015625 0.018981
0 0.787240 0.090278 0.015104 0.023148
0 0.850521 0.145139 0.016146 0.014352
0 0.213542 0.575694 0.016667 0.012500
0 0.159245 0.572454 0.016406 0.015278
0 0.861719 0.652315 0.009896 0.029630
0 0.389323 0.469213 0.013021 0.012500
0 0.615495 0.214815 0.010156 0.026852
0 0.657943 0.151620 0.013802 0.024537
0 0.683073 0.144676 0.012500 0.025463
0 0.469922 0.237269 0.019010 0.015278
0 0.369141 0.238194 0.013802 0.009722
0 0.493099 0.236574 0.016927 0.012037
0 0.661198 0.631019 0.013021 0.020370
0 0.348438 0.235880 0.011979 0.014352
0 0.734245 0.784491 0.011198 0.034722
0 0.736719 0.870602 0.008854 0.027315
0 0.425391 0.239815 0.014323 0.012037
0 0.588672 0.531481 0.009635 0.027778
0 0.447266 0.238889 0.014323 0.012037
0 0.575000 0.385648 0.019271 0.013889
0 0.602995 0.512269 0.011719 0.022685
0 0.726693 0.815509 0.010677 0.024537
0 0.741016 0.911343 0.008073 0.021759
0 0.741146 0.974306 0.007292 0.027315
0 0.885547 0.514120 0.010677 0.031019
0 0.900521 0.328009 0.013021 0.013426
0 0.864844 0.343981 0.015625 0.012037
0 0.852344 0.326620 0.019792 0.014352
0 0.767969 0.028009 0.014583 0.024537
0 0.581901 0.216435 0.016927 0.012500
0 0.598698 0.289583 0.012500 0.023611
0 0.546615 0.231019 0.014583 0.013889
0 0.514193 0.234722 0.015885 0.012963
0 0.311719 0.238194 0.014063 0.011574
