0 0.006120 0.231019 0.011719 0.013889
0 0.712760 0.762731 0.010417 0.027315
0 0.743880 0.838426 0.009115 0.026852
0 0.586589 0.610648 0.013281 0.016667
0 0.617578 0.190741 0.014844 0.025926
0 0.617708 0.587963 0.014583 0.023148
0 0.133594 0.427778 0.014583 0.013889
0 0.580208 0.217130 0.014583 0.016667
0 0.707422 0.127778 0.015365 0.014815
0 0.919271 0.546991 0.015104 0.022685
0 0.706120 0.702546 0.017969 0.020833
0 0.253646 0.238426 0.013542 0.012963
0 0.697917 0.723148 0.012500 0.024074
0 0.205469 0.553241 0.013542 0.013889
0 0.791276 0.048380 0.010677 0.031019
0 0.470833 0.238657 0.015104 0.015278
0 0.746745 0.108333 0.015365 0.018519
0 0.657161 0.170139 0.015885 0.022685
0 0.765885 0.120139 0.016146 0.018056
0 0.062891 0.338657 0.016927 0.016204
0 0.182943 0.224074 0.018490 0.013889
0 0.332292 0.237963 0.018229 0.012037
0 0.770443 0.050000 0.011198 0.024074
0 0.503385 0.237037 0.012500 0.012037
0 0.949219 0.164120 0.016667 0.015278
0 0.763411 0.014120 0.016406 0.020833
0 0.428906 0.236574 0.021875 0.011111
0 0.413802 0.387037 0.015625 0.012037
0 0.616927 0.377315 0.018750 0.012963
0 0.736328 0.871065 0.007031 0.026389
0 0.537500 0.229630 0.013021 0.012963
0 0.314323 0.212269 0.015625 0.015278
0 0.240885 0.562963 0.013021 0.013889
0 0.370052 0.236111 0.020833 0.012037
0 0.903646 0.484028 0.010417 0.025463
0 0.245312 0.221296 0.013542 0.012963
0 0.381380 0.213889 0.013281 0.013889
0 0.516927 0.196528 0.012500 0.015278
0 0.684115 0.659954 0.018750 0.019907
0 0.724609 0.757639 0.009115 0.033796
0 0.725130 0.802083 0.009115 0.025463
0 0.749349 0.895139 0.007031 0.026389
0 0.749349 0.984028 0.007031 0.026389
0 0.791797 0.971991 0.007031 0.026389
0 0.835417 0.733565 0.010417 0.033796
0 0.868490 0.601620 0.010417 0.033796
0 0.979427 0.305093 0.018750 0.012963
0 0.684375 0.388426 0.016146 0.011111
0 0.570052 0.401852 0.016146 0.011111
0 0.598437 0.246296 0.013542 0.024074
0 0.584766 0.308102 0.010156 0.027315
0 0.598047 0.324769 0.009635 0.024537
