0 0.588281 0.651620 0.013021 0.018981
0 0.674870 0.708102 0.012760 0.012500
0 0.147005 0.579398 0.014323 0.013426
0 0.558854 0.588889 0.012500 0.025926
0 0.438281 0.594444 0.014583 0.016667
0 0.943880 0.183102 0.017969 0.015278
0 0.838542 0.612731 0.023958 0.034722
0 0.222396 0.570833 0.013542 0.011111
0 0.543620 0.176620 0.016406 0.019907
0 0.667057 0.753241 0.010677 0.021296
0 0.075521 0.432639 0.015625 0.016204
0 0.750911 0.093750 0.010677 0.025463
0 0.681250 0.796528 0.009375 0.023611
0 0.393750 0.592130 0.014063 0.015741
0 0.427344 0.256944 0.010417 0.014815
0 0.511849 0.245370 0.014844 0.016667
0 0.083854 0.574537 0.015104 0.015741
0 0.583073 0.607176 0.013021 0.018981
0 0.656901 0.763426 0.012240 0.027778
0 0.679167 0.839583 0.007812 0.022685
0 0.694010 0.866898 0.007812 0.022685
0 0.686849 0.900231 0.008594 0.024537
0 0.689453 0.942824 0.008594 0.024537
0 0.699609 0.929398 0.008594 0.024537
0 0.700911 0.982639 0.008594 0.024537
0 0.805078 0.709491 0.009635 0.027315
0 0.798307 0.216204 0.010677 0.019444
0 0.800260 0.174074 0.013021 0.023148
0 0.700911 0.146065 0.015365 0.016204
0 0.726562 0.089120 0.009375 0.021759
0 0.733333 0.054398 0.009375 0.021759
0 0.711979 0.032176 0.009375 0.021759
0 0.720052 0.010648 0.008333 0.020370
0 0.597005 0.202778 0.014844 0.024074
0 0.538411 0.237963 0.014844 0.015741
0 0.556250 0.256713 0.008854 0.023611
0 0.458464 0.221759 0.016927 0.015741
0 0.477344 0.251389 0.033333 0.019444
0 0.389453 0.250694 0.033073 0.020833
