0 0.615885 0.136343 0.015625 0.024537
0 0.624870 0.648380 0.015365 0.026389
0 0.292187 0.464352 0.021875 0.015741
0 0.712760 0.813194 0.011979 0.023611
0 0.477734 0.589352 0.017969 0.018519
0 0.559375 0.193056 0.017708 0.017593
0 0.585807 0.563657 0.013281 0.020833
0 0.616406 0.591667 0.015625 0.029630
0 0.681380 0.741435 0.016927 0.029167
0 0.589714 0.263889 0.017448 0.046296
0 0.664974 0.118981 0.031510 0.033333
0 0.060286 0.528935 0.020573 0.019907
0 0.824740 0.090509 0.016146 0.026389
0 0.065234 0.344444 0.017448 0.018519
0 0.136328 0.202778 0.017448 0.018519
0 0.318359 0.201852 0.017448 0.018519
0 0.393099 0.387963 0.017448 0.018519
0 0.322656 0.402778 0.019271 0.019444
0 0.256641 0.376620 0.029427 0.024537
0 0.821354 0.135880 0.016146 0.026389
0 0.879687 0.199306 0.016146 0.026389
0 0.568880 0.258796 0.013802 0.034259
0 0.693359 0.371065 0.026823 0.020833
0 0.821745 0.416204 0.017448 0.023148
0 0.880859 0.613889 0.015365 0.033333
0 0.912891 0.468056 0.015365 0.033333
0 0.900651 0.457870 0.015365 0.033333
0 0.809505 0.878704 0.011198 0.028704
0 0.722786 0.874074 0.011198 0.028704
0 0.727344 0.967593 0.008854 0.025926
0 0.742318 0.934954 0.015365 0.075463
