0 0.709635 0.684954 0.017188 0.017130
0 0.610286 0.638426 0.016927 0.031481
0 0.229818 0.468287 0.020573 0.014352
0 0.715885 0.819444 0.010417 0.024074
0 0.593490 0.384259 0.020313 0.015741
0 0.645703 0.679398 0.016406 0.028241
0 0.247917 0.407176 0.021354 0.014352
0 0.597656 0.228009 0.011979 0.023611
0 0.531510 0.602778 0.015625 0.016667
0 0.994010 0.490509 0.009375 0.018981
0 0.994271 0.149769 0.007292 0.015278
0 0.781771 0.361806 0.021875 0.018981
0 0.927083 0.162037 0.018229 0.011111
0 0.665755 0.141898 0.017969 0.018056
0 0.558464 0.215278 0.018490 0.022222
0 0.416536 0.416435 0.020573 0.014352
0 0.076563 0.379398 0.021354 0.014352
0 0.016406 0.363194 0.021354 0.014352
0 0.107682 0.368750 0.038281 0.030093
0 0.613281 0.403704 0.020313 0.015741
0 0.829557 0.346065 0.022656 0.021759
0 0.830208 0.159259 0.020313 0.015741
0 0.873698 0.161111 0.020313 0.015741
0 0.765885 0.132407 0.020313 0.015741
0 0.740234 0.031944 0.012760 0.030556
0 0.751953 0.066667 0.012760 0.030556
0 0.849740 0.586574 0.014063 0.030556
0 0.907161 0.588426 0.015885 0.028704
0 0.683594 0.752778 0.010417 0.024074
0 0.700260 0.807407 0.010417 0.024074
0 0.703646 0.764352 0.015104 0.038889
0 0.727344 0.937731 0.010417 0.062500
0 0.716406 0.915741 0.012500 0.071296
