0 0.194271 0.553704 0.015104 0.016667
0 0.651823 0.657407 0.015625 0.015741
0 0.595573 0.236574 0.016146 0.026852
0 0.596094 0.555093 0.013542 0.025926
0 0.944010 0.558333 0.016667 0.021296
0 0.720182 0.837037 0.011198 0.025926
0 0.664844 0.372685 0.017708 0.014815
0 0.561979 0.215972 0.018229 0.019907
0 0.977995 0.286574 0.018490 0.015741
0 0.729036 0.125000 0.017969 0.015741
0 0.722786 0.879861 0.010156 0.028241
0 0.761328 0.135417 0.014844 0.015278
0 0.647786 0.440046 0.016927 0.012500
0 0.372656 0.404630 0.021875 0.015741
0 0.207161 0.388426 0.014844 0.014815
0 0.105469 0.526157 0.013021 0.013426
0 0.465885 0.410417 0.017708 0.014352
0 0.679036 0.707176 0.013281 0.025463
0 0.597917 0.405324 0.021354 0.016204
0 0.770703 0.047222 0.012760 0.025926
0 0.696484 0.367593 0.024740 0.017593
0 0.145182 0.375000 0.014844 0.014815
0 0.302734 0.399074 0.014844 0.014815
0 0.239193 0.370370 0.019010 0.015741
0 0.051823 0.328241 0.022917 0.018519
0 0.679818 0.137500 0.016927 0.019444
0 0.757422 0.013194 0.012760 0.025463
0 0.781120 0.070833 0.012760 0.025926
0 0.794271 0.156250 0.015625 0.020833
0 0.822656 0.186343 0.015625 0.020833
0 0.707292 0.388889 0.017708 0.014815
0 0.752344 0.379630 0.017708 0.014815
0 0.933594 0.318981 0.017708 0.014815
0 0.872396 0.343981 0.017708 0.014815
0 0.572656 0.515741 0.013542 0.025926
0 0.702214 0.763426 0.013281 0.028704
0 0.724479 0.937269 0.008333 0.028241
0 0.724479 0.982639 0.008333 0.028241
