0 0.728516 0.836111 0.010156 0.027778
0 0.608203 0.603241 0.014323 0.022222
0 0.664193 0.688889 0.014844 0.025926
0 0.842318 0.613194 0.019010 0.027315
0 0.686719 0.688194 0.015625 0.022685
0 0.706901 0.769907 0.012760 0.025926
0 0.784505 0.091204 0.020573 0.018519
0 0.547005 0.198611 0.017969 0.016667
0 0.520833 0.591667 0.018750 0.016667
0 0.603385 0.549306 0.012500 0.024537
0 0.625651 0.116898 0.014323 0.023611
0 0.657813 0.128704 0.017708 0.025000
0 0.567057 0.188194 0.016406 0.018056
0 0.601432 0.164583 0.014323 0.030093
0 0.536198 0.375231 0.019271 0.014352
0 0.644271 0.626852 0.014063 0.021296
0 0.164062 0.391667 0.018229 0.015741
0 0.614062 0.195139 0.012500 0.025463
0 0.699219 0.783333 0.011979 0.025000
0 0.285417 0.404167 0.018229 0.015741
0 0.408333 0.403241 0.018229 0.015741
0 0.344531 0.579630 0.018229 0.015741
0 0.252604 0.222685 0.018229 0.015741
0 0.226823 0.208796 0.018229 0.015741
0 0.488281 0.181481 0.018229 0.015741
0 0.655208 0.377083 0.019271 0.014352
0 0.661328 0.015278 0.013281 0.029630
0 0.746094 0.080324 0.015625 0.017130
0 0.804167 0.046528 0.015625 0.025463
0 0.769531 0.018750 0.015625 0.025463
0 0.852995 0.738194 0.011198 0.031944
0 0.738411 0.834259 0.010156 0.027778
0 0.722266 0.765046 0.009635 0.020833
0 0.721484 0.878241 0.010156 0.027778
0 0.747917 0.937731 0.008854 0.029167
