0 0.669271 0.689583 0.015104 0.014352
0 0.697917 0.856944 0.008854 0.025926
0 0.508073 0.617361 0.015625 0.017130
0 0.750391 0.696296 0.017448 0.018519
0 0.221875 0.457870 0.020313 0.018519
0 0.586849 0.179167 0.012240 0.021296
0 0.694661 0.981250 0.010156 0.021759
0 0.313932 0.595833 0.019531 0.016667
0 0.682682 0.793056 0.009115 0.022222
0 0.676693 0.768750 0.011198 0.023611
0 0.821224 0.176157 0.015885 0.016204
0 0.595313 0.215741 0.013542 0.025000
0 0.700911 0.142593 0.016927 0.018519
0 0.721094 0.017130 0.010417 0.025000
0 0.861068 0.178472 0.015885 0.016204
0 0.848698 0.265509 0.023958 0.049537
0 0.756510 0.158796 0.010937 0.013889
0 0.710677 0.024074 0.010417 0.025000
0 0.717578 0.057870 0.010677 0.025000
0 0.732422 0.051852 0.010677 0.025000
0 0.745703 0.083333 0.010677 0.025000
0 0.729036 0.091667 0.010677 0.025000
0 0.609766 0.092130 0.010677 0.025000
0 0.631510 0.172917 0.013542 0.017130
0 0.828385 0.614352 0.013021 0.025000
0 0.835677 0.706481 0.013021 0.025000
0 0.816797 0.762963 0.015365 0.035185
0 0.660286 0.768287 0.011198 0.023611
0 0.650911 0.782639 0.011198 0.023611
0 0.670964 0.797917 0.011198 0.023611
0 0.680859 0.833565 0.011198 0.023611
0 0.688151 0.873380 0.011198 0.023611
0 0.692578 0.929167 0.009115 0.025000
0 0.048047 0.364583 0.017448 0.017130
0 0.628516 0.409722 0.016406 0.016667
0 0.579688 0.398843 0.020313 0.017130
0 0.479687 0.425926 0.023958 0.016667
0 0.529427 0.237731 0.030208 0.028241
0 0.498568 0.252315 0.027865 0.025000
0 0.467578 0.261574 0.016406 0.016667
0 0.445703 0.257870 0.016406 0.016667
0 0.419922 0.258796 0.016406 0.016667
0 0.384635 0.258565 0.013542 0.014352
0 0.354948 0.258102 0.013542 0.014352
