0 0.813542 0.143519 0.018750 0.019444
0 0.706120 0.830093 0.010156 0.025000
0 0.967318 0.163194 0.016927 0.014352
0 0.689844 0.131019 0.022396 0.023148
0 0.155469 0.554630 0.015104 0.016667
0 0.725521 0.883333 0.008333 0.024074
0 0.633594 0.107870 0.013542 0.028704
0 0.583594 0.211343 0.015104 0.020833
0 0.925521 0.165741 0.017708 0.012037
0 0.466797 0.475231 0.019531 0.016204
0 0.546745 0.223380 0.016927 0.017130
0 0.715495 0.923380 0.008594 0.029167
0 0.657943 0.675231 0.014844 0.018056
0 0.768620 0.057407 0.014323 0.024074
0 0.648438 0.455556 0.019271 0.016667
0 0.421745 0.583102 0.019531 0.014352
0 0.871745 0.159954 0.017969 0.018056
0 0.476823 0.212731 0.018750 0.019907
0 0.793620 0.103009 0.017448 0.027315
0 0.606120 0.572917 0.011198 0.019907
0 0.617318 0.155093 0.016927 0.031481
0 0.042318 0.520370 0.014844 0.016667
0 0.213802 0.398380 0.017188 0.018056
0 0.328516 0.221991 0.019010 0.015278
0 0.643620 0.379630 0.018490 0.019444
0 0.758464 0.069907 0.014323 0.024074
0 0.879297 0.338657 0.019531 0.016204
0 0.977865 0.277083 0.019271 0.016204
0 0.874089 0.462269 0.013281 0.033796
0 0.863021 0.543056 0.013021 0.034259
0 0.694922 0.743056 0.013802 0.030556
0 0.776563 0.923380 0.011458 0.031944
0 0.713151 0.821296 0.010156 0.025000
0 0.727344 0.949769 0.008854 0.029167
