0 0.567057 0.221528 0.009635 0.022685
0 0.657943 0.727083 0.012760 0.026389
0 0.808984 0.186806 0.013281 0.022685
0 0.866146 0.574306 0.016146 0.019907
0 0.608073 0.701157 0.014583 0.023611
0 0.651302 0.155556 0.015625 0.016667
0 0.608984 0.678241 0.013802 0.023148
0 0.658203 0.805556 0.010156 0.022222
0 0.691797 0.146065 0.019010 0.014352
0 0.497005 0.605324 0.014323 0.015278
0 0.213802 0.466898 0.015625 0.015278
0 0.646484 0.025231 0.009115 0.023611
0 0.697005 0.872454 0.007031 0.023611
0 0.015885 0.341435 0.018229 0.018981
0 0.682031 0.796296 0.009375 0.023148
0 0.623047 0.086574 0.013802 0.022222
0 0.792708 0.637500 0.013021 0.020370
0 0.712370 0.034028 0.009115 0.023611
0 0.731901 0.045139 0.009115 0.023611
0 0.749870 0.089120 0.011719 0.023611
0 0.797266 0.204630 0.014323 0.025926
0 0.836068 0.243519 0.012240 0.022222
0 0.831250 0.287500 0.009896 0.025000
0 0.578255 0.239120 0.010677 0.025463
0 0.533073 0.239583 0.012500 0.018056
0 0.518750 0.242361 0.012500 0.018056
0 0.489323 0.248380 0.013021 0.014352
0 0.469661 0.253009 0.015365 0.014352
0 0.435677 0.253241 0.016146 0.014815
0 0.401562 0.252315 0.016146 0.014815
0 0.488021 0.403241 0.016146 0.014815
0 0.378906 0.400926 0.014583 0.011111
0 0.242448 0.410648 0.017708 0.015741
0 0.308984 0.247222 0.013802 0.013889
0 0.544792 0.548611 0.009896 0.024074
0 0.594141 0.625463 0.011719 0.023148
0 0.657682 0.761806 0.012760 0.026389
0 0.680339 0.843519 0.009115 0.028704
0 0.689714 0.929861 0.008073 0.028241
0 0.702995 0.932870 0.008073 0.025000
0 0.702083 0.980324 0.007812 0.022685
0 0.690625 0.989583 0.008333 0.020833
0 0.818880 0.708102 0.010156 0.024537
