0 0.629557 0.151852 0.014323 0.022222
0 0.685807 0.643056 0.013802 0.015741
0 0.767188 0.656481 0.013542 0.015741
0 0.838281 0.115741 0.015625 0.018519
0 0.631901 0.603935 0.019010 0.023611
0 0.454297 0.566435 0.016927 0.018056
0 0.735677 0.753935 0.009896 0.018981
0 0.623047 0.211574 0.011198 0.021296
0 0.051172 0.338657 0.023698 0.019907
0 0.813151 0.076157 0.013281 0.024537
0 0.259115 0.228935 0.024479 0.017130
0 0.724740 0.722685 0.009896 0.021296
0 0.566536 0.584491 0.013802 0.019907
0 0.692969 0.114352 0.018750 0.023148
0 0.579948 0.292130 0.011458 0.022222
0 0.945052 0.333102 0.021875 0.018056
0 0.768099 0.024306 0.011719 0.031019
0 0.856771 0.570370 0.016146 0.023148
0 0.861719 0.193750 0.012500 0.020833
0 0.525260 0.219907 0.025521 0.021296
0 0.550260 0.211343 0.019271 0.018981
0 0.712109 0.721528 0.010156 0.020833
0 0.427995 0.441898 0.023698 0.018056
0 0.581510 0.197917 0.019792 0.018981
0 0.732682 0.791435 0.012760 0.024537
0 0.058464 0.562731 0.023698 0.019907
0 0.130078 0.566435 0.023698 0.019907
0 0.343880 0.572917 0.023698 0.019907
0 0.615755 0.619213 0.013802 0.019907
0 0.615365 0.527083 0.030729 0.063426
0 0.666406 0.435648 0.018229 0.016667
0 0.598047 0.299769 0.010677 0.025463
0 0.786068 0.021528 0.014844 0.032870
0 0.839583 0.160417 0.014063 0.018056
0 0.969792 0.260417 0.016667 0.013426
0 0.908464 0.437500 0.010156 0.029630
0 0.992057 0.448380 0.015885 0.018981
0 0.825391 0.825231 0.011719 0.034722
0 0.724740 0.819213 0.014063 0.038426
0 0.739062 0.840278 0.012500 0.025926
0 0.746094 0.812963 0.011979 0.023148
0 0.754687 0.923843 0.009375 0.026389
0 0.744531 0.940046 0.007292 0.031944
0 0.755729 0.989120 0.008333 0.021759
