0 0.636849 0.651620 0.014323 0.023611
0 0.670052 0.707639 0.011979 0.021759
0 0.993750 0.189815 0.012500 0.017593
0 0.790495 0.091435 0.010156 0.023611
0 0.714453 0.869676 0.010156 0.023611
0 0.611979 0.227778 0.013021 0.022222
0 0.767057 0.074537 0.012240 0.031481
0 0.990495 0.328704 0.016406 0.015741
0 0.891797 0.185417 0.017448 0.018056
0 0.651302 0.091898 0.013542 0.026389
0 0.688932 0.146296 0.019531 0.022222
0 0.537760 0.231250 0.016667 0.014352
0 0.567448 0.218056 0.021354 0.023148
0 0.707682 0.956481 0.008073 0.027778
0 0.093880 0.315741 0.017448 0.015741
0 0.822917 0.156019 0.016146 0.019444
0 0.232682 0.540972 0.020052 0.018056
0 0.373828 0.390741 0.017448 0.015741
0 0.408464 0.200000 0.017448 0.015741
0 0.304688 0.367130 0.019271 0.018519
0 0.667969 0.378472 0.016667 0.014352
0 0.779427 0.361806 0.016667 0.014352
0 0.581380 0.322454 0.010156 0.031944
0 0.778255 0.065741 0.011719 0.027778
0 0.751693 0.014815 0.011719 0.027778
0 0.762891 0.020833 0.011719 0.027778
0 0.589583 0.541435 0.013021 0.023611
0 0.866146 0.537269 0.013021 0.023611
0 0.825781 0.704861 0.012500 0.031019
0 0.680990 0.771065 0.013542 0.029167
0 0.692839 0.822454 0.010677 0.028241
0 0.705469 0.892130 0.007812 0.025926
