0 0.712240 0.648611 0.015104 0.015741
0 0.639844 0.615972 0.018750 0.020833
0 0.702604 0.704630 0.013542 0.025926
0 0.909245 0.543519 0.014844 0.022222
0 0.248047 0.558796 0.017448 0.017593
0 0.939974 0.490509 0.018490 0.022685
0 0.732292 0.073843 0.018229 0.017130
0 0.847266 0.159259 0.015885 0.025926
0 0.730990 0.773148 0.010937 0.026852
0 0.201172 0.547454 0.016927 0.016204
0 0.837370 0.744676 0.012240 0.026389
0 0.800000 0.398380 0.017188 0.018056
0 0.799609 0.102315 0.015885 0.017593
0 0.769271 0.010648 0.010937 0.020370
0 0.842839 0.118287 0.014844 0.018056
0 0.734766 0.745139 0.010156 0.022685
0 0.518490 0.218519 0.018229 0.013889
0 0.484766 0.568287 0.017448 0.016204
0 0.598307 0.188657 0.016927 0.023611
0 0.720052 0.700926 0.011458 0.024074
0 0.640755 0.173843 0.014323 0.028241
0 0.744141 0.776389 0.010677 0.025000
0 0.775260 0.035880 0.011458 0.019907
0 0.719661 0.781481 0.011198 0.022222
0 0.766797 0.103704 0.016406 0.016667
0 0.619010 0.519907 0.013542 0.029630
0 0.456641 0.224537 0.016406 0.014815
0 0.493620 0.195139 0.015885 0.015278
0 0.547786 0.211574 0.015365 0.018519
0 0.569401 0.204861 0.016406 0.016204
0 0.620964 0.218056 0.011198 0.026852
0 0.606510 0.264120 0.011979 0.030093
0 0.791276 0.031250 0.013281 0.025463
0 0.762500 0.389120 0.017188 0.018056
0 0.872005 0.568056 0.014844 0.022222
0 0.813932 0.849306 0.012240 0.026389
0 0.693099 0.712500 0.012760 0.022222
0 0.754687 0.840509 0.008854 0.025463
0 0.734375 0.856250 0.008333 0.026389
0 0.747656 0.880324 0.008854 0.023611
0 0.757812 0.905787 0.008333 0.025463
0 0.758724 0.962731 0.008073 0.028241
