0 0.909635 0.531481 0.019271 0.021296
0 0.664583 0.666204 0.014583 0.022222
0 0.791667 0.029861 0.014063 0.022685
0 0.844531 0.613889 0.016667 0.025000
0 0.723568 0.842361 0.011719 0.026389
0 0.612760 0.618056 0.018229 0.026852
0 0.875521 0.222917 0.013021 0.023611
0 0.245182 0.403241 0.023177 0.015741
0 0.629948 0.613657 0.016667 0.027315
0 0.713281 0.091667 0.019271 0.018519
0 0.537370 0.601157 0.022656 0.021759
0 0.691667 0.434722 0.019271 0.016667
0 0.168750 0.209028 0.021354 0.014352
0 0.586328 0.257870 0.009635 0.031481
0 0.706901 0.737037 0.013281 0.025926
0 0.573568 0.240046 0.011719 0.031944
0 0.438281 0.407176 0.018229 0.012500
0 0.396745 0.197222 0.021094 0.014815
0 0.263281 0.226620 0.021354 0.014352
0 0.322917 0.226620 0.018229 0.014352
0 0.435417 0.218287 0.018229 0.014352
0 0.498047 0.382407 0.023177 0.015741
0 0.602734 0.386343 0.020573 0.013426
0 0.706380 0.348148 0.019531 0.015741
0 0.607943 0.199537 0.014323 0.030556
0 0.579297 0.297917 0.010677 0.031944
0 0.556120 0.319213 0.010677 0.031944
0 0.642057 0.142824 0.027344 0.041204
0 0.839323 0.117361 0.014063 0.022685
0 0.895052 0.290509 0.017188 0.018056
0 0.984896 0.318287 0.017188 0.018056
0 0.929688 0.364352 0.022396 0.019444
0 0.886458 0.566667 0.016146 0.031481
0 0.731380 0.809722 0.013281 0.025926
