0 0.658854 0.629861 0.015104 0.018056
0 0.698958 0.673611 0.015104 0.021296
0 0.034375 0.337731 0.014583 0.018056
0 0.658333 0.079167 0.011458 0.030556
0 0.817448 0.086343 0.012500 0.019907
0 0.598698 0.298611 0.009896 0.025000
0 0.582422 0.198380 0.023177 0.020833
0 0.640495 0.178935 0.031510 0.055093
0 0.726432 0.774537 0.009635 0.025926
0 0.895052 0.128704 0.017708 0.015741
0 0.731120 0.740741 0.008594 0.021296
0 0.794271 0.643056 0.015104 0.015741
0 0.175781 0.444676 0.017188 0.017130
0 0.706380 0.721528 0.011198 0.019907
0 0.678255 0.018056 0.012240 0.027778
0 0.615104 0.240509 0.010937 0.026389
0 0.111068 0.226852 0.020573 0.012963
0 0.217839 0.391204 0.013802 0.016667
0 0.740885 0.783796 0.009896 0.021296
0 0.039844 0.244676 0.014583 0.018056
0 0.191927 0.222222 0.018750 0.013889
0 0.182292 0.367361 0.016146 0.015278
0 0.548568 0.459722 0.013802 0.018519
0 0.598698 0.520602 0.010417 0.027315
0 0.627734 0.562269 0.010677 0.021759
0 0.685547 0.686343 0.013281 0.023611
0 0.740625 0.844444 0.007812 0.026852
0 0.730729 0.855093 0.009896 0.031481
0 0.746094 0.924537 0.007812 0.026852
0 0.738281 0.965278 0.007812 0.026852
0 0.897266 0.522454 0.013281 0.039352
0 0.809766 0.882870 0.007552 0.022222
0 0.912109 0.429398 0.013281 0.039352
0 0.789453 0.028472 0.012240 0.027315
0 0.862240 0.129398 0.017188 0.019907
