0 0.894661 0.492593 0.015365 0.030556
0 0.656120 0.082639 0.014844 0.025463
0 0.941797 0.498843 0.014323 0.022685
0 0.921224 0.521065 0.017969 0.018056
0 0.018490 0.414120 0.016146 0.018056
0 0.805339 0.635185 0.017969 0.021296
0 0.622786 0.176157 0.013281 0.020833
0 0.319792 0.577546 0.018229 0.017130
0 0.722266 0.711806 0.011719 0.025463
0 0.604427 0.598380 0.019271 0.017130
0 0.551042 0.580093 0.017188 0.017593
0 0.706771 0.714815 0.013542 0.026852
0 0.172266 0.431481 0.019010 0.014815
0 0.055078 0.234722 0.021094 0.017593
0 0.730859 0.791204 0.011719 0.025000
0 0.706250 0.678009 0.012500 0.021759
0 0.678776 0.664352 0.013802 0.022222
0 0.722135 0.751157 0.013021 0.023611
0 0.461068 0.569444 0.017448 0.016667
0 0.956120 0.480787 0.017969 0.021759
0 0.854167 0.656713 0.015104 0.025463
0 0.688542 0.120833 0.016667 0.022222
0 0.740625 0.766898 0.010937 0.023611
0 0.067187 0.570370 0.018750 0.015741
0 0.225781 0.558333 0.018229 0.018519
0 0.729557 0.840972 0.010156 0.027315
0 0.757682 0.938426 0.009115 0.028704
0 0.590755 0.448380 0.019531 0.018056
0 0.520182 0.224306 0.014844 0.017130
0 0.784505 0.023611 0.012760 0.026852
0 0.857161 0.149074 0.014844 0.025000
0 0.880859 0.239583 0.013281 0.029167
0 0.827214 0.895602 0.011198 0.029167
0 0.747786 0.961574 0.009115 0.033333
0 0.755859 0.887963 0.009115 0.028704
0 0.747786 0.905556 0.009115 0.028704
0 0.741406 0.865278 0.010417 0.027778
0 0.751953 0.834954 0.010156 0.027315
0 0.738411 0.823380 0.010156 0.027315
0 0.747917 0.804861 0.010937 0.026389
