0 0.690625 0.675926 0.012500 0.016667
0 0.767969 0.124306 0.013542 0.019907
0 0.716797 0.767824 0.010677 0.019907
0 0.873047 0.654861 0.013802 0.025463
0 0.674219 0.683565 0.015625 0.019907
0 0.733073 0.842824 0.012500 0.024537
0 0.185417 0.570602 0.014063 0.015278
0 0.738411 0.880787 0.012240 0.026389
0 0.784115 0.069676 0.011979 0.023611
0 0.725130 0.799537 0.012760 0.024074
0 0.694271 0.064352 0.012500 0.022222
0 0.110937 0.567361 0.019792 0.019907
0 0.456901 0.409954 0.019531 0.014352
0 0.311068 0.581019 0.017448 0.016667
0 0.145182 0.573611 0.019531 0.018519
0 0.274089 0.400926 0.017448 0.015741
0 0.872656 0.574306 0.018229 0.019907
0 0.610807 0.622454 0.015365 0.017130
0 0.890234 0.162037 0.017969 0.017593
0 0.725911 0.747917 0.011198 0.018981
0 0.800000 0.068519 0.009896 0.024074
0 0.977474 0.164352 0.017448 0.015741
0 0.320312 0.383796 0.021354 0.014815
0 0.353125 0.406250 0.016146 0.015278
0 0.576432 0.386806 0.020052 0.014352
0 0.697786 0.726620 0.015365 0.025463
0 0.744531 0.827546 0.011979 0.029167
0 0.751432 0.880787 0.012240 0.028241
0 0.742448 0.928704 0.013542 0.031481
0 0.752214 0.922917 0.010677 0.026389
0 0.732161 0.947685 0.008073 0.029630
0 0.751302 0.971759 0.009896 0.029630
0 0.741146 0.984259 0.010937 0.031481
0 0.898958 0.491435 0.009375 0.036574
0 0.795703 0.348380 0.020573 0.015278
0 0.610807 0.532639 0.016406 0.026389
0 0.909115 0.335185 0.020313 0.021296
0 0.938411 0.163889 0.016927 0.016667
0 0.768229 0.026852 0.016667 0.029630
0 0.713932 0.129861 0.019531 0.017130
0 0.672266 0.017361 0.014323 0.027315
0 0.630859 0.224769 0.011719 0.027315
0 0.609766 0.217824 0.014844 0.030093
0 0.585026 0.220370 0.018490 0.014815
0 0.555339 0.232639 0.015365 0.015278
0 0.513021 0.202778 0.030729 0.023148
0 0.513542 0.240509 0.018229 0.017130
0 0.411589 0.239583 0.014844 0.020833
0 0.433203 0.238426 0.016406 0.018519
