0 0.547917 0.376157 0.016667 0.013426
0 0.650781 0.628241 0.014063 0.022222
0 0.747005 0.813657 0.010677 0.026389
0 0.680599 0.637963 0.013802 0.021296
0 0.109766 0.428935 0.016927 0.015278
0 0.660156 0.090972 0.013021 0.024537
0 0.708464 0.684954 0.012760 0.024537
0 0.732812 0.782176 0.011979 0.026389
0 0.706641 0.716898 0.012240 0.025463
0 0.738411 0.760648 0.012760 0.030556
0 0.828906 0.140509 0.015104 0.021759
0 0.743099 0.851157 0.009635 0.030093
0 0.793359 0.028009 0.014323 0.029167
0 0.772656 0.028241 0.013021 0.033333
0 0.233333 0.217130 0.016146 0.016667
0 0.746484 0.102546 0.016927 0.018981
0 0.020182 0.343981 0.017969 0.016667
0 0.756641 0.878009 0.009115 0.027315
0 0.627474 0.090741 0.015885 0.029630
0 0.099089 0.522454 0.016927 0.016204
0 0.357552 0.214120 0.014583 0.016204
0 0.878646 0.580093 0.016667 0.025000
0 0.240365 0.392130 0.016146 0.016667
0 0.633984 0.198843 0.013802 0.027315
0 0.610677 0.216204 0.010417 0.024074
0 0.596354 0.256944 0.010417 0.024074
0 0.588672 0.199537 0.016927 0.018519
0 0.564453 0.209954 0.017448 0.018981
0 0.960807 0.139583 0.015365 0.015278
0 0.971875 0.262963 0.018750 0.018519
0 0.989583 0.277315 0.018750 0.018519
0 0.848307 0.703472 0.012760 0.031944
0 0.572005 0.586111 0.017969 0.016667
0 0.745182 0.906250 0.009115 0.027315
0 0.755990 0.987500 0.007812 0.025000
0 0.746484 0.989815 0.007552 0.020370
