0 0.967448 0.169213 0.018229 0.015278
0 0.051302 0.250694 0.019271 0.017130
0 0.610286 0.183102 0.014323 0.029167
0 0.099609 0.247685 0.016406 0.015741
0 0.772917 0.072454 0.009896 0.025463
0 0.597005 0.564120 0.013281 0.021759
0 0.649609 0.054861 0.011719 0.020833
0 0.012630 0.516667 0.017448 0.022222
0 0.532943 0.415278 0.023698 0.012963
0 0.988411 0.352546 0.018490 0.018981
0 0.225130 0.245833 0.016927 0.016667
0 0.254557 0.411806 0.019531 0.013426
0 0.589974 0.382639 0.023698 0.014352
0 0.421484 0.418056 0.020573 0.013889
0 0.623828 0.654398 0.032552 0.053241
0 0.711328 0.860185 0.009115 0.027778
0 0.708984 0.776620 0.012240 0.028241
0 0.501042 0.235648 0.017188 0.018519
0 0.385286 0.394676 0.019531 0.013426
0 0.564323 0.213426 0.017188 0.018519
0 0.790885 0.366204 0.017188 0.018519
0 0.840104 0.337500 0.017188 0.018519
0 0.622396 0.136111 0.011979 0.027778
0 0.572656 0.279630 0.011979 0.027778
0 0.779167 0.123148 0.011979 0.027778
0 0.753125 0.069444 0.011979 0.027778
0 0.835938 0.215046 0.014583 0.031019
0 0.769271 0.348148 0.036458 0.025926
0 0.656901 0.671528 0.032552 0.053241
0 0.700651 0.797454 0.012240 0.028241
0 0.678776 0.738657 0.012240 0.028241
0 0.719401 0.822222 0.010156 0.030556
0 0.727474 0.891204 0.009115 0.027778
0 0.728516 0.943519 0.009115 0.027778
