0 0.574089 0.212500 0.017969 0.016667
0 0.631380 0.635417 0.014844 0.025463
0 0.948958 0.563657 0.018229 0.020833
0 0.632812 0.668287 0.014583 0.025463
0 0.681120 0.721759 0.013802 0.025926
0 0.844792 0.234954 0.011979 0.023611
0 0.720703 0.131481 0.016927 0.018519
0 0.507161 0.228009 0.020573 0.014352
0 0.788672 0.658102 0.018490 0.025463
0 0.534766 0.224074 0.020573 0.015741
0 0.410547 0.395139 0.021094 0.013426
0 0.556641 0.211574 0.017448 0.016667
0 0.963411 0.191435 0.016927 0.012500
0 0.876953 0.335648 0.017969 0.013889
0 0.618490 0.160417 0.016146 0.031944
0 0.579818 0.294907 0.011719 0.029630
0 0.664974 0.387269 0.021094 0.013426
0 0.743099 0.383796 0.021094 0.020370
0 0.680859 0.013657 0.014323 0.026389
0 0.746745 0.120370 0.016927 0.018519
0 0.775130 0.134722 0.016927 0.018519
0 0.818099 0.160648 0.016927 0.018519
0 0.864062 0.232176 0.012500 0.023611
0 0.851302 0.568056 0.015104 0.030556
0 0.883854 0.493981 0.015104 0.030556
0 0.708594 0.812731 0.011979 0.034722
0 0.784635 0.842361 0.011979 0.034722
0 0.761719 0.978009 0.011979 0.034722
0 0.716797 0.900926 0.008594 0.029630
0 0.714453 0.985185 0.008594 0.029630
