0 0.673047 0.165278 0.013281 0.016667
0 0.674740 0.673611 0.012500 0.020370
0 0.637240 0.629398 0.016146 0.017130
0 0.704948 0.729167 0.012500 0.024074
0 0.006771 0.176389 0.013021 0.014815
0 0.917057 0.495139 0.010677 0.029167
0 0.775260 0.129630 0.014583 0.013889
0 0.893490 0.588426 0.011458 0.024074
0 0.506120 0.568519 0.014323 0.014815
0 0.072135 0.470139 0.015625 0.017130
0 0.724089 0.778472 0.012240 0.026389
0 0.935677 0.561343 0.016146 0.019907
0 0.742969 0.126852 0.017188 0.019444
0 0.958854 0.186574 0.014583 0.015741
0 0.843750 0.165278 0.020313 0.025926
0 0.741146 0.910880 0.007292 0.025463
0 0.250391 0.206250 0.016406 0.015278
0 0.625781 0.269676 0.011979 0.026389
0 0.701432 0.678472 0.012240 0.021759
0 0.134896 0.184722 0.013542 0.012963
0 0.701042 0.048148 0.013021 0.025926
0 0.748698 0.844213 0.009375 0.023611
0 0.015234 0.440046 0.016927 0.019907
0 0.224219 0.346065 0.016667 0.013426
0 0.056771 0.181250 0.015625 0.013426
0 0.198568 0.203704 0.015885 0.015741
0 0.321224 0.212037 0.014844 0.012037
0 0.384245 0.213889 0.014844 0.012037
0 0.420052 0.218750 0.015104 0.016204
0 0.432552 0.374537 0.016146 0.014815
0 0.400521 0.390509 0.016146 0.014352
0 0.483984 0.221759 0.013802 0.012037
0 0.542578 0.224537 0.021094 0.017593
0 0.586979 0.211111 0.031771 0.028704
0 0.742057 0.949306 0.007031 0.023611
0 0.750651 0.983102 0.008594 0.022685
0 0.752734 0.924306 0.008594 0.022685
0 0.739974 0.871065 0.008594 0.022685
0 0.735938 0.821528 0.009375 0.023611
0 0.741406 0.797917 0.009375 0.023611
0 0.723698 0.740278 0.016667 0.037037
