0 0.614583 0.609028 0.016146 0.018056
0 0.928906 0.505093 0.044271 0.047222
0 0.277604 0.567593 0.016667 0.015741
0 0.883984 0.529167 0.014844 0.029630
0 0.431250 0.575231 0.017188 0.018056
0 0.170964 0.228241 0.017969 0.017593
0 0.669531 0.129861 0.013542 0.019907
0 0.839714 0.844444 0.014323 0.035185
0 0.737760 0.799074 0.011458 0.028704
0 0.708073 0.712500 0.011979 0.025000
0 0.251432 0.394444 0.014844 0.012963
0 0.797786 0.100926 0.014844 0.017593
0 0.500911 0.571991 0.020052 0.014352
0 0.772396 0.038889 0.014583 0.028704
0 0.749219 0.910185 0.009375 0.026852
0 0.716016 0.104398 0.016927 0.018981
0 0.751172 0.815972 0.013802 0.028241
0 0.759115 0.956481 0.009896 0.026852
0 0.986979 0.450694 0.014583 0.021759
0 0.063021 0.570139 0.015625 0.016204
0 0.869271 0.206481 0.014063 0.024074
0 0.815755 0.964815 0.014323 0.025926
0 0.260026 0.221528 0.020052 0.018056
0 0.736979 0.753009 0.013542 0.028241
0 0.720052 0.661111 0.018229 0.016667
0 0.345313 0.236574 0.017708 0.015741
0 0.475651 0.230787 0.016406 0.015278
0 0.562240 0.209491 0.022917 0.022685
0 0.637240 0.362500 0.018229 0.015741
0 0.783594 0.015509 0.016146 0.029167
0 0.799740 0.051389 0.015104 0.028704
0 0.858984 0.122454 0.017448 0.014352
0 0.749479 0.981944 0.009375 0.024074
0 0.758854 0.984259 0.009375 0.024074
0 0.749219 0.951852 0.009896 0.026852
0 0.740104 0.949537 0.007812 0.024074
0 0.757812 0.917593 0.009375 0.026852
0 0.758854 0.883796 0.009375 0.026852
0 0.756510 0.851389 0.009375 0.026852
0 0.743359 0.834491 0.010156 0.028241
0 0.744792 0.863657 0.009375 0.020833
0 0.745573 0.780556 0.011458 0.028704
0 0.728125 0.765741 0.011458 0.026852
0 0.718229 0.741204 0.011458 0.026852
0 0.725260 0.718519 0.017188 0.038889
0 0.719010 0.784722 0.017188 0.038889
