0 0.091406 0.404861 0.017708 0.014352
0 0.629818 0.158796 0.014323 0.023148
0 0.744922 0.910880 0.011198 0.026389
0 0.604688 0.544213 0.009375 0.018056
0 0.595313 0.367361 0.015104 0.018056
0 0.934505 0.504167 0.017969 0.020370
0 0.654948 0.643750 0.012500 0.020833
0 0.772135 0.090741 0.013021 0.021296
0 0.688151 0.691898 0.014844 0.019907
0 0.004818 0.323148 0.009115 0.015741
0 0.820182 0.812037 0.010677 0.025926
0 0.634635 0.568056 0.013021 0.021296
0 0.247135 0.453009 0.018229 0.016204
0 0.743750 0.781019 0.010417 0.024074
0 0.727734 0.777546 0.011198 0.019907
0 0.465755 0.400463 0.017448 0.017593
0 0.303776 0.575694 0.018490 0.015278
0 0.862760 0.633796 0.013021 0.023148
0 0.667318 0.033796 0.013802 0.023148
0 0.773438 0.059722 0.013021 0.023148
0 0.740365 0.855787 0.009896 0.025463
0 0.744661 0.980787 0.008594 0.025463
0 0.081510 0.423380 0.015625 0.014352
0 0.508984 0.397222 0.017448 0.017593
0 0.683724 0.128241 0.014323 0.023148
0 0.839714 0.124074 0.013802 0.019444
0 0.793880 0.034954 0.023177 0.047685
0 0.880208 0.180556 0.031250 0.064815
0 0.772396 0.347685 0.015625 0.020370
0 0.970443 0.259722 0.018490 0.019444
0 0.771094 0.019907 0.022396 0.037963
0 0.898047 0.441898 0.008073 0.023611
0 0.986458 0.460880 0.014583 0.016204
0 0.844922 0.688194 0.011719 0.024537
0 0.830599 0.871759 0.010677 0.025926
0 0.694661 0.663657 0.034115 0.053241
0 0.749219 0.831944 0.008854 0.025000
0 0.755208 0.910880 0.009375 0.028241
0 0.756120 0.969676 0.008594 0.025463
