0 0.886328 0.552778 0.013281 0.024074
0 0.596745 0.552778 0.013802 0.028704
0 0.626823 0.645602 0.013542 0.025463
0 0.625781 0.674306 0.011979 0.018056
0 0.678125 0.692130 0.016146 0.026852
0 0.696875 0.763426 0.010937 0.023148
0 0.987500 0.145602 0.016667 0.017130
0 0.230859 0.441204 0.018490 0.016667
0 0.745443 0.104167 0.018490 0.017593
0 0.670833 0.128009 0.014063 0.025463
0 0.623437 0.038889 0.014583 0.024074
0 0.345313 0.403472 0.020313 0.018056
0 0.663802 0.705093 0.014063 0.024074
0 0.084375 0.432870 0.018750 0.018519
0 0.723958 0.906944 0.009896 0.031481
0 0.932682 0.527778 0.015885 0.020370
0 0.908464 0.545833 0.014844 0.023148
0 0.705990 0.799537 0.010417 0.025000
0 0.726953 0.958565 0.007552 0.024537
0 0.217448 0.372917 0.020833 0.015278
0 0.727083 0.835648 0.011458 0.026852
0 0.735807 0.988889 0.008594 0.022222
0 0.764714 0.028704 0.013281 0.031481
0 0.621745 0.128935 0.014323 0.025463
0 0.773958 0.675694 0.015625 0.020833
0 0.792839 0.119213 0.021094 0.022685
0 0.602083 0.171296 0.015625 0.027778
0 0.221484 0.398148 0.018490 0.016667
0 0.362370 0.583102 0.024219 0.018981
0 0.492188 0.383102 0.020313 0.018056
0 0.468490 0.190046 0.020313 0.018056
0 0.715625 0.353009 0.020313 0.018056
0 0.621875 0.183333 0.015625 0.027778
0 0.847786 0.700926 0.012760 0.027778
0 0.713802 0.781481 0.010417 0.025000
0 0.717969 0.846296 0.011458 0.026852
0 0.737109 0.918981 0.010677 0.029630
