0 0.108203 0.251852 0.021094 0.015741
0 0.654948 0.084491 0.015104 0.033796
0 0.603125 0.207407 0.014583 0.019444
0 0.974870 0.216204 0.016927 0.012037
0 0.730208 0.161806 0.016146 0.015278
0 0.561589 0.440972 0.016927 0.015278
0 0.957943 0.343750 0.045573 0.032870
0 0.426432 0.446296 0.018490 0.014815
0 0.166797 0.240972 0.016927 0.014352
0 0.666406 0.756019 0.025000 0.047222
0 0.721615 0.423611 0.020313 0.015741
0 0.780599 0.168056 0.015365 0.020370
0 0.846484 0.253241 0.014844 0.021296
0 0.604688 0.437731 0.018750 0.014352
0 0.541927 0.421991 0.015625 0.015278
0 0.273438 0.413657 0.020313 0.019907
0 0.053385 0.358565 0.017188 0.019907
0 0.696615 0.917593 0.015625 0.028704
