0 0.711328 0.713657 0.013281 0.025463
0 0.646094 0.646296 0.018750 0.022222
0 0.708333 0.749074 0.011979 0.026852
0 0.028255 0.370833 0.019531 0.017593
0 0.491016 0.580324 0.016406 0.016204
0 0.883203 0.595370 0.016927 0.025000
0 0.164323 0.410880 0.018229 0.016204
0 0.746224 0.108102 0.019531 0.017130
0 0.396615 0.573611 0.016146 0.016667
0 0.800781 0.139583 0.017188 0.021759
0 0.724479 0.795833 0.011458 0.029630
0 0.941276 0.523148 0.018490 0.020370
0 0.610156 0.281481 0.013021 0.032407
0 0.409505 0.230787 0.016927 0.018056
0 0.331380 0.228704 0.017969 0.017593
0 0.688411 0.704861 0.014844 0.024537
0 0.575260 0.600926 0.016667 0.021296
0 0.430208 0.227083 0.018229 0.018981
0 0.368359 0.227546 0.017969 0.018056
0 0.267839 0.229861 0.017969 0.013426
0 0.016146 0.539815 0.018750 0.016667
0 0.292318 0.225463 0.017448 0.017593
0 0.469141 0.234028 0.019010 0.018056
0 0.137500 0.362963 0.019271 0.015741
0 0.620182 0.201157 0.013802 0.026389
0 0.494141 0.202315 0.017969 0.014815
0 0.105990 0.338194 0.018229 0.016204
0 0.512370 0.234722 0.017969 0.014815
0 0.538151 0.225000 0.017969 0.014815
0 0.560677 0.225694 0.019792 0.018056
0 0.581771 0.214583 0.017188 0.016204
0 0.851172 0.144444 0.016406 0.025926
0 0.804297 0.064583 0.014844 0.027315
0 0.793099 0.084028 0.014844 0.027315
0 0.781380 0.053472 0.014844 0.027315
0 0.773568 0.017361 0.014844 0.027315
0 0.792839 0.027083 0.014844 0.027315
0 0.885026 0.256481 0.013802 0.031481
0 0.739062 0.822222 0.011458 0.029630
0 0.746875 0.862500 0.011458 0.029630
0 0.734115 0.845370 0.011458 0.029630
0 0.736458 0.883333 0.011458 0.029630
0 0.733333 0.780556 0.020833 0.052778
0 0.739583 0.925000 0.011458 0.029630
0 0.748307 0.953935 0.009635 0.026389
0 0.738411 0.969676 0.009635 0.026389
0 0.829557 0.782870 0.011719 0.031481
