0 0.668880 0.696528 0.015365 0.022685
0 0.714323 0.815046 0.011458 0.028241
0 0.908464 0.393287 0.018490 0.019907
0 0.010807 0.230787 0.010677 0.013426
0 0.732422 0.122222 0.017969 0.014815
0 0.631641 0.628009 0.013802 0.018981
0 0.588932 0.464815 0.020052 0.014815
0 0.840234 0.396528 0.020573 0.018981
0 0.803385 0.145370 0.018229 0.017593
0 0.706901 0.864815 0.011198 0.033333
0 0.829818 0.201389 0.016406 0.026852
0 0.594271 0.260417 0.013542 0.028241
0 0.697005 0.753009 0.012240 0.026389
0 0.990495 0.273843 0.007552 0.014352
0 0.163672 0.367593 0.021094 0.016667
0 0.217708 0.439120 0.016146 0.014352
0 0.722917 0.888889 0.009896 0.028704
0 0.758984 0.019907 0.012240 0.027778
0 0.283854 0.470602 0.017708 0.015278
0 0.773568 0.055093 0.013281 0.025926
0 0.470833 0.390509 0.017708 0.015278
0 0.601562 0.378935 0.017708 0.015278
0 0.502604 0.238194 0.017708 0.015278
0 0.463802 0.240046 0.017708 0.015278
0 0.557552 0.219676 0.017708 0.015278
0 0.610938 0.106944 0.017188 0.018519
0 0.575781 0.317130 0.012500 0.034259
0 0.783464 0.080093 0.013281 0.025926
0 0.722917 0.385417 0.017708 0.015278
0 0.750781 0.358565 0.017708 0.015278
0 0.869271 0.344213 0.017708 0.015278
0 0.967187 0.310648 0.022396 0.020370
0 0.860417 0.547917 0.013542 0.033796
0 0.702214 0.896759 0.011198 0.033333
0 0.705339 0.975231 0.008073 0.031019
0 0.785807 0.864120 0.008073 0.031019
0 0.773828 0.942361 0.008073 0.031019
0 0.767839 0.984491 0.008073 0.031019
