0 0.607682 0.553935 0.012760 0.026389
0 0.921615 0.515972 0.014583 0.018981
0 0.843620 0.620139 0.015885 0.023611
0 0.824740 0.106019 0.017188 0.024074
0 0.937240 0.492593 0.017708 0.019444
0 0.727734 0.779630 0.011719 0.026852
0 0.655990 0.086806 0.014063 0.027315
0 0.741146 0.825000 0.010417 0.025926
0 0.689453 0.681944 0.013802 0.025000
0 0.678125 0.689583 0.012500 0.020833
0 0.329818 0.569907 0.017448 0.015741
0 0.610026 0.109954 0.015885 0.026389
0 0.712109 0.732176 0.013281 0.023611
0 0.646224 0.622222 0.017448 0.020370
0 0.805729 0.893981 0.010417 0.028704
0 0.607682 0.248380 0.012760 0.027315
0 0.748177 0.337731 0.017188 0.017130
0 0.740365 0.778009 0.010417 0.025463
0 0.721484 0.801157 0.011719 0.022685
0 0.024219 0.561574 0.017188 0.016667
0 0.041667 0.341898 0.021875 0.019907
0 0.636589 0.442593 0.021615 0.020370
0 0.596354 0.303472 0.012500 0.032870
0 0.441406 0.206019 0.019271 0.018519
0 0.869271 0.203472 0.014063 0.026389
0 0.738021 0.358102 0.017188 0.017130
0 0.706120 0.680093 0.013802 0.025000
0 0.725391 0.721528 0.012760 0.025463
0 0.750781 0.826852 0.010417 0.025926
0 0.755469 0.880787 0.008854 0.025463
0 0.745313 0.888657 0.008333 0.034722
0 0.747005 0.956944 0.008594 0.032407
