0 0.610547 0.650694 0.014323 0.027315
0 0.168099 0.250694 0.020573 0.016204
0 0.790625 0.190046 0.018750 0.022685
0 0.725000 0.150231 0.019271 0.017130
0 0.706120 0.868981 0.009115 0.026852
0 0.680469 0.774074 0.013021 0.025000
0 0.712370 0.932639 0.008073 0.026389
0 0.055339 0.376157 0.019010 0.017130
0 0.591667 0.271296 0.014583 0.026852
0 0.561719 0.245833 0.015625 0.018519
0 0.634896 0.414815 0.042708 0.016667
0 0.166667 0.386806 0.018750 0.018981
0 0.759115 0.155093 0.019271 0.018519
0 0.694792 0.162269 0.021875 0.019907
0 0.673047 0.145370 0.017448 0.018519
0 0.696875 0.825231 0.013021 0.027315
0 0.355599 0.415278 0.042969 0.019444
0 0.544792 0.644444 0.021354 0.025000
0 0.694271 0.881481 0.009375 0.026852
0 0.663542 0.063426 0.012500 0.031481
