0 0.629818 0.196296 0.010677 0.014815
0 0.716536 0.711111 0.012240 0.025000
0 0.791536 0.132407 0.019531 0.020370
0 0.724349 0.137037 0.013281 0.016667
0 0.613151 0.551620 0.010677 0.021759
0 0.658464 0.148148 0.014844 0.025926
0 0.290625 0.356250 0.016667 0.014352
0 0.744271 0.816667 0.009896 0.026852
0 0.151302 0.199306 0.016667 0.017130
0 0.566667 0.587731 0.016146 0.017130
0 0.687370 0.660417 0.015885 0.017130
0 0.158724 0.502315 0.015885 0.016667
0 0.690625 0.159954 0.016667 0.021759
0 0.292839 0.211806 0.014844 0.013426
0 0.210026 0.204861 0.017448 0.014352
0 0.716927 0.758333 0.012500 0.023148
0 0.241667 0.366204 0.015625 0.015741
0 0.531120 0.226157 0.020573 0.017130
0 0.046484 0.183102 0.016927 0.015278
0 0.353125 0.213657 0.014063 0.012500
0 0.105208 0.483565 0.017708 0.017130
0 0.935417 0.561574 0.016146 0.021296
0 0.079557 0.308333 0.015885 0.016667
0 0.388281 0.217130 0.016667 0.013889
0 0.455990 0.218981 0.016667 0.013889
0 0.580599 0.213657 0.030469 0.025463
0 0.888802 0.165509 0.014583 0.016204
0 0.894010 0.344676 0.014583 0.016204
0 0.852474 0.371759 0.015885 0.016667
0 0.919792 0.479861 0.008854 0.027315
0 0.805339 0.923843 0.010677 0.026389
0 0.831771 0.901157 0.010417 0.023611
0 0.699609 0.715741 0.011719 0.020370
0 0.734245 0.770833 0.015885 0.034259
0 0.729688 0.798611 0.009896 0.026852
0 0.738411 0.841204 0.008073 0.024074
0 0.751432 0.863426 0.008073 0.024074
0 0.741016 0.885648 0.008073 0.024074
0 0.741667 0.922685 0.006771 0.025926
0 0.742578 0.962037 0.008073 0.024074
0 0.751953 0.947685 0.008073 0.024074
0 0.619401 0.513889 0.008594 0.020370
