0 0.576042 0.196296 0.009896 0.021296
0 0.747656 0.154630 0.012500 0.016667
0 0.634896 0.693519 0.011979 0.019444
0 0.602474 0.671991 0.013802 0.018056
0 0.139583 0.577546 0.017188 0.015278
0 0.297786 0.589815 0.015365 0.013889
0 0.571224 0.616204 0.011198 0.024074
0 0.635547 0.728241 0.010677 0.021296
0 0.869661 0.559954 0.015365 0.018981
0 0.686068 0.887500 0.011198 0.026852
0 0.691406 0.956481 0.008333 0.023148
0 0.670703 0.762731 0.010156 0.024537
0 0.823047 0.427546 0.020052 0.015278
0 0.723177 0.021065 0.008333 0.019907
0 0.514844 0.241204 0.014583 0.016667
0 0.844401 0.290509 0.009115 0.025463
0 0.264323 0.257176 0.014583 0.016204
0 0.533984 0.234259 0.014844 0.016667
0 0.541667 0.307407 0.008854 0.026852
0 0.621224 0.182870 0.013281 0.023148
0 0.637630 0.051157 0.010677 0.032870
0 0.717969 0.063889 0.009375 0.024074
0 0.737109 0.068750 0.012760 0.028241
0 0.730599 0.096759 0.011198 0.026852
0 0.788411 0.198611 0.014844 0.022222
0 0.837630 0.340741 0.014323 0.013889
0 0.872005 0.328009 0.013281 0.018981
0 0.950911 0.297685 0.018490 0.014815
0 0.881641 0.612731 0.010677 0.021759
0 0.562891 0.553241 0.011198 0.024074
0 0.586068 0.611574 0.011198 0.024074
0 0.669141 0.802083 0.010156 0.024537
0 0.687109 0.824769 0.009115 0.026389
0 0.701562 0.962963 0.008333 0.023148
0 0.701302 0.907407 0.008333 0.023148
