0 0.573047 0.614352 0.010677 0.025926
0 0.507943 0.445602 0.017448 0.013426
0 0.644922 0.193519 0.017969 0.023148
0 0.625651 0.716667 0.014323 0.021296
0 0.444271 0.422685 0.019271 0.015741
0 0.721745 0.164120 0.017448 0.018981
0 0.812891 0.183796 0.016406 0.015741
0 0.667969 0.755556 0.012500 0.023148
0 0.769271 0.394444 0.021354 0.012037
0 0.419271 0.447685 0.018229 0.014815
0 0.619922 0.671065 0.016406 0.025463
0 0.029818 0.361343 0.020573 0.016204
0 0.580599 0.581481 0.010677 0.025926
0 0.701823 0.414352 0.018229 0.014815
0 0.704818 0.865972 0.010677 0.026389
0 0.567318 0.358565 0.012240 0.029167
0 0.596094 0.262963 0.013021 0.025926
0 0.776563 0.168519 0.017188 0.015741
0 0.951172 0.220139 0.016927 0.015278
0 0.854167 0.457407 0.018750 0.014815
0 0.942969 0.596991 0.040625 0.045833
0 0.714063 0.964815 0.007812 0.025000
