0 0.692448 0.693519 0.030729 0.025926
0 0.971875 0.544444 0.019271 0.023148
0 0.563021 0.193981 0.015625 0.016667
0 0.804297 0.106481 0.020052 0.021296
0 0.816146 0.642130 0.016667 0.020370
0 0.289323 0.218056 0.015625 0.013889
0 0.854818 0.125694 0.020052 0.019907
0 0.599870 0.217130 0.010677 0.026852
0 0.782943 0.073843 0.010677 0.022685
0 0.739844 0.684491 0.018750 0.015278
0 0.055599 0.215741 0.017448 0.011111
0 0.257943 0.198380 0.020052 0.018056
0 0.695573 0.097454 0.016146 0.019907
0 0.126302 0.215509 0.019271 0.014352
0 0.327214 0.199769 0.016406 0.015278
0 0.422396 0.402546 0.016146 0.015278
0 0.534896 0.206019 0.016146 0.015741
0 0.680469 0.358102 0.016146 0.016204
0 0.759896 0.363194 0.016146 0.016204
0 0.802995 0.063194 0.016406 0.029167
0 0.781901 0.016667 0.015885 0.032407
0 0.868099 0.205556 0.013802 0.028704
0 0.941146 0.281944 0.016146 0.016667
0 0.826172 0.783333 0.011198 0.030556
0 0.846094 0.802546 0.011979 0.028241
0 0.821094 0.925694 0.012500 0.031944
0 0.691146 0.750231 0.015104 0.030093
