0 0.772526 0.028472 0.013281 0.032870
0 0.628646 0.656019 0.016146 0.024074
0 0.599870 0.170370 0.014323 0.030556
0 0.601823 0.609028 0.012500 0.029167
0 0.535417 0.207407 0.019271 0.016667
0 0.517188 0.213194 0.014583 0.016204
0 0.153516 0.196296 0.017969 0.015741
0 0.830339 0.111343 0.018490 0.018981
0 0.892188 0.234028 0.015625 0.019907
0 0.641146 0.156019 0.016667 0.026852
0 0.604948 0.216667 0.015104 0.029630
0 0.494271 0.214120 0.016146 0.015278
0 0.057422 0.331944 0.017969 0.015741
0 0.561198 0.201157 0.021354 0.026389
0 0.771875 0.359954 0.018750 0.019907
0 0.585417 0.393519 0.021875 0.017593
0 0.844792 0.342593 0.018750 0.019444
0 0.926823 0.315046 0.018750 0.019907
0 0.891667 0.138194 0.018750 0.018981
0 0.761589 0.098380 0.018490 0.018981
0 0.653776 0.052083 0.014323 0.028241
0 0.584375 0.514352 0.012500 0.026852
