0 0.516406 0.616667 0.013542 0.017593
0 0.151172 0.575694 0.016406 0.016204
0 0.329297 0.489815 0.017448 0.013889
0 0.652995 0.745370 0.011198 0.020370
0 0.791406 0.151620 0.015625 0.017130
0 0.193359 0.585417 0.015365 0.016204
0 0.596484 0.155093 0.010677 0.020370
0 0.588281 0.451389 0.016667 0.011111
0 0.676562 0.808102 0.010937 0.027315
0 0.341536 0.592130 0.013281 0.013889
0 0.829818 0.575000 0.011198 0.025000
0 0.560026 0.588657 0.011198 0.022685
0 0.525911 0.232176 0.015885 0.016204
0 0.974089 0.501389 0.016406 0.016667
0 0.619271 0.684028 0.014583 0.023611
0 0.580990 0.637731 0.013021 0.023611
0 0.559635 0.219907 0.015625 0.018519
0 0.627734 0.044444 0.010677 0.020370
0 0.705729 0.023380 0.008854 0.021759
0 0.729557 0.095139 0.011198 0.024537
0 0.495182 0.249074 0.021094 0.018519
0 0.469661 0.254167 0.015885 0.014815
0 0.445703 0.255093 0.015885 0.014815
0 0.407422 0.256019 0.015885 0.014815
0 0.519531 0.399306 0.015625 0.014352
0 0.691797 0.877546 0.008594 0.023611
0 0.695052 0.924769 0.009375 0.027315
0 0.707031 0.934491 0.009375 0.027315
0 0.697656 0.975000 0.008333 0.025926
0 0.786589 0.771991 0.010677 0.025463
0 0.826172 0.727778 0.010156 0.024074
0 0.871224 0.622685 0.013281 0.021296
0 0.675781 0.391667 0.015104 0.016667
0 0.824479 0.266898 0.011979 0.022685
