0 0.480859 0.267361 0.015365 0.015278
0 0.812630 0.172454 0.014844 0.022685
0 0.874349 0.208333 0.020052 0.016667
0 0.618750 0.236111 0.013021 0.024074
0 0.674609 0.178472 0.014323 0.020833
0 0.693229 0.939352 0.008333 0.026852
0 0.072656 0.367130 0.017188 0.017593
0 0.168099 0.391435 0.021094 0.020833
0 0.318880 0.415278 0.018490 0.015741
0 0.337891 0.437500 0.018490 0.015741
0 0.550130 0.425926 0.021094 0.017593
0 0.610938 0.189352 0.013021 0.024074
0 0.633333 0.100926 0.014583 0.032407
0 0.589583 0.602778 0.014583 0.028704
0 0.669010 0.817824 0.017188 0.041204
0 0.686589 0.875231 0.010677 0.030093
0 0.989323 0.412269 0.019792 0.019907
0 0.781641 0.120833 0.013802 0.024074
0 0.931771 0.221065 0.016146 0.012500
