0 0.829036 0.611806 0.016927 0.023611
0 0.711068 0.649074 0.017448 0.016667
0 0.589974 0.142593 0.014844 0.019444
0 0.669401 0.138194 0.015885 0.022685
0 0.753516 0.849306 0.009635 0.023611
0 0.499479 0.570833 0.018229 0.018519
0 0.737760 0.815509 0.010937 0.027315
0 0.889062 0.134491 0.015625 0.016204
0 0.640495 0.600000 0.021615 0.037037
0 0.706250 0.713426 0.013542 0.025926
0 0.738021 0.758333 0.009896 0.021296
0 0.716016 0.696991 0.014323 0.024537
0 0.177995 0.221528 0.017448 0.015278
0 0.530599 0.216667 0.016927 0.018519
0 0.612109 0.110185 0.013281 0.023148
0 0.878385 0.558565 0.011458 0.022685
0 0.575911 0.199306 0.018490 0.020833
0 0.090104 0.564583 0.018229 0.015278
0 0.693229 0.118750 0.017188 0.024537
0 0.644531 0.171296 0.014063 0.027778
0 0.593620 0.250694 0.012760 0.031019
0 0.736589 0.893519 0.009115 0.024074
0 0.444271 0.565741 0.017188 0.016667
0 0.773568 0.037731 0.009635 0.020833
0 0.581120 0.366435 0.017969 0.015278
0 0.320964 0.228009 0.016927 0.014352
0 0.952214 0.479861 0.015365 0.021759
0 0.742318 0.099306 0.017969 0.016204
0 0.690625 0.367593 0.017188 0.016667
0 0.403125 0.227546 0.018229 0.015278
0 0.625911 0.546296 0.014323 0.029630
0 0.473047 0.224074 0.016927 0.018519
0 0.586328 0.301157 0.010677 0.031019
0 0.620703 0.225000 0.012760 0.028704
0 0.838672 0.115509 0.016927 0.017130
0 0.843750 0.306944 0.017188 0.016667
0 0.906771 0.461806 0.010937 0.027315
0 0.755599 0.907639 0.009115 0.026389
0 0.802083 0.955093 0.009375 0.029630
0 0.747266 0.986343 0.008594 0.027315
