0 0.932682 0.494676 0.017448 0.021759
0 0.614714 0.554861 0.016927 0.028241
0 0.636589 0.153704 0.015365 0.029630
0 0.516536 0.572685 0.021094 0.021296
0 0.272656 0.580324 0.018229 0.022685
0 0.849740 0.124537 0.014583 0.025000
0 0.688411 0.634028 0.016927 0.019907
0 0.752865 0.812269 0.011458 0.026389
0 0.712891 0.681019 0.013281 0.025926
0 0.653906 0.095833 0.013542 0.032407
0 0.584635 0.194676 0.018750 0.024537
0 0.748177 0.861574 0.009375 0.025926
0 0.744661 0.770139 0.010677 0.022685
0 0.415625 0.468287 0.020833 0.018056
0 0.746875 0.093750 0.018229 0.018056
0 0.693490 0.683333 0.020833 0.034259
0 0.733203 0.768519 0.012240 0.025926
0 0.793099 0.029167 0.015365 0.029630
0 0.878516 0.553241 0.015885 0.026852
0 0.463672 0.385648 0.020573 0.018519
0 0.729688 0.815046 0.011458 0.026389
0 0.422526 0.403241 0.020573 0.020370
0 0.774219 0.028935 0.015104 0.031019
0 0.758203 0.897917 0.010156 0.029167
0 0.339453 0.401389 0.020052 0.018519
0 0.439844 0.569444 0.017188 0.017593
0 0.937891 0.130787 0.017969 0.020833
0 0.617578 0.230093 0.013802 0.029630
0 0.971354 0.463657 0.017708 0.020833
0 0.953516 0.477778 0.013802 0.017593
0 0.849479 0.685417 0.013542 0.032870
0 0.822005 0.829167 0.012760 0.029630
0 0.732682 0.726852 0.013802 0.030556
0 0.751823 0.966667 0.009375 0.026852
0 0.761849 0.930093 0.009635 0.027778
0 0.739714 0.811111 0.010677 0.026852
0 0.757292 0.854630 0.013021 0.041667
0 0.741276 0.900926 0.013802 0.041667
