0 0.654557 0.188657 0.014844 0.021759
0 0.598047 0.628472 0.012760 0.024537
0 0.070182 0.248380 0.023177 0.018981
0 0.603646 0.254630 0.017708 0.027778
0 0.808594 0.387269 0.019271 0.013426
0 0.576432 0.626389 0.011719 0.021296
0 0.769141 0.139352 0.011198 0.020370
0 0.859375 0.213426 0.014583 0.018519
0 0.579948 0.570602 0.009375 0.018981
0 0.788411 0.185417 0.016406 0.017130
0 0.777214 0.106944 0.011719 0.021296
0 0.710417 0.912731 0.009375 0.032870
0 0.880990 0.534491 0.011979 0.025463
0 0.753646 0.044213 0.010937 0.028241
0 0.795443 0.149074 0.011719 0.021296
