0 0.189844 0.168519 0.016146 0.024074
0 0.148047 0.502546 0.016406 0.024537
0 0.408073 0.412731 0.016667 0.015278
0 0.386849 0.647222 0.010677 0.026852
0 0.261068 0.184954 0.018490 0.018981
0 0.644141 0.350694 0.038281 0.021759
0 0.406120 0.297222 0.019531 0.022222
0 0.383594 0.425231 0.015625 0.018056
0 0.088021 0.308102 0.018229 0.024537
0 0.121615 0.578472 0.010417 0.033796
0 0.410547 0.785880 0.014323 0.016204
0 0.775391 0.431944 0.016927 0.029630
0 0.702344 0.362731 0.022396 0.015278
0 0.280599 0.124769 0.011719 0.025463
0 0.116667 0.506019 0.018750 0.026852
0 0.408073 0.433796 0.016667 0.017593
0 0.411198 0.803935 0.015104 0.013426
0 0.327214 0.271991 0.014323 0.028241
0 0.386719 0.456019 0.016146 0.020370
0 0.015495 0.407407 0.016406 0.018519
0 0.445573 0.911806 0.014063 0.018056
0 0.735938 0.419444 0.016667 0.015741
0 0.386068 0.686343 0.010677 0.024537
0 0.430729 0.956250 0.015625 0.017130
0 0.323047 0.484259 0.014323 0.025926
0 0.631120 0.364120 0.023177 0.014352
0 0.208073 0.360880 0.009896 0.033796
0 0.598047 0.368519 0.017448 0.015741
0 0.385807 0.762731 0.010156 0.026389
0 0.826172 0.447917 0.018490 0.015278
0 0.452474 0.423380 0.017969 0.014352
0 0.366016 0.947685 0.008594 0.025926
0 0.411849 0.855787 0.014323 0.014352
0 0.474349 0.333102 0.017969 0.013426
0 0.312370 0.239120 0.016927 0.027315
0 0.409766 0.884954 0.014844 0.018056
0 0.352344 0.455556 0.011979 0.020370
0 0.387109 0.725231 0.010156 0.024537
0 0.415755 0.840741 0.014323 0.012963
0 0.281120 0.200231 0.017969 0.020833
0 0.246745 0.510417 0.011719 0.031019
0 0.413021 0.871528 0.013021 0.014352
0 0.360026 0.256019 0.023698 0.034259
0 0.192188 0.555556 0.015625 0.020370
0 0.425130 0.903704 0.011719 0.024074
0 0.090495 0.475926 0.020573 0.023148
0 0.271745 0.755324 0.010677 0.037500
0 0.683073 0.039815 0.018750 0.016667
0 0.364063 0.978472 0.010417 0.025463
0 0.435937 0.978009 0.015625 0.013426
0 0.384245 0.864120 0.010677 0.022685
0 0.363672 0.474769 0.015365 0.023611
0 0.946094 0.148380 0.009896 0.025463
0 0.748047 0.038194 0.014844 0.017130
0 0.023698 0.647222 0.018229 0.015741
0 0.385026 0.835417 0.010677 0.024537
0 0.214323 0.591204 0.016667 0.018519
0 0.021745 0.665509 0.017448 0.014352
0 0.734245 0.040509 0.014844 0.017130
0 0.939844 0.140046 0.009896 0.025463
0 0.854297 0.154398 0.010156 0.025463
0 0.715495 0.173380 0.010156 0.025463
0 0.728646 0.171065 0.009896 0.025463
0 0.683594 0.130556 0.015104 0.018519
0 0.242448 0.154167 0.018750 0.018519
0 0.278516 0.094213 0.011719 0.025463
0 0.248568 0.757407 0.011719 0.030556
0 0.232943 0.859491 0.011719 0.031019
0 0.181120 0.636343 0.011719 0.031019
0 0.239844 0.654398 0.009375 0.027315
0 0.018620 0.682176 0.017448 0.014352
0 0.384375 0.938657 0.009896 0.026389
0 0.412370 0.820370 0.014323 0.012963
