0 0.727734 0.678704 0.016406 0.014815
0 0.644010 0.153935 0.016146 0.022685
0 0.927474 0.489352 0.016927 0.020370
0 0.864323 0.637037 0.012500 0.026852
0 0.549740 0.214352 0.017708 0.017593
0 0.581771 0.197454 0.016667 0.018981
0 0.910677 0.531019 0.015625 0.022222
0 0.758724 0.098611 0.016927 0.016667
0 0.373437 0.386111 0.019271 0.015741
0 0.747917 0.900926 0.008854 0.030556
0 0.426693 0.574074 0.017448 0.018519
0 0.755729 0.832176 0.010417 0.022685
0 0.761849 0.653935 0.017448 0.017130
0 0.343359 0.575231 0.012760 0.018056
0 0.805469 0.101157 0.015625 0.015278
0 0.747396 0.789583 0.011979 0.026389
0 0.337500 0.235880 0.017188 0.018056
0 0.737891 0.802315 0.010677 0.026852
0 0.745052 0.858333 0.009375 0.025926
0 0.660547 0.603241 0.013281 0.020370
0 0.451562 0.231250 0.017188 0.018056
0 0.522396 0.178935 0.016667 0.018981
0 0.767578 0.020833 0.012760 0.030556
0 0.778385 0.050463 0.013542 0.026852
0 0.807422 0.062037 0.016406 0.026852
0 0.861589 0.152546 0.013281 0.025463
0 0.964323 0.126620 0.019271 0.017130
0 0.875911 0.557639 0.012240 0.033796
0 0.900911 0.618287 0.013802 0.026389
0 0.843099 0.828935 0.012760 0.034722
0 0.816406 0.846991 0.010937 0.033796
0 0.596354 0.515278 0.013021 0.029630
0 0.612891 0.514120 0.011198 0.029167
0 0.726953 0.716435 0.011198 0.025463
0 0.708464 0.719213 0.012760 0.023611
0 0.720703 0.738426 0.012760 0.025926
0 0.739583 0.757639 0.011979 0.027315
0 0.727995 0.768056 0.011719 0.025000
0 0.759245 0.949306 0.008594 0.029167
0 0.749349 0.945139 0.008594 0.026389
0 0.749609 0.980787 0.008594 0.026389
