0 0.179818 0.533796 0.017448 0.016667
0 0.809505 0.154167 0.020052 0.020370
0 0.660677 0.715972 0.014583 0.026389
0 0.686849 0.728009 0.015365 0.030093
0 0.887500 0.172222 0.024479 0.017593
0 0.703906 0.848380 0.010937 0.031944
0 0.561589 0.608333 0.017969 0.017593
0 0.606510 0.228704 0.013021 0.022222
0 0.643099 0.654167 0.014844 0.026852
0 0.909766 0.402315 0.017448 0.018519
0 0.050130 0.338889 0.019010 0.015741
0 0.755990 0.129398 0.017708 0.016204
0 0.655859 0.009722 0.013281 0.017593
0 0.622266 0.652546 0.014323 0.024537
0 0.161328 0.411111 0.019010 0.015741
0 0.472005 0.402778 0.019010 0.015741
0 0.532031 0.383565 0.017708 0.014352
0 0.546484 0.220833 0.019010 0.015741
0 0.636458 0.377546 0.017708 0.014352
0 0.654687 0.160880 0.015625 0.023611
0 0.983984 0.312963 0.020052 0.020370
0 0.784635 0.083796 0.015104 0.036111
0 0.760026 0.077083 0.013281 0.031019
0 0.678125 0.757639 0.013021 0.030093
0 0.692187 0.802083 0.013021 0.030093
0 0.704557 0.798380 0.014323 0.039352
0 0.706641 0.906250 0.009115 0.024537
0 0.708464 0.944444 0.010156 0.032407
