0 0.768880 0.093056 0.014323 0.015741
0 0.130729 0.536806 0.015625 0.014352
0 0.977344 0.123148 0.015104 0.017593
0 0.008724 0.353009 0.016927 0.015278
0 0.953646 0.473148 0.016146 0.017593
0 0.928125 0.500231 0.016146 0.018056
0 0.725781 0.756944 0.011458 0.023148
0 0.701172 0.665278 0.012760 0.022222
0 0.092318 0.365741 0.017448 0.014815
0 0.673698 0.661111 0.015625 0.020370
0 0.068359 0.527083 0.014323 0.014352
0 0.876432 0.551389 0.014323 0.021296
0 0.740234 0.820833 0.010156 0.028704
0 0.043359 0.228009 0.019531 0.014352
0 0.662240 0.054167 0.012500 0.022222
0 0.581380 0.197917 0.014323 0.018981
0 0.635547 0.600463 0.014323 0.025000
0 0.033203 0.536574 0.016927 0.015741
0 0.202083 0.234259 0.019271 0.015741
0 0.405469 0.402546 0.013542 0.011574
0 0.600781 0.380787 0.014583 0.011574
0 0.749479 0.356019 0.014583 0.012963
0 0.859635 0.298148 0.015625 0.014815
0 0.890885 0.309722 0.014063 0.014815
0 0.931250 0.270602 0.014063 0.014352
0 0.937370 0.292130 0.015885 0.012037
0 0.655208 0.602315 0.018229 0.030556
0 0.733464 0.740972 0.009635 0.023611
0 0.750521 0.809259 0.009896 0.030556
0 0.748437 0.900463 0.007292 0.025926
0 0.748568 0.978935 0.008073 0.025463
0 0.685807 0.124306 0.020573 0.025463
0 0.640755 0.174306 0.011719 0.022685
0 0.547917 0.166204 0.011979 0.016667
0 0.503125 0.196065 0.011979 0.012500
0 0.449870 0.205093 0.012240 0.014815
0 0.816536 0.841667 0.011719 0.040741
0 0.293229 0.227778 0.029687 0.020370
0 0.087370 0.241435 0.013802 0.013426
0 0.148307 0.243056 0.016406 0.012963
