0 0.593750 0.646759 0.016146 0.017593
0 0.662370 0.763657 0.011198 0.019907
0 0.834375 0.547917 0.011979 0.025463
0 0.188672 0.454398 0.015885 0.016204
0 0.913932 0.169444 0.016927 0.012037
0 0.679167 0.772685 0.010937 0.023148
0 0.619531 0.716204 0.013021 0.020370
0 0.780208 0.143981 0.013021 0.022222
0 0.993620 0.486343 0.012760 0.018056
0 0.683073 0.846991 0.009375 0.023611
0 0.675391 0.807870 0.009635 0.020370
0 0.691797 0.916898 0.009115 0.022685
0 0.200000 0.415509 0.015625 0.014352
0 0.137240 0.466667 0.014583 0.012963
0 0.617188 0.684028 0.015104 0.024537
0 0.836979 0.602546 0.011979 0.023611
0 0.410677 0.256481 0.020313 0.020370
0 0.350391 0.596528 0.017448 0.018056
0 0.846484 0.177315 0.015365 0.014815
0 0.779167 0.180787 0.011979 0.019907
0 0.435677 0.255324 0.015104 0.014352
0 0.460938 0.253472 0.015104 0.014352
0 0.482552 0.248843 0.015104 0.014352
0 0.504036 0.244907 0.012760 0.013889
0 0.529557 0.231944 0.012760 0.013889
0 0.560026 0.238426 0.008594 0.020370
0 0.429167 0.421759 0.015104 0.012037
0 0.537500 0.397685 0.023958 0.013889
0 0.251823 0.421065 0.015625 0.014352
0 0.651693 0.459954 0.042969 0.024537
0 0.942839 0.281019 0.013802 0.013889
0 0.861589 0.633333 0.013802 0.023148
0 0.689323 0.875694 0.009375 0.023611
0 0.685807 0.946528 0.008594 0.030093
0 0.749479 0.674074 0.015104 0.016667
0 0.812240 0.767824 0.010417 0.023611
0 0.600391 0.081481 0.008594 0.020370
0 0.706380 0.020833 0.008594 0.020370
