0 0.688281 0.712269 0.015104 0.013426
0 0.783594 0.644213 0.015104 0.018056
0 0.618099 0.652083 0.015365 0.022685
0 0.608203 0.181713 0.014844 0.018056
0 0.695182 0.853704 0.010156 0.026852
0 0.555599 0.226157 0.021094 0.025463
0 0.675521 0.766204 0.010937 0.022222
0 0.816406 0.203704 0.011979 0.021296
0 0.312891 0.475463 0.016406 0.014815
0 0.548828 0.326852 0.010677 0.023148
0 0.944661 0.182176 0.015885 0.014352
0 0.255208 0.229167 0.014583 0.014815
0 0.141797 0.554398 0.015365 0.016204
0 0.677734 0.818519 0.010156 0.023148
0 0.868099 0.573148 0.014844 0.020370
0 0.597266 0.676852 0.013802 0.018519
0 0.782422 0.151157 0.010677 0.012500
0 0.370964 0.252315 0.011198 0.014815
0 0.497396 0.601852 0.017708 0.017593
0 0.332161 0.246065 0.032031 0.019907
0 0.714583 0.036574 0.010417 0.024074
0 0.697005 0.143056 0.013281 0.014815
0 0.428516 0.251852 0.014323 0.013889
0 0.397005 0.249769 0.032031 0.019907
0 0.452474 0.253935 0.016406 0.013426
0 0.464714 0.218287 0.016406 0.013426
0 0.480339 0.251620 0.016406 0.013426
0 0.507161 0.246065 0.013281 0.013426
0 0.721615 0.390046 0.016667 0.014352
0 0.733073 0.038889 0.010417 0.024074
0 0.727474 0.082870 0.010156 0.022222
0 0.747005 0.076852 0.012760 0.025000
0 0.821615 0.254630 0.011979 0.021296
0 0.840234 0.333796 0.015885 0.014815
0 0.852734 0.546296 0.012240 0.024074
0 0.819661 0.582639 0.012760 0.022685
0 0.609115 0.665509 0.013021 0.021759
0 0.656380 0.755324 0.011719 0.022685
0 0.665885 0.783796 0.010937 0.022222
0 0.689063 0.814815 0.009375 0.024074
0 0.688151 0.873611 0.010156 0.026852
0 0.794141 0.754167 0.011719 0.033333
0 0.700781 0.906019 0.008854 0.027778
0 0.690755 0.929630 0.007552 0.026852
0 0.701562 0.958333 0.008333 0.025926
