0 0.571484 0.215972 0.011198 0.027315
0 0.639062 0.168287 0.019792 0.023611
0 0.813411 0.659259 0.011719 0.028704
0 0.612760 0.115046 0.014063 0.030093
0 0.367969 0.592824 0.014063 0.015278
0 0.656380 0.759954 0.012760 0.024537
0 0.295833 0.589815 0.013021 0.016667
0 0.354948 0.238426 0.016146 0.016667
0 0.262500 0.584028 0.016146 0.014352
0 0.680208 0.709722 0.010417 0.015741
0 0.848307 0.595602 0.015885 0.021759
0 0.605990 0.198380 0.012500 0.020833
0 0.714714 0.150231 0.015885 0.015278
0 0.725260 0.086574 0.011979 0.025926
0 0.786198 0.195139 0.013542 0.020833
0 0.851302 0.180093 0.014583 0.015741
0 0.817708 0.363889 0.014583 0.015741
0 0.532161 0.351389 0.010677 0.027778
0 0.526953 0.241435 0.014844 0.016204
0 0.992708 0.162037 0.014583 0.015741
0 0.738281 0.691667 0.012500 0.013889
0 0.671745 0.759259 0.010156 0.022222
0 0.665234 0.782870 0.010156 0.022222
0 0.680859 0.789815 0.010156 0.022222
0 0.677474 0.828935 0.010156 0.027315
0 0.695052 0.846991 0.009375 0.025463
0 0.679948 0.921991 0.009375 0.025463
0 0.690104 0.898380 0.009375 0.025463
0 0.701302 0.914120 0.009375 0.025463
0 0.572396 0.586111 0.011458 0.024074
0 0.288021 0.407176 0.016146 0.014352
0 0.410026 0.233333 0.019010 0.015741
0 0.394401 0.259491 0.017969 0.017130
0 0.446224 0.258565 0.017969 0.017130
