0 0.573047 0.211343 0.015365 0.019907
0 0.638672 0.692593 0.013802 0.021296
0 0.686979 0.868519 0.009375 0.022222
0 0.657031 0.761343 0.010417 0.021759
0 0.236849 0.580324 0.015365 0.013426
0 0.728776 0.093287 0.011719 0.026389
0 0.573047 0.622454 0.012240 0.019907
0 0.477865 0.602083 0.016146 0.017130
0 0.574479 0.665046 0.012500 0.018056
0 0.621354 0.477083 0.014583 0.014352
0 0.607682 0.678472 0.016406 0.023611
0 0.383594 0.410880 0.018750 0.018056
0 0.577995 0.590972 0.012240 0.022685
0 0.267839 0.255556 0.015885 0.015741
0 0.688932 0.821065 0.009635 0.023611
0 0.698568 0.875694 0.007552 0.023611
0 0.940234 0.183565 0.013281 0.016204
0 0.676953 0.823843 0.011198 0.026389
0 0.160156 0.589583 0.011979 0.012500
0 0.293750 0.402083 0.013542 0.015278
0 0.481771 0.404398 0.017188 0.015278
0 0.676042 0.774769 0.010417 0.021759
0 0.690104 0.915509 0.008333 0.021759
0 0.702734 0.935417 0.009635 0.024537
0 0.759766 0.923843 0.009635 0.024537
0 0.694141 0.962269 0.009635 0.024537
0 0.701953 0.987731 0.009635 0.024537
0 0.862891 0.349769 0.014323 0.015278
0 0.837891 0.177315 0.015885 0.016667
0 0.777995 0.159028 0.014844 0.015278
0 0.674089 0.147917 0.016406 0.019907
0 0.717708 0.057870 0.010937 0.026852
0 0.728646 0.044907 0.010937 0.026852
0 0.513672 0.244676 0.015365 0.019907
0 0.545833 0.356019 0.009375 0.020370
