0 0.626823 0.154167 0.016146 0.022222
0 0.800000 0.046991 0.015104 0.024537
0 0.833984 0.114583 0.019531 0.018056
0 0.472656 0.578472 0.018750 0.014352
0 0.329557 0.212963 0.016927 0.012037
0 0.651302 0.660185 0.016146 0.025000
0 0.530729 0.206713 0.019271 0.015278
0 0.598437 0.602315 0.014063 0.025000
0 0.691406 0.750231 0.014583 0.026389
0 0.554948 0.200926 0.017708 0.016667
0 0.018750 0.327083 0.017708 0.018981
0 0.928646 0.142593 0.021354 0.016667
0 0.694401 0.358565 0.019531 0.019907
0 0.067969 0.359491 0.017708 0.018981
0 0.299349 0.386343 0.019010 0.016204
0 0.713932 0.099769 0.016927 0.018056
0 0.873828 0.401620 0.026302 0.021759
0 0.776823 0.031481 0.021354 0.052778
0 0.670312 0.738194 0.014583 0.026389
0 0.718490 0.781944 0.011458 0.029630
0 0.736849 0.931481 0.008073 0.030556
0 0.799870 0.904167 0.010156 0.029630
0 0.836719 0.841898 0.011458 0.026389
