0 0.661589 0.772454 0.010677 0.023611
0 0.733984 0.153935 0.014844 0.017130
0 0.609766 0.641898 0.015365 0.020833
0 0.596875 0.166435 0.012500 0.025463
0 0.372135 0.590972 0.015104 0.013426
0 0.081120 0.434954 0.015365 0.014352
0 0.839063 0.179398 0.017708 0.018056
0 0.156380 0.564583 0.018490 0.016204
0 0.168750 0.229861 0.015104 0.012500
0 0.966146 0.180787 0.018750 0.013426
0 0.588281 0.228241 0.013021 0.023148
0 0.858203 0.396065 0.016927 0.018056
0 0.422135 0.591667 0.016667 0.015741
0 0.554818 0.165741 0.010677 0.018519
0 0.114323 0.552083 0.016667 0.016204
0 0.929948 0.368981 0.015625 0.017593
0 0.463151 0.255093 0.015365 0.016667
0 0.726562 0.074306 0.009896 0.021759
0 0.729427 0.032639 0.009896 0.021759
0 0.740755 0.067593 0.010677 0.022222
0 0.736849 0.104167 0.010677 0.022222
0 0.755599 0.098148 0.010677 0.022222
0 0.717578 0.037731 0.012760 0.031019
0 0.917969 0.181250 0.016146 0.016204
0 0.894531 0.315972 0.018750 0.019907
0 0.846224 0.421065 0.016927 0.018056
0 0.656380 0.400694 0.017448 0.014352
0 0.644792 0.727778 0.011979 0.024074
0 0.660677 0.729630 0.011979 0.024074
0 0.678906 0.779861 0.008854 0.021759
0 0.676042 0.814120 0.008854 0.021759
0 0.687240 0.813426 0.008854 0.022222
0 0.694271 0.855093 0.008854 0.022222
0 0.685417 0.871759 0.008854 0.022222
0 0.699740 0.884259 0.008854 0.022222
0 0.690885 0.904630 0.008854 0.022222
0 0.701562 0.910648 0.008854 0.022222
0 0.691927 0.943750 0.008854 0.028241
0 0.701562 0.971528 0.007812 0.023611
0 0.554427 0.569444 0.013021 0.026852
0 0.393750 0.420370 0.016667 0.015741
0 0.551562 0.232639 0.013542 0.018056
0 0.484635 0.212963 0.013542 0.016667
0 0.511328 0.245602 0.016406 0.019907
0 0.480599 0.254167 0.011719 0.013889
0 0.437891 0.254861 0.013281 0.013426
0 0.416667 0.252083 0.015104 0.014352
0 0.389844 0.253009 0.015104 0.014352
0 0.311198 0.247454 0.015104 0.016204
