0 0.925130 0.532407 0.015885 0.020370
0 0.629427 0.652778 0.015104 0.020370
0 0.563411 0.612963 0.015885 0.017593
0 0.794531 0.044444 0.012500 0.022222
0 0.696224 0.717361 0.012760 0.023611
0 0.091667 0.214120 0.018750 0.014352
0 0.245443 0.445139 0.016927 0.015278
0 0.262109 0.577546 0.016927 0.015278
0 0.868099 0.167593 0.015365 0.025000
0 0.876693 0.587269 0.013802 0.031944
0 0.100521 0.373380 0.018750 0.014352
0 0.325391 0.579398 0.016927 0.015278
0 0.385026 0.200694 0.016927 0.015278
0 0.456641 0.221991 0.016927 0.015278
0 0.462370 0.194676 0.016927 0.015278
0 0.532292 0.169444 0.017188 0.020370
0 0.529948 0.209259 0.017188 0.020370
0 0.485417 0.381713 0.019792 0.018056
0 0.617448 0.060648 0.015104 0.029630
0 0.726042 0.091898 0.017708 0.018981
0 0.960026 0.501389 0.015885 0.020370
0 0.889193 0.683102 0.013802 0.028241
0 0.684505 0.729861 0.012760 0.023611
0 0.700000 0.762963 0.011979 0.026852
0 0.713021 0.763426 0.011979 0.026852
0 0.731641 0.835185 0.012760 0.031481
0 0.743229 0.940741 0.008854 0.025926
0 0.679297 0.757407 0.019010 0.038889
