0 0.666016 0.648148 0.015885 0.023148
0 0.636068 0.125000 0.012760 0.030556
0 0.712500 0.684491 0.012500 0.021759
0 0.698047 0.112731 0.016406 0.019907
0 0.965495 0.137037 0.017448 0.016667
0 0.698828 0.696528 0.012760 0.023611
0 0.734635 0.791667 0.011458 0.027778
0 0.103125 0.228009 0.017708 0.014352
0 0.788542 0.017130 0.013021 0.025926
0 0.608594 0.203935 0.013021 0.031019
0 0.025781 0.238889 0.017708 0.017593
0 0.751693 0.815972 0.010677 0.027315
0 0.581771 0.192593 0.016146 0.018519
0 0.832422 0.112037 0.019010 0.017593
0 0.803906 0.318287 0.019792 0.018056
0 0.115365 0.350694 0.018229 0.015278
0 0.536719 0.214815 0.016146 0.018519
0 0.384896 0.205093 0.016146 0.018519
0 0.619531 0.228935 0.013021 0.031019
0 0.583464 0.314352 0.012760 0.030556
0 0.802865 0.055556 0.013021 0.025926
0 0.785547 0.049306 0.030990 0.066204
0 0.623828 0.377315 0.015365 0.015741
0 0.885156 0.308565 0.019792 0.018056
0 0.625391 0.542593 0.013802 0.025000
0 0.733464 0.743750 0.012760 0.023611
0 0.744401 0.859028 0.010677 0.027315
0 0.759766 0.896528 0.010677 0.027315
0 0.748307 0.934491 0.009115 0.026389
0 0.748958 0.989815 0.008333 0.020370
