0 0.908073 0.571991 0.020313 0.026389
0 0.694271 0.712269 0.015625 0.025463
0 0.918490 0.370602 0.018750 0.016204
0 0.588021 0.268519 0.011458 0.022222
0 0.729818 0.834954 0.010677 0.030093
0 0.559766 0.207870 0.017969 0.018519
0 0.921094 0.150231 0.018750 0.017130
0 0.099349 0.210185 0.017969 0.012963
0 0.684115 0.740741 0.013542 0.023148
0 0.717969 0.784954 0.012500 0.031019
0 0.562891 0.621528 0.022656 0.020833
0 0.580599 0.542361 0.023698 0.062500
0 0.714323 0.829630 0.012500 0.029630
0 0.639323 0.162269 0.018229 0.022685
0 0.880599 0.316667 0.020573 0.018519
0 0.467318 0.225694 0.017969 0.018981
0 0.537891 0.381481 0.017969 0.018519
0 0.710026 0.109491 0.020052 0.018981
0 0.850521 0.346991 0.020833 0.018981
0 0.775651 0.361806 0.020573 0.018981
0 0.882422 0.580093 0.014844 0.031481
0 0.662891 0.659954 0.016927 0.021759
0 0.702344 0.780556 0.012500 0.027778
0 0.699219 0.823380 0.012500 0.030093
0 0.723568 0.867130 0.010677 0.030556
0 0.736589 0.897454 0.010677 0.030093
0 0.718620 0.930093 0.010677 0.030556
0 0.741146 0.963657 0.009375 0.027315
0 0.730339 0.975694 0.009115 0.027315
0 0.728125 0.922917 0.008333 0.020833
