0 0.629427 0.672454 0.012500 0.024537
0 0.832422 0.549306 0.011719 0.021759
0 0.539323 0.625694 0.014063 0.017130
0 0.713151 0.685185 0.014844 0.013889
0 0.603125 0.686343 0.014063 0.019907
0 0.272396 0.585417 0.013542 0.013426
0 0.657292 0.753935 0.012500 0.026389
0 0.430990 0.423611 0.013542 0.012963
0 0.247786 0.423148 0.015885 0.011111
0 0.669531 0.743981 0.011458 0.022222
0 0.152344 0.574537 0.020313 0.016667
0 0.836198 0.164352 0.014583 0.015741
0 0.695312 0.940741 0.009896 0.022222
0 0.353385 0.424306 0.017708 0.014352
0 0.401042 0.256481 0.015625 0.014815
0 0.218620 0.462963 0.015365 0.013889
0 0.438542 0.256481 0.015625 0.014815
0 0.497656 0.204861 0.016146 0.018056
0 0.463411 0.254167 0.019010 0.016667
0 0.488672 0.248380 0.014323 0.014352
0 0.516797 0.238194 0.014323 0.014352
0 0.565234 0.208565 0.012240 0.016204
0 0.583203 0.390509 0.016927 0.015278
0 0.220964 0.581481 0.015365 0.013889
0 0.600781 0.136806 0.009375 0.018056
0 0.607161 0.671296 0.011198 0.016667
0 0.682552 0.777546 0.012500 0.026389
0 0.675781 0.806713 0.012500 0.026389
0 0.688672 0.864352 0.009115 0.025926
0 0.695703 0.989583 0.007552 0.020833
0 0.791406 0.751389 0.009896 0.022222
0 0.744010 0.353241 0.019271 0.017593
0 0.847135 0.454398 0.010417 0.021759
0 0.766536 0.123843 0.012760 0.020833
0 0.720182 0.056481 0.011719 0.025000
0 0.706901 0.022917 0.009635 0.022685
