0 0.601953 0.612037 0.013802 0.024074
0 0.432552 0.574769 0.017708 0.017130
0 0.626693 0.189120 0.014844 0.025463
0 0.877604 0.403241 0.018229 0.015741
0 0.854167 0.194444 0.017188 0.025000
0 0.600781 0.645833 0.015625 0.021296
0 0.170573 0.227546 0.020833 0.016204
0 0.988542 0.284954 0.020833 0.014352
0 0.836198 0.757176 0.010417 0.019907
0 0.768359 0.127546 0.016406 0.018056
0 0.645312 0.685880 0.015625 0.030093
0 0.571224 0.214120 0.017448 0.019907
0 0.779948 0.065972 0.010417 0.026389
0 0.977214 0.310185 0.019010 0.019444
0 0.650781 0.656944 0.015104 0.020370
0 0.358464 0.228472 0.019531 0.015278
0 0.225130 0.385417 0.017969 0.013426
0 0.641406 0.089120 0.011979 0.025463
0 0.616667 0.602546 0.013542 0.024537
0 0.902865 0.542593 0.017708 0.022222
0 0.766406 0.033102 0.012500 0.026389
0 0.869531 0.503472 0.011979 0.028241
0 0.435156 0.203704 0.019271 0.016667
0 0.529687 0.232407 0.021875 0.016667
0 0.707682 0.387963 0.021615 0.012037
0 0.033594 0.339583 0.020833 0.016204
0 0.150000 0.370139 0.020833 0.016204
0 0.305078 0.377546 0.018490 0.014352
0 0.378255 0.206713 0.016927 0.014352
0 0.476693 0.233102 0.019531 0.015278
0 0.475391 0.385417 0.019531 0.015278
0 0.438542 0.235417 0.017188 0.014352
0 0.613411 0.377083 0.019531 0.015278
0 0.719531 0.121759 0.016667 0.019444
0 0.569010 0.149306 0.011979 0.019907
0 0.592187 0.267130 0.014063 0.036111
0 0.892448 0.454398 0.011979 0.028241
0 0.811198 0.848611 0.013542 0.029630
0 0.702995 0.769676 0.013802 0.029167
0 0.712370 0.810417 0.011198 0.031944
0 0.721484 0.878935 0.011198 0.031944
0 0.723047 0.944676 0.011198 0.031944
