0 0.665365 0.672917 0.014583 0.023611
0 0.635417 0.151389 0.012500 0.022222
0 0.847135 0.695602 0.010937 0.025463
0 0.715495 0.726620 0.012240 0.024537
0 0.636328 0.628241 0.012760 0.022222
0 0.711068 0.755324 0.010677 0.018981
0 0.136979 0.236806 0.015625 0.017130
0 0.016276 0.559722 0.015365 0.014815
0 0.520833 0.580093 0.017188 0.012037
0 0.953385 0.484954 0.019271 0.018981
0 0.061589 0.224537 0.016406 0.011111
0 0.778255 0.012963 0.013802 0.025000
0 0.863281 0.214815 0.011979 0.021296
0 0.460547 0.234259 0.012240 0.013889
0 0.812240 0.144213 0.016146 0.019907
0 0.876693 0.522685 0.013802 0.023148
0 0.454557 0.207639 0.016406 0.013426
0 0.721615 0.789120 0.009896 0.020833
0 0.649609 0.100463 0.017969 0.028704
0 0.986979 0.468750 0.013021 0.019907
0 0.731250 0.834491 0.008854 0.020833
0 0.768229 0.665278 0.014063 0.013889
0 0.794661 0.961806 0.010156 0.024537
0 0.809766 0.958796 0.008594 0.025926
0 0.738411 0.935417 0.011198 0.025463
0 0.735938 0.885417 0.009375 0.025463
0 0.746875 0.866667 0.010937 0.025000
0 0.740755 0.809028 0.010677 0.029167
0 0.727865 0.761806 0.011979 0.024537
0 0.651953 0.619676 0.014844 0.018056
0 0.944271 0.307870 0.018750 0.018519
0 0.780990 0.075926 0.017708 0.027778
0 0.767057 0.028241 0.011719 0.025000
0 0.357031 0.382870 0.016667 0.016667
0 0.369792 0.571991 0.016146 0.009722
0 0.429036 0.232407 0.013802 0.012963
0 0.498958 0.234954 0.018229 0.016204
0 0.531771 0.228704 0.017188 0.012037
0 0.551823 0.222454 0.016667 0.012500
0 0.579297 0.214583 0.020052 0.022685
0 0.593359 0.258796 0.011198 0.023148
0 0.611328 0.118519 0.015365 0.020370
