0 0.905078 0.515972 0.014323 0.018981
0 0.689583 0.648843 0.012500 0.018056
0 0.729167 0.771296 0.009375 0.023148
0 0.709635 0.716898 0.011458 0.020833
0 0.672266 0.124769 0.016927 0.023611
0 0.369010 0.394676 0.021875 0.020833
0 0.290234 0.389815 0.023177 0.017593
0 0.227734 0.386574 0.017448 0.015741
0 0.842708 0.794907 0.011458 0.022222
0 0.639453 0.605093 0.011719 0.021296
0 0.756641 0.907639 0.009115 0.021759
0 0.757292 0.651852 0.015625 0.016667
0 0.605078 0.265509 0.010677 0.019907
0 0.518099 0.568981 0.019531 0.020370
0 0.839323 0.596296 0.019792 0.023148
0 0.602865 0.558333 0.011979 0.019444
0 0.942448 0.496528 0.015625 0.020833
0 0.798698 0.039120 0.012500 0.025463
0 0.804036 0.888194 0.010156 0.023611
0 0.708854 0.106019 0.018750 0.021296
0 0.599089 0.516204 0.012240 0.023148
0 0.528776 0.211111 0.022656 0.016667
0 0.266146 0.369676 0.022396 0.018056
0 0.149609 0.565741 0.017969 0.017593
0 0.577865 0.198148 0.019271 0.016667
0 0.738932 0.754861 0.009635 0.023611
0 0.785807 0.012500 0.017448 0.024074
0 0.828906 0.134722 0.012500 0.017593
0 0.076823 0.359259 0.025000 0.016667
0 0.031771 0.350000 0.029167 0.017593
0 0.474479 0.387731 0.025000 0.020833
0 0.619271 0.529861 0.014063 0.029167
0 0.742318 0.840972 0.009115 0.021759
0 0.751172 0.823380 0.009115 0.021759
0 0.744922 0.897917 0.009115 0.021759
0 0.754818 0.872454 0.009115 0.021759
0 0.746745 0.932176 0.009115 0.021759
0 0.747526 0.982639 0.009115 0.021759
0 0.759375 0.977315 0.013021 0.045370
0 0.799089 0.956250 0.008073 0.027315
0 0.878255 0.587037 0.017969 0.029630
0 0.957552 0.326157 0.015625 0.018981
