0 0.689063 0.705556 0.013542 0.023148
0 0.593880 0.187731 0.013802 0.024537
0 0.549479 0.598380 0.016146 0.015278
0 0.662760 0.693750 0.013542 0.025463
0 0.697266 0.757407 0.014323 0.032407
0 0.626693 0.174306 0.013802 0.026389
0 0.074609 0.536574 0.020052 0.017593
0 0.615234 0.614352 0.013802 0.021296
0 0.731901 0.932176 0.008594 0.029167
0 0.714583 0.808333 0.012500 0.026852
0 0.635156 0.615278 0.012500 0.021296
0 0.948958 0.128009 0.019271 0.014352
0 0.722786 0.093056 0.020052 0.017593
0 0.890625 0.559491 0.019792 0.045833
0 0.536458 0.200694 0.018229 0.016204
0 0.950651 0.364352 0.018490 0.020370
0 0.774740 0.027778 0.012500 0.023148
0 0.572266 0.133796 0.022135 0.032407
0 0.727734 0.873843 0.010677 0.030093
0 0.519271 0.167130 0.013021 0.015741
0 0.992448 0.322685 0.015104 0.014815
0 0.606120 0.450926 0.027344 0.015741
0 0.723307 0.785185 0.010156 0.029630
0 0.781641 0.096759 0.017448 0.018519
0 0.579036 0.307176 0.011198 0.031944
0 0.789453 0.019907 0.012760 0.027778
0 0.736849 0.366667 0.020052 0.017593
0 0.896094 0.125000 0.020313 0.019444
0 0.736198 0.843287 0.009375 0.024537
0 0.742448 0.883565 0.009375 0.024537
0 0.742057 0.959491 0.008594 0.029167
0 0.817057 0.950694 0.008594 0.029167
0 0.793359 0.986806 0.009635 0.026389
