0 0.914193 0.531481 0.014844 0.023148
0 0.567187 0.205324 0.015104 0.015278
0 0.010417 0.230324 0.009896 0.014352
0 0.746484 0.797685 0.011719 0.022222
0 0.588281 0.270370 0.011979 0.023148
0 0.727083 0.768287 0.009896 0.019907
0 0.630208 0.600694 0.011979 0.018981
0 0.778255 0.673148 0.017969 0.015741
0 0.704557 0.709954 0.011719 0.019907
0 0.666146 0.615972 0.013021 0.015278
0 0.377865 0.206019 0.017188 0.016667
0 0.502214 0.565278 0.019531 0.017593
0 0.821224 0.104167 0.013802 0.017593
0 0.758854 0.093750 0.019271 0.019907
0 0.745573 0.879398 0.009375 0.019907
0 0.195052 0.567130 0.019792 0.017593
0 0.919401 0.342824 0.016927 0.014352
0 0.802474 0.049306 0.011198 0.024537
0 0.660026 0.146759 0.014323 0.023148
0 0.501693 0.221296 0.013802 0.013889
0 0.887760 0.533102 0.013021 0.024537
0 0.657943 0.640509 0.011198 0.018981
0 0.649219 0.041898 0.008333 0.018981
0 0.791276 0.014352 0.014844 0.022222
0 0.016146 0.495602 0.025521 0.020833
0 0.727604 0.724306 0.009375 0.019907
0 0.422266 0.382407 0.014323 0.016667
0 0.446354 0.203704 0.017188 0.016667
0 0.877734 0.223843 0.014323 0.033796
0 0.859375 0.629861 0.013021 0.024537
0 0.738802 0.754398 0.009375 0.019907
0 0.742057 0.837037 0.011719 0.022222
0 0.758203 0.913426 0.011719 0.022222
0 0.757682 0.954630 0.011719 0.022222
0 0.747786 0.982870 0.011719 0.022222
0 0.758464 0.987037 0.011719 0.022222
0 0.746875 0.935185 0.008333 0.030556
0 0.756641 0.865278 0.013281 0.065741
0 0.795964 0.988889 0.011719 0.022222
0 0.952083 0.542361 0.013021 0.024537
