0 0.731771 0.718519 0.015625 0.019444
0 0.575521 0.629167 0.018750 0.029630
0 0.672266 0.797222 0.011198 0.022222
0 0.658333 0.757176 0.012500 0.020833
0 0.845182 0.543519 0.012240 0.025000
0 0.526432 0.234722 0.019531 0.023148
0 0.625130 0.165741 0.014323 0.023148
0 0.682422 0.853241 0.011198 0.022222
0 0.668880 0.837500 0.010156 0.022222
0 0.719271 0.012269 0.013021 0.023611
0 0.735286 0.115278 0.014323 0.022222
0 0.583464 0.222917 0.011198 0.021759
0 0.500260 0.247685 0.017188 0.020370
0 0.692187 0.918056 0.008333 0.025000
0 0.627995 0.070833 0.010156 0.024074
0 0.891536 0.327546 0.014844 0.018056
0 0.772786 0.366898 0.014844 0.018056
0 0.709115 0.028704 0.013021 0.024074
0 0.730990 0.050926 0.013021 0.024074
0 0.718750 0.059722 0.013021 0.024074
0 0.762370 0.107639 0.010677 0.022685
0 0.795312 0.156713 0.016667 0.024537
0 0.831901 0.232407 0.010156 0.023148
0 0.824870 0.266898 0.014844 0.036574
0 0.557422 0.234954 0.011198 0.021759
0 0.537370 0.325231 0.011719 0.030093
0 0.483594 0.247222 0.017188 0.020370
0 0.464583 0.256481 0.017188 0.020370
0 0.437891 0.256481 0.010677 0.019444
0 0.405078 0.253935 0.014844 0.015278
0 0.379557 0.254398 0.014844 0.015278
0 0.388932 0.228009 0.014844 0.015278
0 0.334245 0.252546 0.014844 0.015278
0 0.823438 0.651389 0.013542 0.033333
0 0.685156 0.985648 0.008333 0.025000
0 0.059245 0.241667 0.016927 0.014815
