0 0.634115 0.635417 0.014583 0.018056
0 0.927865 0.543750 0.017708 0.020833
0 0.731380 0.679630 0.016927 0.012963
0 0.682813 0.665741 0.015625 0.016667
0 0.691016 0.713889 0.011719 0.024074
0 0.629427 0.178704 0.016146 0.022222
0 0.707422 0.794907 0.011198 0.027778
0 0.834245 0.768519 0.013802 0.027778
0 0.356771 0.574537 0.015625 0.019444
0 0.298698 0.575463 0.017188 0.015741
0 0.706641 0.746759 0.012760 0.025926
0 0.723698 0.809491 0.010417 0.025463
0 0.807031 0.088889 0.015104 0.029630
0 0.878516 0.584491 0.016406 0.020833
0 0.201693 0.566204 0.017969 0.017593
0 0.527344 0.469213 0.021354 0.014352
0 0.656510 0.454630 0.016667 0.018519
0 0.074349 0.221528 0.019010 0.017130
0 0.833203 0.168750 0.019010 0.026389
0 0.406510 0.236343 0.019271 0.015278
0 0.446094 0.236806 0.020833 0.015278
0 0.795052 0.103009 0.015625 0.025463
0 0.590625 0.285648 0.013021 0.026852
0 0.772396 0.038889 0.013021 0.034259
0 0.319401 0.384722 0.018490 0.016667
0 0.671875 0.152546 0.029687 0.041204
0 0.510677 0.239583 0.018750 0.016204
0 0.811589 0.856944 0.011198 0.029630
0 0.327734 0.235880 0.016927 0.014352
0 0.353516 0.234028 0.016927 0.014352
0 0.566406 0.383565 0.017708 0.016204
0 0.600521 0.308565 0.010937 0.028241
0 0.542708 0.228009 0.018750 0.016204
0 0.568229 0.216898 0.018750 0.016204
0 0.542708 0.191898 0.018750 0.016204
0 0.497656 0.202546 0.018750 0.016204
0 0.866016 0.330787 0.020052 0.021759
0 0.859896 0.209722 0.017708 0.033333
0 0.868880 0.727778 0.013802 0.027778
0 0.716536 0.731481 0.012760 0.025926
0 0.725130 0.758796 0.012240 0.027778
0 0.714974 0.777778 0.011198 0.027778
0 0.738542 0.811806 0.010417 0.025463
0 0.728906 0.835417 0.010417 0.025463
0 0.735677 0.873611 0.009375 0.025926
0 0.748828 0.901852 0.009635 0.029630
0 0.738542 0.927083 0.009375 0.027315
0 0.738802 0.960185 0.009375 0.027778
