0 0.672396 0.688426 0.014583 0.012037
0 0.548047 0.630556 0.013802 0.016667
0 0.619271 0.654861 0.012500 0.018981
0 0.448307 0.596296 0.014323 0.012037
0 0.667448 0.777546 0.011458 0.026389
0 0.585807 0.168056 0.010677 0.021296
0 0.597786 0.652315 0.013281 0.021296
0 0.682031 0.827083 0.008333 0.024537
0 0.812630 0.644907 0.011198 0.022222
0 0.009896 0.533565 0.013542 0.017130
0 0.680469 0.893056 0.008333 0.025000
0 0.885547 0.389120 0.019531 0.015278
0 0.672526 0.751157 0.011719 0.023611
0 0.720964 0.071528 0.009635 0.023611
0 0.840885 0.342130 0.013542 0.013889
0 0.477344 0.252315 0.019792 0.017593
0 0.566797 0.220833 0.010677 0.021296
0 0.533073 0.230556 0.015104 0.014815
0 0.510938 0.238426 0.014583 0.012963
0 0.445833 0.256481 0.014583 0.012963
0 0.417187 0.256250 0.016146 0.015278
0 0.643490 0.147685 0.014063 0.017593
0 0.709766 0.039120 0.009635 0.023611
0 0.697396 0.132176 0.014063 0.013426
0 0.792448 0.192824 0.013542 0.021759
0 0.742448 0.372917 0.018229 0.017130
0 0.928906 0.287269 0.017188 0.017130
0 0.738672 0.673380 0.014844 0.013426
0 0.655859 0.750694 0.011719 0.023611
0 0.692448 0.891898 0.007292 0.024537
0 0.695182 0.950926 0.007552 0.028704
0 0.306641 0.591667 0.014323 0.012037
0 0.634766 0.397685 0.014844 0.014815
