0 0.591276 0.573843 0.012760 0.025463
0 0.637109 0.649074 0.014844 0.017593
0 0.704557 0.771065 0.013281 0.025463
0 0.675651 0.712500 0.015365 0.023148
0 0.911198 0.485648 0.010937 0.031481
0 0.632031 0.150926 0.017188 0.017593
0 0.426302 0.474074 0.021354 0.015741
0 0.253385 0.384954 0.021354 0.015278
0 0.724740 0.841204 0.010417 0.028704
0 0.842318 0.114352 0.017448 0.017593
0 0.806250 0.103935 0.019271 0.019907
0 0.852474 0.162269 0.016927 0.029167
0 0.798047 0.053472 0.015365 0.027315
0 0.736589 0.956481 0.008073 0.027778
0 0.763021 0.015046 0.014063 0.028241
0 0.986849 0.479630 0.017969 0.019444
0 0.436458 0.388194 0.021354 0.015278
0 0.264062 0.409954 0.018750 0.013426
0 0.668750 0.120833 0.017188 0.017593
0 0.529036 0.170833 0.015365 0.018519
0 0.785807 0.075231 0.015365 0.027315
0 0.774479 0.357176 0.019271 0.019907
0 0.770312 0.401157 0.019271 0.019907
0 0.725651 0.791435 0.012760 0.027315
0 0.732292 0.878935 0.008854 0.027315
0 0.576302 0.325694 0.010937 0.033796
