0 0.005990 0.370370 0.011458 0.018519
0 0.683724 0.842130 0.010677 0.025926
0 0.168229 0.410417 0.015625 0.014352
0 0.041536 0.427083 0.015885 0.014352
0 0.673177 0.801852 0.010417 0.025000
0 0.780729 0.917593 0.009375 0.022222
0 0.596745 0.684491 0.019531 0.028241
0 0.652734 0.749074 0.013281 0.023148
0 0.654297 0.720833 0.014844 0.025926
0 0.251823 0.418519 0.015104 0.015741
0 0.984766 0.158333 0.012240 0.015741
0 0.613802 0.053704 0.009896 0.023148
0 0.924609 0.361574 0.017448 0.011111
0 0.434766 0.254167 0.016406 0.013889
0 0.630599 0.163426 0.028906 0.035185
0 0.695443 0.980324 0.008073 0.028241
0 0.692708 0.915046 0.008333 0.022685
0 0.625391 0.699306 0.014323 0.024537
0 0.586719 0.613889 0.011979 0.020370
0 0.042448 0.540046 0.013021 0.013426
0 0.746615 0.423148 0.014583 0.012037
0 0.794792 0.359259 0.015625 0.012037
0 0.804557 0.221991 0.012760 0.022685
0 0.887630 0.331250 0.013281 0.012500
0 0.975911 0.277083 0.011719 0.013426
0 0.981120 0.292130 0.014844 0.014815
0 0.581510 0.186806 0.012500 0.023611
0 0.556901 0.300231 0.011198 0.028241
0 0.547396 0.340278 0.007292 0.024074
0 0.514453 0.240741 0.017969 0.019444
0 0.472135 0.253935 0.016146 0.012500
0 0.405599 0.257870 0.016406 0.013889
0 0.388151 0.258565 0.010677 0.009722
