0 0.712630 0.146759 0.015885 0.017593
0 0.636198 0.685648 0.014583 0.021296
0 0.583724 0.173843 0.011719 0.025463
0 0.693490 0.840509 0.009896 0.021759
0 0.172266 0.566667 0.014844 0.015741
0 0.657813 0.762963 0.011979 0.025926
0 0.663672 0.738194 0.013281 0.027315
0 0.012109 0.345139 0.016406 0.018056
0 0.332031 0.587963 0.016667 0.017593
0 0.682552 0.795370 0.010417 0.026852
0 0.697526 0.883796 0.008594 0.025926
0 0.627344 0.701620 0.013542 0.018981
0 0.572135 0.253009 0.011979 0.019907
0 0.252214 0.252083 0.017448 0.018981
0 0.394922 0.591435 0.012240 0.017130
0 0.581641 0.667593 0.014844 0.023148
0 0.307552 0.253009 0.016667 0.018056
0 0.332292 0.249769 0.016667 0.018056
0 0.373568 0.253009 0.015365 0.018981
0 0.406510 0.255093 0.014583 0.017593
0 0.444010 0.255556 0.014583 0.017593
0 0.528125 0.417130 0.014583 0.017593
0 0.505469 0.246759 0.012500 0.015741
0 0.531380 0.239815 0.015365 0.020370
0 0.560807 0.228009 0.011719 0.025463
0 0.651172 0.157639 0.015885 0.018981
0 0.799740 0.167130 0.013542 0.017593
0 0.713151 0.028009 0.009115 0.024537
0 0.741667 0.071296 0.010937 0.024074
0 0.751693 0.096991 0.011719 0.024537
0 0.726302 0.076852 0.026042 0.067593
0 0.565495 0.564815 0.011719 0.025000
0 0.701953 0.943981 0.008594 0.025926
0 0.825130 0.740509 0.010677 0.022685
0 0.851693 0.486111 0.009115 0.025926
0 0.851172 0.485185 0.009115 0.025926
