0 0.572135 0.218287 0.015625 0.016204
0 0.501172 0.611343 0.013802 0.014352
0 0.670443 0.691435 0.014323 0.014352
0 0.695833 0.851157 0.009896 0.020833
0 0.172266 0.404167 0.013802 0.017593
0 0.883854 0.555556 0.016146 0.022222
0 0.088932 0.237269 0.019531 0.013426
0 0.648568 0.746991 0.012760 0.020833
0 0.531120 0.628704 0.013802 0.016667
0 0.615495 0.659491 0.013802 0.018981
0 0.667839 0.746065 0.012240 0.025463
0 0.677604 0.146991 0.014063 0.017130
0 0.562109 0.598611 0.012240 0.022222
0 0.127214 0.559491 0.014323 0.014352
0 0.049349 0.240278 0.020052 0.014815
0 0.823307 0.615046 0.011719 0.025463
0 0.611458 0.182639 0.013542 0.023611
0 0.848307 0.590046 0.010156 0.017130
0 0.049740 0.538657 0.014063 0.014352
0 0.381641 0.259259 0.016927 0.014815
0 0.293359 0.589352 0.018490 0.014815
0 0.725000 0.081944 0.011979 0.025000
0 0.239453 0.581944 0.014844 0.013889
0 0.678125 0.826389 0.010937 0.027778
0 0.738151 0.145833 0.015885 0.015741
0 0.805599 0.224306 0.016406 0.025463
0 0.614583 0.394213 0.017188 0.018981
0 0.805339 0.708796 0.011198 0.023148
0 0.811849 0.789815 0.013281 0.029630
0 0.680729 0.788889 0.009375 0.023148
0 0.753125 0.955787 0.010417 0.025463
0 0.688021 0.897917 0.008854 0.023611
0 0.702083 0.915509 0.008854 0.023611
0 0.703385 0.962269 0.008854 0.023611
0 0.602214 0.678009 0.013281 0.021759
0 0.560026 0.544444 0.009115 0.020370
0 0.418620 0.257870 0.016927 0.014815
0 0.458203 0.258333 0.016927 0.014815
0 0.521354 0.243519 0.017188 0.018519
