0 0.631771 0.642130 0.019792 0.021296
0 0.690885 0.710417 0.012500 0.024537
0 0.122526 0.216435 0.016927 0.015278
0 0.885547 0.525694 0.013802 0.023611
0 0.636198 0.110648 0.012500 0.024074
0 0.589063 0.203472 0.010417 0.026389
0 0.669922 0.704630 0.013802 0.020370
0 0.725260 0.800463 0.011458 0.027778
0 0.862370 0.123843 0.017448 0.018981
0 0.573568 0.252083 0.011198 0.023611
0 0.711979 0.756944 0.014063 0.029630
0 0.696745 0.765972 0.011198 0.024537
0 0.563672 0.191667 0.015365 0.016667
0 0.597917 0.243981 0.011458 0.030556
0 0.076823 0.202546 0.011979 0.014352
0 0.381771 0.381019 0.016667 0.015741
0 0.164974 0.201157 0.026302 0.018981
0 0.446745 0.401157 0.016927 0.015278
0 0.578516 0.320370 0.011198 0.029630
0 0.921875 0.129630 0.018750 0.016667
0 0.675391 0.114120 0.015885 0.019907
0 0.808594 0.056944 0.024479 0.043519
0 0.907422 0.449306 0.013802 0.035648
0 0.878125 0.619444 0.013021 0.031481
0 0.837370 0.753704 0.013281 0.031481
0 0.587760 0.513426 0.011458 0.027778
0 0.737760 0.860648 0.011458 0.027778
0 0.728255 0.908333 0.008073 0.027778
0 0.742578 0.929630 0.008073 0.027778
