0 0.703516 0.748380 0.013802 0.028241
0 0.664323 0.677315 0.014583 0.024074
0 0.051823 0.415509 0.016146 0.014352
0 0.674870 0.726620 0.014844 0.023611
0 0.911198 0.146296 0.021875 0.017593
0 0.860417 0.674306 0.013021 0.028241
0 0.565365 0.194444 0.018750 0.017593
0 0.603646 0.562269 0.011979 0.020833
0 0.671745 0.111343 0.020052 0.021759
0 0.374219 0.194907 0.018750 0.017593
0 0.621745 0.640046 0.016927 0.025463
0 0.727214 0.820833 0.012240 0.028704
0 0.521615 0.209954 0.017188 0.013426
0 0.008594 0.561343 0.016667 0.017130
0 0.979948 0.274769 0.016667 0.016204
0 0.965495 0.559954 0.017448 0.025463
0 0.756250 0.432870 0.022917 0.018519
0 0.851172 0.173611 0.016406 0.025000
0 0.777214 0.090972 0.017969 0.020833
0 0.314844 0.375694 0.016146 0.014352
0 0.436719 0.217130 0.015625 0.016667
0 0.577344 0.393056 0.021354 0.014815
0 0.601042 0.222917 0.028646 0.071759
0 0.772396 0.024306 0.021354 0.047685
0 0.954818 0.151620 0.017448 0.014352
0 0.704167 0.374769 0.019271 0.017130
0 0.904948 0.649769 0.014583 0.031944
0 0.540625 0.603472 0.018229 0.021759
