0 0.587240 0.185185 0.011458 0.022222
0 0.616406 0.696065 0.013542 0.020833
0 0.756641 0.154630 0.014323 0.023148
0 0.578125 0.242593 0.011979 0.021296
0 0.034635 0.430093 0.014063 0.018519
0 0.616797 0.664120 0.013802 0.019907
0 0.672526 0.150926 0.013281 0.014815
0 0.740365 0.075694 0.010937 0.024537
0 0.951953 0.534722 0.016927 0.018519
0 0.679297 0.785185 0.010156 0.026852
0 0.619661 0.112037 0.011198 0.022222
0 0.835807 0.588889 0.014323 0.021296
0 0.356120 0.424769 0.014844 0.015278
0 0.416276 0.229861 0.014844 0.015278
0 0.456901 0.221991 0.013281 0.014352
0 0.492318 0.251620 0.013281 0.014352
0 0.519661 0.241898 0.013281 0.014352
0 0.536979 0.234491 0.013542 0.014352
0 0.558464 0.245370 0.009635 0.020370
0 0.550781 0.333102 0.010417 0.026389
0 0.622135 0.182176 0.015104 0.021759
0 0.625651 0.472917 0.038802 0.021759
0 0.546875 0.559028 0.009375 0.023611
0 0.583594 0.607407 0.012500 0.023148
0 0.658984 0.775926 0.012760 0.025926
0 0.692578 0.842593 0.008073 0.025926
0 0.686589 0.887500 0.008073 0.025926
0 0.692318 0.949537 0.008594 0.025926
0 0.702474 0.979167 0.007552 0.022222
0 0.763802 0.882176 0.009896 0.025463
0 0.796615 0.744444 0.010937 0.029630
0 0.857292 0.655556 0.010417 0.017593
0 0.767708 0.132176 0.014583 0.027315
0 0.807682 0.177315 0.012760 0.019444
0 0.826432 0.270370 0.010677 0.025000
