0 0.635286 0.697685 0.012760 0.019444
0 0.878776 0.213889 0.014844 0.016667
0 0.722656 0.731019 0.016667 0.015741
0 0.638932 0.200926 0.014323 0.020370
0 0.673958 0.790972 0.013021 0.030093
0 0.914062 0.437963 0.033333 0.027778
0 0.770443 0.171991 0.015365 0.016204
0 0.688802 0.167593 0.016146 0.019444
0 0.062109 0.361343 0.019531 0.018056
0 0.141146 0.384954 0.016667 0.018981
0 0.344271 0.606713 0.016667 0.018981
0 0.684896 0.828241 0.010417 0.023148
0 0.703125 0.944907 0.011979 0.045370
0 0.793229 0.941435 0.009375 0.022685
0 0.907552 0.643750 0.018750 0.026389
0 0.666016 0.415741 0.017448 0.018519
0 0.817839 0.195602 0.017448 0.018056
0 0.755339 0.103935 0.010156 0.024537
