0 0.615885 0.568519 0.012500 0.019444
0 0.637891 0.107639 0.010677 0.022685
0 0.713672 0.690741 0.012760 0.022222
0 0.188151 0.556944 0.015365 0.013889
0 0.733854 0.088657 0.017708 0.015278
0 0.637500 0.609491 0.012500 0.019907
0 0.731641 0.776157 0.010156 0.023611
0 0.815755 0.076389 0.015365 0.027778
0 0.295312 0.566435 0.018750 0.015278
0 0.795573 0.094213 0.015104 0.022685
0 0.353776 0.463194 0.016927 0.013426
0 0.297656 0.396991 0.018229 0.014352
0 0.675781 0.011111 0.011458 0.021296
0 0.944401 0.467593 0.014844 0.013889
0 0.706250 0.705093 0.013542 0.022222
0 0.618229 0.528935 0.011458 0.020833
0 0.476042 0.458796 0.014583 0.012963
0 0.787891 0.023380 0.012760 0.023611
0 0.578125 0.197454 0.015104 0.016204
0 0.228255 0.376620 0.020052 0.014352
0 0.707812 0.639815 0.014583 0.015741
0 0.517448 0.217361 0.012500 0.015278
0 0.748307 0.921991 0.007031 0.024537
0 0.759245 0.934028 0.006510 0.024537
0 0.749089 0.972685 0.005990 0.028704
0 0.743359 0.838657 0.007031 0.024537
0 0.751563 0.823380 0.009896 0.030093
0 0.740885 0.763889 0.009896 0.021296
0 0.576953 0.310417 0.008073 0.021759
0 0.592057 0.318287 0.007031 0.017130
0 0.616146 0.212731 0.009896 0.018056
0 0.539714 0.213889 0.013802 0.012963
0 0.493750 0.223380 0.016146 0.012500
0 0.859505 0.109954 0.014844 0.014352
0 0.901563 0.122222 0.015104 0.012037
0 0.560677 0.208796 0.013542 0.014815
0 0.175781 0.241204 0.015625 0.011111
0 0.251953 0.399537 0.013802 0.011111
