0 0.612109 0.190972 0.014323 0.019907
0 0.428646 0.471991 0.022396 0.018056
0 0.586068 0.571528 0.013802 0.023611
0 0.583073 0.213889 0.014583 0.024074
0 0.028385 0.364120 0.021875 0.018056
0 0.117057 0.554861 0.016927 0.017130
0 0.866927 0.311343 0.018750 0.019907
0 0.860417 0.198843 0.017188 0.031019
0 0.560417 0.297917 0.012500 0.031019
0 0.930729 0.304861 0.020833 0.019907
0 0.961849 0.340046 0.020573 0.018981
0 0.074870 0.377546 0.016927 0.017130
0 0.102995 0.363657 0.016927 0.017130
0 0.044401 0.580787 0.016927 0.017130
0 0.542578 0.606944 0.032031 0.031481
0 0.730990 0.097685 0.020313 0.018519
0 0.764974 0.024769 0.011719 0.026389
