0 0.923047 0.512269 0.013281 0.018981
0 0.728125 0.753935 0.009896 0.023611
0 0.744141 0.090046 0.015885 0.015278
0 0.945443 0.481944 0.014844 0.018519
0 0.864323 0.633333 0.009375 0.024074
0 0.586719 0.190046 0.012500 0.015278
0 0.673698 0.640741 0.012500 0.014815
0 0.631901 0.622917 0.014844 0.019907
0 0.701172 0.693981 0.013281 0.023148
0 0.813021 0.116898 0.021875 0.027315
0 0.698438 0.637269 0.015104 0.016204
0 0.721745 0.699306 0.011198 0.019907
0 0.070443 0.368519 0.014323 0.018519
0 0.112370 0.568519 0.017448 0.016667
0 0.359896 0.384028 0.014583 0.017130
0 0.698698 0.724769 0.012500 0.020833
0 0.681120 0.690741 0.013281 0.023148
0 0.611849 0.202315 0.011198 0.025926
0 0.642448 0.037269 0.012500 0.024537
0 0.796745 0.040741 0.011198 0.022222
0 0.839974 0.731019 0.012760 0.026852
0 0.084115 0.240046 0.017188 0.016204
0 0.348568 0.403009 0.015365 0.015278
0 0.407292 0.568519 0.015625 0.015741
0 0.427344 0.209028 0.015625 0.015278
0 0.525000 0.184028 0.013021 0.015278
0 0.600521 0.424769 0.015104 0.012500
0 0.646094 0.163889 0.012500 0.023148
0 0.876693 0.185880 0.013281 0.028241
0 0.912370 0.428704 0.010156 0.025926
0 0.933594 0.556019 0.014583 0.021296
0 0.823698 0.799306 0.009375 0.025463
0 0.751823 0.979861 0.009375 0.025463
0 0.750000 0.946528 0.007812 0.022685
0 0.761198 0.940972 0.007812 0.022685
0 0.760417 0.883565 0.007812 0.022685
0 0.748177 0.895139 0.007812 0.022685
0 0.754427 0.826157 0.007812 0.022685
0 0.739193 0.804398 0.007552 0.022685
0 0.737370 0.745139 0.010156 0.023611
0 0.714323 0.723380 0.009896 0.023611
0 0.617318 0.517130 0.012760 0.026852
