0 0.627734 0.154167 0.012760 0.030556
0 0.249870 0.572685 0.016927 0.016667
0 0.804167 0.109028 0.017188 0.017130
0 0.862109 0.577083 0.017969 0.024537
0 0.657292 0.634954 0.016146 0.019907
0 0.988932 0.124769 0.009115 0.012500
0 0.696615 0.693287 0.013542 0.021759
0 0.372135 0.565046 0.016667 0.016204
0 0.675130 0.622685 0.016406 0.025000
0 0.582422 0.589583 0.017969 0.018056
0 0.730469 0.773843 0.009896 0.024537
0 0.737760 0.749074 0.013021 0.028704
0 0.751172 0.807870 0.010677 0.025926
0 0.852865 0.676157 0.015625 0.027315
0 0.837500 0.754630 0.019271 0.042593
0 0.756250 0.847685 0.009896 0.025926
0 0.712370 0.682176 0.013281 0.025463
0 0.431250 0.202315 0.018750 0.015741
0 0.596224 0.309722 0.012760 0.030556
0 0.870833 0.119213 0.017188 0.017130
0 0.776302 0.327315 0.018750 0.020370
0 0.865365 0.377315 0.022917 0.020370
0 0.874740 0.706250 0.015625 0.027315
0 0.721354 0.740278 0.012500 0.025000
0 0.738932 0.813426 0.010677 0.025926
0 0.746615 0.884259 0.009896 0.025926
0 0.758333 0.901389 0.009896 0.025926
0 0.749219 0.935185 0.009896 0.025926
0 0.757031 0.957870 0.009896 0.025926
0 0.749609 0.987500 0.010156 0.025000
