0 0.810026 0.632639 0.014323 0.020833
0 0.929427 0.510648 0.016146 0.023148
0 0.744141 0.778241 0.011719 0.025926
0 0.694661 0.656944 0.014323 0.025000
0 0.574479 0.589815 0.014583 0.019444
0 0.629557 0.620370 0.019010 0.018519
0 0.840234 0.110880 0.019010 0.021759
0 0.666797 0.139815 0.016927 0.024074
0 0.714714 0.726620 0.012240 0.023611
0 0.050521 0.256481 0.018750 0.015741
0 0.681380 0.668750 0.013802 0.021759
0 0.752083 0.815046 0.010937 0.028241
0 0.731120 0.733796 0.016927 0.037037
0 0.604427 0.270833 0.011979 0.026852
0 0.723958 0.343287 0.016667 0.018981
0 0.294401 0.225463 0.020052 0.019444
0 0.746484 0.845833 0.010677 0.027778
0 0.788411 0.036574 0.015885 0.029630
0 0.697656 0.722685 0.015625 0.025926
0 0.698698 0.109259 0.016146 0.022222
0 0.433854 0.406250 0.017708 0.016204
0 0.749089 0.904861 0.009115 0.031019
0 0.668359 0.676620 0.021615 0.031019
0 0.194792 0.397222 0.019271 0.020370
0 0.871745 0.161111 0.015365 0.027778
0 0.815234 0.851157 0.010156 0.030093
0 0.726953 0.768287 0.010677 0.025463
0 0.399349 0.235648 0.018490 0.018519
0 0.472396 0.233565 0.015104 0.017130
0 0.519010 0.225463 0.020313 0.019444
0 0.441406 0.387963 0.015625 0.014815
0 0.546875 0.179167 0.016146 0.020370
0 0.545182 0.583333 0.016406 0.018519
0 0.877214 0.232176 0.014844 0.031019
0 0.714453 0.365509 0.016406 0.017130
0 0.667318 0.376389 0.020573 0.017593
0 0.879427 0.564120 0.016667 0.025463
0 0.858333 0.655787 0.011458 0.029167
0 0.806901 0.909491 0.011198 0.025463
0 0.750521 0.984722 0.009375 0.022222
0 0.759505 0.950926 0.010156 0.031481
0 0.759505 0.903704 0.010156 0.031481
0 0.737760 0.810417 0.011458 0.031019
0 0.898698 0.428472 0.011979 0.029167
