0 0.913151 0.516667 0.013802 0.014815
0 0.769922 0.654167 0.014844 0.015741
0 0.610807 0.603704 0.013802 0.016667
0 0.835547 0.614120 0.012760 0.018056
0 0.724740 0.751157 0.009375 0.018981
0 0.859896 0.572454 0.011458 0.018056
0 0.972005 0.134954 0.016927 0.014352
0 0.726953 0.714583 0.010677 0.018981
0 0.508724 0.570602 0.036719 0.023611
0 0.684896 0.641667 0.012500 0.016667
0 0.709635 0.716898 0.012500 0.020833
0 0.086849 0.228241 0.014844 0.012963
0 0.661979 0.635417 0.015625 0.018056
0 0.876563 0.613657 0.013021 0.023611
0 0.858984 0.126157 0.015365 0.020833
0 0.444401 0.228241 0.013802 0.014815
0 0.774219 0.026852 0.011979 0.024074
0 0.648958 0.169676 0.011979 0.024537
0 0.891016 0.199537 0.010677 0.016667
0 0.655599 0.022917 0.013802 0.019907
0 0.774089 0.103472 0.015365 0.017130
0 0.479427 0.461574 0.017708 0.012963
0 0.747917 0.791204 0.006771 0.016667
0 0.738021 0.806481 0.011458 0.026852
0 0.153385 0.225231 0.025521 0.014352
0 0.594010 0.203704 0.013542 0.014815
0 0.955339 0.542824 0.012760 0.017130
0 0.667318 0.062731 0.014323 0.019907
0 0.618750 0.239352 0.012500 0.022222
0 0.094141 0.351620 0.014323 0.017130
0 0.597526 0.140972 0.013281 0.018056
0 0.571745 0.212037 0.013802 0.014815
0 0.598698 0.255093 0.012500 0.022222
0 0.574479 0.389352 0.015625 0.013889
0 0.708203 0.350231 0.014323 0.013426
0 0.745703 0.103472 0.015365 0.008796
0 0.880339 0.221759 0.011198 0.021296
0 0.904948 0.625231 0.013021 0.023611
0 0.739844 0.755324 0.009375 0.018981
0 0.747526 0.866435 0.011719 0.024537
0 0.756380 0.868287 0.011719 0.024537
0 0.761849 0.955324 0.008594 0.023611
0 0.750911 0.955324 0.008594 0.023611
