0 0.690104 0.646991 0.014583 0.018981
0 0.908854 0.518287 0.015104 0.019907
0 0.108073 0.525694 0.015104 0.015278
0 0.950260 0.481944 0.015625 0.017593
0 0.635026 0.076389 0.013802 0.021296
0 0.171875 0.572685 0.018750 0.015741
0 0.708594 0.711574 0.012500 0.024074
0 0.650521 0.614120 0.012500 0.019907
0 0.666797 0.128241 0.014323 0.022222
0 0.646354 0.643056 0.026042 0.034259
0 0.015885 0.559954 0.016146 0.019907
0 0.883594 0.550926 0.012500 0.024074
0 0.469661 0.567361 0.017448 0.018981
0 0.740755 0.832407 0.008073 0.016667
0 0.715495 0.774306 0.012240 0.023611
0 0.735417 0.801620 0.012500 0.026389
0 0.532422 0.214352 0.022656 0.017593
0 0.783464 0.010880 0.015365 0.020833
0 0.360286 0.228935 0.014844 0.019907
0 0.746875 0.991435 0.011458 0.017130
0 0.785937 0.061806 0.012500 0.025463
0 0.624219 0.184028 0.013021 0.019907
0 0.843229 0.110648 0.042708 0.030556
0 0.568229 0.198843 0.025000 0.018981
0 0.872656 0.605324 0.013021 0.024537
0 0.727474 0.722222 0.012760 0.024074
0 0.643229 0.580093 0.013021 0.019444
0 0.722917 0.756944 0.014063 0.025000
0 0.746094 0.797454 0.012500 0.026389
0 0.754167 0.843287 0.012500 0.026389
0 0.744010 0.876157 0.012500 0.026389
0 0.757552 0.893287 0.012500 0.026389
0 0.746615 0.916898 0.012500 0.026389
0 0.757812 0.955787 0.012500 0.026389
0 0.757161 0.993287 0.010677 0.013426
0 0.809115 0.876157 0.009375 0.027315
0 0.801823 0.940046 0.009375 0.027315
0 0.975130 0.471991 0.016927 0.016204
0 0.708464 0.365278 0.014844 0.012963
0 0.772135 0.350000 0.015625 0.016667
0 0.844141 0.307639 0.015885 0.017130
0 0.807682 0.064815 0.012760 0.020370
0 0.895833 0.235648 0.018229 0.031481
0 0.601042 0.189352 0.017708 0.015741
