0 0.610938 0.635648 0.016146 0.015741
0 0.646615 0.693750 0.014583 0.023611
0 0.674479 0.701852 0.013021 0.015741
0 0.936849 0.182870 0.017969 0.015741
0 0.583203 0.570602 0.013281 0.027315
0 0.587760 0.256944 0.012500 0.031481
0 0.703646 0.885880 0.009896 0.025463
0 0.635417 0.175231 0.016146 0.024537
0 0.258724 0.451620 0.020052 0.014352
0 0.125521 0.421991 0.019792 0.013426
0 0.286198 0.384028 0.018750 0.013426
0 0.969661 0.313657 0.023177 0.014352
0 0.676432 0.747917 0.011719 0.022685
0 0.781510 0.083796 0.013542 0.021296
0 0.066146 0.325926 0.019792 0.016667
0 0.394792 0.403935 0.019271 0.015278
0 0.935417 0.327083 0.022396 0.014352
0 0.541667 0.227315 0.016146 0.016667
0 0.469531 0.386343 0.020313 0.017130
0 0.716667 0.122454 0.022396 0.018981
0 0.776172 0.146296 0.017448 0.022222
0 0.685026 0.369444 0.020052 0.014815
0 0.404297 0.464583 0.023177 0.014352
0 0.073828 0.351157 0.020573 0.017130
0 0.834245 0.213657 0.013802 0.018981
0 0.558333 0.217130 0.017188 0.018519
0 0.200130 0.381713 0.020573 0.017130
0 0.086068 0.392361 0.020573 0.017130
0 0.263932 0.559028 0.020573 0.017130
0 0.745443 0.379630 0.020052 0.014815
0 0.833984 0.359259 0.020052 0.014815
0 0.883984 0.345833 0.020052 0.014815
0 0.770573 0.049074 0.013542 0.021296
0 0.760156 0.027315 0.013542 0.021296
0 0.758724 0.069444 0.013802 0.029630
0 0.642839 0.099074 0.013802 0.029630
0 0.922656 0.572917 0.015625 0.024537
0 0.790234 0.828241 0.011198 0.028704
0 0.694141 0.801389 0.011198 0.028704
0 0.701172 0.778704 0.011198 0.028704
0 0.716667 0.932639 0.010937 0.030093
