0 0.599089 0.204861 0.011719 0.024537
0 0.591016 0.269676 0.015365 0.035648
0 0.808594 0.206944 0.016146 0.023148
0 0.889844 0.224306 0.022396 0.015278
0 0.841536 0.673148 0.011719 0.030556
0 0.425260 0.612963 0.018229 0.017593
0 0.302214 0.413657 0.015365 0.016204
0 0.823307 0.194676 0.019531 0.018981
0 0.303906 0.600926 0.019271 0.015741
0 0.491667 0.485185 0.018229 0.013889
0 0.483594 0.505324 0.018750 0.013426
0 0.678646 0.490509 0.023958 0.017130
0 0.683464 0.795833 0.012760 0.026852
0 0.678255 0.823843 0.012240 0.022685
0 0.704167 0.864815 0.010937 0.027778
0 0.708854 0.935880 0.007812 0.026389
0 0.700000 0.979861 0.007812 0.026389
