0 0.650260 0.745833 0.013021 0.021296
0 0.972005 0.161343 0.016927 0.014352
0 0.143880 0.572685 0.014323 0.016667
0 0.620443 0.666204 0.013281 0.017593
0 0.087891 0.258102 0.019531 0.012500
0 0.587109 0.630556 0.011719 0.022222
0 0.750000 0.100694 0.014063 0.027315
0 0.673307 0.758102 0.012240 0.021759
0 0.058333 0.427315 0.020833 0.016667
0 0.230729 0.585648 0.015625 0.014815
0 0.012500 0.423611 0.020313 0.020370
0 0.177995 0.259259 0.021094 0.018519
0 0.692969 0.819444 0.011979 0.026852
0 0.702344 0.131481 0.016146 0.018519
0 0.843880 0.583565 0.011719 0.027315
0 0.616146 0.040972 0.011979 0.025463
0 0.040234 0.259491 0.020573 0.018981
0 0.608594 0.191898 0.014063 0.021759
0 0.036849 0.448611 0.021094 0.016667
0 0.176693 0.412500 0.021094 0.016667
0 0.362109 0.427778 0.021094 0.016667
0 0.481641 0.404167 0.021094 0.016667
0 0.623047 0.406944 0.021094 0.016667
0 0.753255 0.382407 0.021094 0.016667
0 0.306380 0.237963 0.021094 0.016667
0 0.359115 0.257176 0.027604 0.022685
0 0.505729 0.246528 0.027604 0.022685
0 0.565885 0.223843 0.014063 0.021759
0 0.548047 0.288657 0.009635 0.022685
0 0.552083 0.322222 0.010937 0.022222
0 0.530339 0.238889 0.014844 0.014815
0 0.839323 0.524537 0.010417 0.026852
0 0.726172 0.079861 0.014323 0.027315
0 0.736198 0.063889 0.014063 0.023148
0 0.717187 0.052546 0.011458 0.022685
0 0.708594 0.018519 0.011458 0.023148
0 0.819271 0.232407 0.014063 0.023148
0 0.942187 0.294907 0.015104 0.017593
0 0.799349 0.165509 0.016927 0.018981
0 0.653255 0.151620 0.016927 0.018981
0 0.800521 0.736343 0.008854 0.020833
0 0.701823 0.894444 0.011979 0.026852
0 0.707422 0.963889 0.012240 0.026852
0 0.694922 0.976389 0.012240 0.026852
0 0.541667 0.540046 0.009896 0.023611
