0 0.646745 0.704398 0.011719 0.019907
0 0.127604 0.260417 0.015625 0.013426
0 0.151432 0.450231 0.016406 0.015278
0 0.207161 0.584722 0.014844 0.014815
0 0.295182 0.592361 0.015885 0.017130
0 0.667839 0.786574 0.009635 0.020370
0 0.108073 0.444213 0.015104 0.014352
0 0.914062 0.177083 0.017188 0.015278
0 0.683984 0.786574 0.010677 0.022222
0 0.025651 0.260185 0.018490 0.016667
0 0.752344 0.149537 0.015104 0.014815
0 0.122917 0.468287 0.015625 0.017130
0 0.564583 0.603241 0.014583 0.025000
0 0.616927 0.683796 0.013542 0.021296
0 0.705990 0.011343 0.013542 0.021759
0 0.614323 0.182639 0.013021 0.026389
0 0.599740 0.086343 0.012500 0.026389
0 0.379557 0.409722 0.016406 0.018519
0 0.523307 0.425463 0.013802 0.019444
0 0.074740 0.392593 0.016146 0.016667
0 0.261589 0.424306 0.016406 0.015278
0 0.245833 0.242361 0.019271 0.014352
0 0.315755 0.256713 0.031510 0.022685
0 0.505339 0.243750 0.031510 0.022685
0 0.578385 0.243750 0.013021 0.026389
0 0.546615 0.290972 0.013021 0.026389
0 0.537109 0.354167 0.010156 0.021296
0 0.531771 0.241204 0.015625 0.019444
0 0.661849 0.143287 0.019531 0.018981
0 0.716276 0.051389 0.012240 0.021296
0 0.730859 0.045139 0.010677 0.022685
0 0.725391 0.078704 0.012240 0.021296
0 0.750130 0.100463 0.012240 0.021296
0 0.652474 0.407407 0.013802 0.019444
0 0.700260 0.854167 0.010937 0.027778
0 0.706771 0.936574 0.006771 0.022222
0 0.821484 0.652315 0.010677 0.022222
0 0.863542 0.496065 0.010417 0.028241
0 0.845964 0.333333 0.014844 0.016667
0 0.787240 0.184491 0.010417 0.017130
0 0.957943 0.308333 0.014844 0.016667
