0 0.933854 0.495370 0.014063 0.017593
0 0.613932 0.609722 0.015885 0.017593
0 0.694792 0.108565 0.013021 0.017130
0 0.502344 0.568519 0.016667 0.012963
0 0.906510 0.471528 0.013021 0.018981
0 0.820312 0.099306 0.016146 0.016204
0 0.751693 0.810417 0.009635 0.025463
0 0.627214 0.586806 0.014323 0.021759
0 0.640625 0.634722 0.014583 0.019444
0 0.738021 0.749769 0.009896 0.024537
0 0.732422 0.777778 0.010156 0.025926
0 0.677083 0.660185 0.012500 0.018519
0 0.149479 0.572222 0.014063 0.015741
0 0.636458 0.122685 0.013021 0.023148
0 0.801823 0.056481 0.012500 0.021296
0 0.441406 0.570139 0.016667 0.015278
0 0.684115 0.638426 0.013021 0.018519
0 0.632292 0.059954 0.011458 0.020833
0 0.911589 0.139815 0.016406 0.014815
0 0.704688 0.700231 0.013021 0.019907
0 0.136198 0.423843 0.015625 0.013426
0 0.748828 0.913194 0.009115 0.022685
0 0.832943 0.761343 0.010677 0.024537
0 0.663151 0.411574 0.012240 0.012037
0 0.743750 0.843287 0.007812 0.022685
0 0.483984 0.397917 0.010677 0.016204
0 0.387630 0.211111 0.015365 0.015741
0 0.764714 0.343750 0.016927 0.015278
0 0.755859 0.325694 0.014323 0.014352
0 0.640625 0.165972 0.011458 0.020833
0 0.618229 0.223611 0.013021 0.028704
0 0.853385 0.132870 0.012500 0.021296
0 0.917708 0.518519 0.014063 0.017593
0 0.823828 0.914815 0.008594 0.027778
0 0.760286 0.988194 0.008073 0.023611
0 0.750391 0.951157 0.008073 0.023611
0 0.760286 0.917361 0.008073 0.023611
0 0.756901 0.857639 0.009115 0.022685
0 0.644531 0.581713 0.011458 0.018981
