0 0.311198 0.573148 0.015625 0.016667
0 0.883464 0.549074 0.040365 0.050926
0 0.715885 0.728472 0.012500 0.024537
0 0.689193 0.648611 0.015885 0.025926
0 0.013411 0.338426 0.016406 0.016667
0 0.796354 0.110648 0.020313 0.027778
0 0.963672 0.468519 0.016927 0.019444
0 0.558333 0.168750 0.015625 0.019907
0 0.784245 0.022222 0.014323 0.029630
0 0.238021 0.574537 0.017188 0.016667
0 0.843880 0.718287 0.011198 0.023611
0 0.755990 0.859259 0.009896 0.029630
0 0.748047 0.794213 0.011198 0.026389
0 0.666927 0.641898 0.014583 0.019907
0 0.600521 0.179861 0.016146 0.020833
0 0.481380 0.569676 0.023177 0.019907
0 0.647396 0.593056 0.016146 0.024074
0 0.717969 0.100000 0.017188 0.018519
0 0.716016 0.773611 0.012240 0.025000
0 0.803906 0.932176 0.009375 0.026389
0 0.850130 0.131944 0.017969 0.022222
0 0.641536 0.615046 0.014323 0.020833
0 0.674349 0.682176 0.015365 0.020833
0 0.768490 0.026620 0.015104 0.031944
0 0.164193 0.567824 0.019531 0.017130
0 0.119922 0.359491 0.016927 0.015278
0 0.108203 0.245370 0.016927 0.017593
0 0.616016 0.101620 0.015885 0.030093
0 0.742578 0.350000 0.016406 0.014815
0 0.843229 0.157870 0.017708 0.027778
0 0.884896 0.188657 0.017188 0.030093
0 0.899479 0.435417 0.011458 0.029167
0 0.937630 0.488194 0.016927 0.019907
0 0.829948 0.763657 0.012500 0.031944
0 0.615885 0.519444 0.018750 0.037963
0 0.724089 0.712731 0.013281 0.030093
0 0.737630 0.799306 0.011198 0.026389
0 0.743880 0.847917 0.008073 0.022685
0 0.748437 0.900694 0.007812 0.025463
0 0.757031 0.908102 0.008333 0.029167
0 0.758594 0.954398 0.007292 0.026389
0 0.748177 0.948380 0.007292 0.026389
0 0.758073 0.980787 0.007292 0.026389
0 0.748698 0.980093 0.006771 0.024074
