0 0.613932 0.113889 0.013802 0.021296
0 0.670833 0.646296 0.013542 0.014815
0 0.807682 0.630556 0.014323 0.016667
0 0.616016 0.558796 0.011719 0.022222
0 0.193359 0.553241 0.014844 0.015741
0 0.696615 0.687731 0.011979 0.018056
0 0.615755 0.168056 0.014323 0.023148
0 0.722786 0.745602 0.008594 0.020833
0 0.774870 0.100926 0.013802 0.015741
0 0.146875 0.542824 0.015625 0.015278
0 0.828776 0.109028 0.014323 0.014352
0 0.609375 0.255324 0.012500 0.019907
0 0.754427 0.817824 0.008854 0.027315
0 0.746745 0.852315 0.008594 0.021296
0 0.729036 0.720833 0.011198 0.022222
0 0.738151 0.800694 0.008073 0.020833
0 0.649479 0.165046 0.012500 0.025463
0 0.393359 0.209028 0.015885 0.014352
0 0.377734 0.381019 0.014844 0.015741
0 0.601302 0.381713 0.019271 0.016204
0 0.587630 0.318981 0.010156 0.020370
0 0.859505 0.570370 0.013281 0.022222
0 0.895703 0.560185 0.013281 0.022222
0 0.743359 0.765509 0.009635 0.023611
0 0.830469 0.871065 0.008854 0.025463
0 0.760807 0.893981 0.008594 0.021296
0 0.888411 0.189583 0.012240 0.021759
0 0.819010 0.967361 0.008854 0.025463
0 0.752344 0.925231 0.008854 0.025463
