0 0.623698 0.646296 0.017708 0.024074
0 0.888151 0.512963 0.012760 0.029630
0 0.626693 0.110880 0.013802 0.021759
0 0.049740 0.424537 0.019271 0.016667
0 0.856380 0.604398 0.016927 0.028241
0 0.728125 0.094213 0.034896 0.023611
0 0.877734 0.236806 0.017448 0.031019
0 0.636198 0.162269 0.026042 0.040278
0 0.677344 0.733796 0.013542 0.024074
0 0.723568 0.880556 0.010156 0.026852
0 0.878385 0.183796 0.013021 0.027778
0 0.702995 0.787963 0.012760 0.028704
0 0.603776 0.221759 0.013281 0.027778
0 0.631901 0.456481 0.022135 0.015741
0 0.584115 0.228704 0.012500 0.024074
0 0.541406 0.399537 0.020313 0.017593
0 0.737760 0.913194 0.009375 0.029167
0 0.236068 0.376852 0.016406 0.013889
0 0.335807 0.581019 0.016406 0.013889
0 0.311068 0.200000 0.016406 0.013889
0 0.610286 0.373843 0.019010 0.015278
0 0.456901 0.191898 0.019010 0.015278
0 0.565755 0.193750 0.019010 0.015278
0 0.571484 0.524537 0.013281 0.027778
0 0.785807 0.015741 0.017448 0.030556
0 0.906250 0.304630 0.030208 0.026852
0 0.865755 0.659028 0.016927 0.028241
0 0.823047 0.819444 0.015365 0.036111
0 0.733854 0.852315 0.021875 0.075000
0 0.441146 0.386111 0.032292 0.020370
