0 0.557943 0.533796 0.012240 0.023148
0 0.687370 0.704630 0.015365 0.015741
0 0.837370 0.556250 0.010677 0.027315
0 0.031901 0.370139 0.015885 0.018056
0 0.654036 0.746065 0.012760 0.025463
0 0.028906 0.247454 0.018229 0.014352
0 0.672656 0.790741 0.011979 0.022222
0 0.727604 0.081250 0.011458 0.024537
0 0.412891 0.600694 0.016406 0.018056
0 0.560286 0.272917 0.010156 0.021759
0 0.079427 0.246759 0.016146 0.017593
0 0.494401 0.254167 0.010156 0.015741
0 0.684505 0.843287 0.011198 0.030093
0 0.707292 0.013657 0.010417 0.026389
0 0.122786 0.263194 0.035677 0.024537
0 0.513281 0.250000 0.013021 0.014815
0 0.535156 0.228704 0.013021 0.014815
0 0.627344 0.062269 0.012500 0.024537
0 0.590755 0.215741 0.011719 0.022222
0 0.619531 0.169213 0.014583 0.020833
0 0.645573 0.155324 0.014583 0.020833
0 0.868229 0.551389 0.015625 0.022222
0 0.605859 0.667593 0.012240 0.023148
0 0.669661 0.746528 0.012760 0.025463
0 0.681771 0.778241 0.011979 0.022222
0 0.690625 0.803704 0.011979 0.022222
0 0.700911 0.864120 0.011198 0.030093
0 0.695182 0.911806 0.011198 0.030093
0 0.707161 0.968287 0.011198 0.030093
0 0.412370 0.599769 0.016406 0.018056
