0 0.746484 0.090509 0.009115 0.021759
0 0.668880 0.801852 0.009635 0.025000
0 0.560807 0.149074 0.011719 0.021296
0 0.643620 0.703241 0.013802 0.025000
0 0.907943 0.196759 0.012760 0.012037
0 0.758073 0.155556 0.014583 0.015741
0 0.025260 0.350926 0.016146 0.016667
0 0.613672 0.696991 0.013802 0.023611
0 0.684375 0.858102 0.009375 0.023611
0 0.880729 0.410880 0.017188 0.015278
0 0.676302 0.774074 0.009896 0.025000
0 0.561198 0.552315 0.009896 0.025000
0 0.618490 0.105787 0.009896 0.022685
0 0.646745 0.161574 0.014844 0.027778
0 0.451302 0.488889 0.035937 0.025926
0 0.555729 0.420602 0.015104 0.017130
0 0.564844 0.599537 0.012500 0.024074
0 0.700781 0.909028 0.009375 0.023611
0 0.758594 0.932870 0.010937 0.026852
0 0.790625 0.829861 0.008854 0.019907
0 0.788672 0.646991 0.015365 0.021759
0 0.858724 0.655324 0.012240 0.020833
0 0.817969 0.256713 0.012500 0.025463
0 0.805990 0.186343 0.016146 0.026389
0 0.698698 0.141435 0.016667 0.014352
0 0.639323 0.043750 0.009896 0.022685
0 0.599479 0.206019 0.013021 0.021296
0 0.561068 0.296991 0.011719 0.029167
0 0.554688 0.261111 0.010417 0.024074
0 0.537891 0.234954 0.013281 0.016204
0 0.526172 0.192361 0.013281 0.016204
0 0.519141 0.240972 0.013281 0.016204
0 0.494010 0.249537 0.013021 0.014815
