0 0.626693 0.626852 0.018490 0.027778
0 0.925130 0.504398 0.017448 0.019907
0 0.631771 0.158333 0.020313 0.025926
0 0.659245 0.141435 0.018490 0.023611
0 0.645703 0.610185 0.013802 0.021296
0 0.750391 0.817130 0.008073 0.021296
0 0.782031 0.100463 0.015625 0.016667
0 0.176693 0.570139 0.046094 0.031944
0 0.700781 0.662731 0.015104 0.019907
0 0.544661 0.569676 0.019531 0.018056
0 0.690755 0.682407 0.013802 0.022222
0 0.681510 0.695139 0.013021 0.023611
0 0.447786 0.198611 0.026302 0.023148
0 0.610286 0.364583 0.016406 0.018981
0 0.785156 0.065741 0.012500 0.022222
0 0.913021 0.435185 0.010937 0.027778
0 0.451823 0.568981 0.015625 0.016667
0 0.491927 0.392130 0.020833 0.020370
0 0.804557 0.059722 0.011198 0.021296
0 0.714453 0.775000 0.009635 0.024074
0 0.618359 0.084954 0.018490 0.023611
0 0.272005 0.377546 0.020573 0.015278
0 0.536589 0.212963 0.026823 0.020370
0 0.984635 0.245833 0.013021 0.016667
0 0.754818 0.862731 0.008594 0.019907
0 0.727474 0.340509 0.017448 0.013426
0 0.472786 0.222222 0.026302 0.023148
0 0.504036 0.221296 0.026302 0.023148
0 0.570443 0.203241 0.026823 0.020370
0 0.662891 0.608333 0.013802 0.021296
0 0.731641 0.742361 0.027344 0.068056
0 0.710938 0.727778 0.020313 0.033333
0 0.699609 0.738194 0.012240 0.020833
0 0.729036 0.781250 0.010156 0.021759
0 0.735677 0.812269 0.010937 0.024537
0 0.744792 0.898843 0.009896 0.026389
0 0.755599 0.942130 0.007552 0.026852
0 0.744531 0.984722 0.007812 0.026852
0 0.755990 0.979398 0.006771 0.029167
0 0.799219 0.945833 0.011458 0.025000
0 0.899479 0.130324 0.020313 0.017130
0 0.782813 0.012500 0.016667 0.024074
