0 0.692969 0.949537 0.015104 0.041667
0 0.167448 0.299537 0.018229 0.017593
0 0.441667 0.392130 0.014583 0.019444
0 0.351562 0.387500 0.015625 0.015741
0 0.708594 0.413426 0.016146 0.015741
0 0.870833 0.832870 0.014583 0.034259
0 0.205469 0.313426 0.018229 0.017593
0 0.375260 0.398148 0.017188 0.016667
0 0.612240 0.599537 0.010937 0.041667
0 0.621354 0.465278 0.013542 0.019444
0 0.620833 0.113426 0.010417 0.026852
0 0.581510 0.446759 0.011979 0.032407
0 0.442708 0.418056 0.014583 0.019444
0 0.617448 0.393519 0.015104 0.033333
0 0.532813 0.322685 0.014583 0.023148
0 0.560156 0.267130 0.018229 0.028704
0 0.421615 0.425926 0.016146 0.016667
0 0.235156 0.346296 0.017188 0.018519
0 0.375781 0.418519 0.017188 0.016667
0 0.585938 0.213426 0.012500 0.026852
0 0.474740 0.418056 0.011979 0.026852
0 0.135937 0.668519 0.012500 0.022222
0 0.198958 0.738889 0.011458 0.024074
0 0.877865 0.407407 0.017188 0.018519
0 0.375260 0.982407 0.013021 0.031481
0 0.422917 0.793056 0.012500 0.032407
0 0.418750 0.246296 0.012500 0.027778
0 0.643490 0.789352 0.014063 0.037963
0 0.401823 0.405093 0.018229 0.015741
0 0.160677 0.258796 0.018229 0.017593
0 0.859896 0.413889 0.015625 0.018519
0 0.354167 0.412037 0.015625 0.014815
0 0.297656 0.331019 0.018229 0.015741
0 0.474740 0.223148 0.025521 0.048148
0 0.397917 0.893981 0.014583 0.034259
0 0.259635 0.377778 0.017188 0.016667
0 0.422135 0.396296 0.017188 0.016667
0 0.894531 0.902778 0.014063 0.031481
0 0.307812 0.374537 0.015625 0.015741
0 0.079427 0.305556 0.016146 0.020370
0 0.409896 0.844907 0.013542 0.032407
0 0.643229 0.452778 0.013542 0.016667
0 0.190365 0.349537 0.017188 0.017593
0 0.668490 0.865278 0.013021 0.032407
0 0.243490 0.754167 0.011979 0.025000
0 0.344531 0.916667 0.017188 0.016667
0 0.455990 0.266667 0.011979 0.038889
0 0.188021 0.715278 0.012500 0.025000
0 0.589583 0.413426 0.012500 0.026852
0 0.515885 0.268519 0.019271 0.029630
0 0.401562 0.830093 0.011458 0.032407
0 0.268490 0.358796 0.019271 0.015741
0 0.666146 0.252778 0.010417 0.025926
0 0.554688 0.542130 0.014583 0.026852
0 0.037760 0.287037 0.018229 0.024074
0 0.005469 0.307407 0.009896 0.022222
0 0.625521 0.725926 0.012500 0.033333
0 0.653646 0.143056 0.014583 0.015741
0 0.497917 0.382407 0.015625 0.024074
0 0.458333 0.585185 0.011458 0.037037
0 0.180469 0.763426 0.014063 0.026852
0 0.752083 0.743519 0.013542 0.027778
0 0.340365 0.340278 0.020313 0.021296
0 0.112760 0.532870 0.013021 0.023148
0 0.636719 0.233796 0.014063 0.015741
0 0.596875 0.536574 0.010417 0.037963
0 0.292187 0.916204 0.014583 0.023148
0 0.048177 0.744907 0.015104 0.032407
0 0.318490 0.336574 0.017188 0.015741
0 0.212760 0.816667 0.014063 0.024074
0 0.594010 0.587037 0.008854 0.031481
0 0.147917 0.694907 0.011458 0.021296
0 0.220312 0.612500 0.010417 0.025000
0 0.217969 0.362037 0.017188 0.016667
0 0.084896 0.671296 0.012500 0.025926
0 0.226562 0.735648 0.011458 0.025000
0 0.142187 0.253241 0.015625 0.015741
0 0.262760 0.633796 0.010937 0.025000
0 0.509115 0.280556 0.018229 0.029630
0 0.638021 0.219907 0.013542 0.015741
0 0.624740 0.484722 0.014063 0.021296
0 0.906250 0.933796 0.013542 0.032407
0 0.243490 0.563889 0.008854 0.027778
0 0.800781 0.858796 0.014063 0.021296
0 0.242448 0.280093 0.017188 0.015741
0 0.247396 0.658796 0.010417 0.025000
0 0.326042 0.404167 0.014583 0.015741
0 0.151562 0.593519 0.013542 0.024074
0 0.277083 0.648148 0.010417 0.031481
0 0.249740 0.317130 0.015104 0.015741
0 0.234896 0.747685 0.011458 0.026852
0 0.277083 0.688889 0.012500 0.031481
0 0.773438 0.388426 0.014583 0.015741
0 0.294010 0.658796 0.007812 0.025000
0 0.254688 0.630556 0.011458 0.031481
0 0.607292 0.659722 0.011458 0.032407
0 0.398698 0.423611 0.021354 0.021296
0 0.443490 0.699537 0.008854 0.026852
0 0.329427 0.384259 0.018229 0.018519
0 0.264062 0.321296 0.015625 0.014815
0 0.425521 0.990278 0.012500 0.015741
0 0.649740 0.168519 0.013021 0.014815
0 0.830469 0.390278 0.015104 0.019444
0 0.647917 0.012037 0.009375 0.022222
0 0.424219 0.961574 0.016146 0.021296
0 0.261458 0.673148 0.011458 0.031481
0 0.767188 0.501389 0.011458 0.026852
0 0.956771 0.887037 0.012500 0.018519
0 0.419531 0.758796 0.010937 0.026852
0 0.138021 0.612037 0.013542 0.024074
0 0.039583 0.121296 0.014583 0.025926
0 0.235937 0.618519 0.009375 0.024074
0 0.236719 0.651389 0.011979 0.025000
0 0.609896 0.555093 0.009375 0.026852
0 0.802604 0.550926 0.011458 0.025926
0 0.213021 0.766667 0.013542 0.024074
0 0.795312 0.844444 0.015625 0.020370
0 0.618229 0.051852 0.008333 0.016667
0 0.823958 0.182407 0.011458 0.024074
0 0.151042 0.518056 0.010417 0.026852
0 0.270573 0.580556 0.007812 0.022222
0 0.255208 0.666667 0.010417 0.025926
0 0.486719 0.932407 0.008854 0.029630
0 0.742188 0.710648 0.010417 0.026852
0 0.150521 0.636574 0.013542 0.025000
0 0.884375 0.865278 0.011458 0.032407
0 0.025521 0.153241 0.013542 0.025000
0 0.933854 0.938426 0.013542 0.032407
0 0.369271 0.902778 0.011458 0.025926
0 0.639583 0.043519 0.009375 0.025926
0 0.199219 0.539352 0.010937 0.026852
0 0.208333 0.271296 0.015625 0.016667
0 0.207292 0.551389 0.011458 0.026852
0 0.463542 0.972685 0.014583 0.037963
0 0.223958 0.555093 0.010417 0.026852
0 0.368490 0.306944 0.019271 0.013889
0 0.794271 0.258796 0.011458 0.023148
0 0.834896 0.648148 0.013542 0.031481
0 0.793490 0.487500 0.011979 0.025000
0 0.231510 0.644907 0.010937 0.023148
0 0.650521 0.157407 0.013542 0.014815
0 0.268490 0.677778 0.010937 0.025926
0 0.729948 0.363426 0.007812 0.023148
0 0.244792 0.624537 0.012500 0.028704
0 0.253906 0.571296 0.007812 0.022222
0 0.247917 0.769907 0.015625 0.026852
0 0.651042 0.938426 0.012500 0.019444
0 0.300260 0.591667 0.007812 0.024074
0 0.141927 0.512500 0.007812 0.026852
0 0.788021 0.289352 0.013542 0.019444
0 0.291406 0.586574 0.007812 0.025000
0 0.133333 0.558796 0.012500 0.021296
0 0.127083 0.552778 0.011458 0.022222
0 0.216146 0.713426 0.012500 0.023148
0 0.820573 0.252778 0.007812 0.022222
0 0.917708 0.970833 0.013542 0.036111
0 0.279948 0.324537 0.015104 0.015741
0 0.285938 0.652778 0.009375 0.025926
0 0.350781 0.306944 0.017188 0.013889
0 0.864062 0.735648 0.010417 0.025000
0 0.175260 0.595833 0.013021 0.025000
0 0.223177 0.273611 0.018229 0.015741
0 0.541927 0.969907 0.017188 0.019444
0 0.818750 0.746759 0.012500 0.025000
0 0.810417 0.255556 0.011458 0.029630
0 0.904167 0.855093 0.011458 0.026852
0 0.081510 0.480093 0.016146 0.015741
0 0.463021 0.991204 0.012500 0.017593
0 0.163542 0.525926 0.012500 0.031481
0 0.133333 0.510648 0.010417 0.032407
0 0.180729 0.533796 0.012500 0.030556
0 0.777604 0.243056 0.009375 0.026852
0 0.146875 0.580556 0.015625 0.022222
0 0.634375 0.266667 0.011458 0.018519
0 0.761719 0.341667 0.007812 0.020370
0 0.757552 0.282407 0.006771 0.022222
0 0.787240 0.271296 0.008854 0.024074
0 0.715625 0.293056 0.018750 0.021296
0 0.119010 0.499537 0.014063 0.019444
0 0.139063 0.571759 0.012500 0.023148
0 0.764583 0.241204 0.009375 0.028704
0 0.776042 0.535648 0.010417 0.026852
0 0.228125 0.787037 0.016667 0.024074
0 0.837760 0.725926 0.014063 0.038889
0 0.219010 0.727778 0.011979 0.025926
0 0.282813 0.385185 0.028125 0.029630
0 0.815885 0.320370 0.011979 0.029630
0 0.902604 0.311111 0.015625 0.016667
0 0.922656 0.304630 0.016146 0.012963
0 0.933594 0.204167 0.013021 0.032407
0 0.851302 0.284722 0.005729 0.008333
0 0.778646 0.272222 0.006250 0.018519
0 0.716667 0.280093 0.012500 0.013889
0 0.746094 0.356019 0.006771 0.026852
0 0.754167 0.343056 0.008333 0.019444
0 0.808594 0.441667 0.010937 0.016667
0 0.802604 0.483333 0.009375 0.031481
0 0.811198 0.573611 0.008854 0.019444
0 0.818490 0.664352 0.010937 0.025000
0 0.826823 0.693519 0.010937 0.027778
0 0.843490 0.673611 0.013021 0.034259
0 0.854688 0.704630 0.012500 0.035185
0 0.800000 0.788889 0.018750 0.025926
0 0.707031 0.993519 0.009896 0.012963
0 0.426302 0.943981 0.021354 0.013889
0 0.443490 0.770370 0.013021 0.027778
0 0.312240 0.683796 0.008854 0.028704
0 0.252604 0.820833 0.011458 0.025000
0 0.210938 0.693981 0.012500 0.026852
0 0.159375 0.713889 0.013542 0.024074
0 0.050521 0.809722 0.018750 0.047222
0 0.094010 0.565741 0.049479 0.098148
0 0.124219 0.585648 0.019271 0.028704
0 0.162240 0.598611 0.011979 0.028704
0 0.065885 0.476389 0.014063 0.015741
0 0.233854 0.560648 0.009375 0.028704
0 0.280208 0.586574 0.011458 0.032407
0 0.293229 0.615278 0.011458 0.012037
0 0.270833 0.644907 0.010417 0.026852
0 0.230208 0.617593 0.011458 0.029630
0 0.036979 0.222222 0.013542 0.048148
0 0.048698 0.103241 0.006771 0.013889
0 0.036719 0.338426 0.015104 0.012037
0 0.289323 0.295833 0.014063 0.013889
0 0.302344 0.299074 0.015104 0.016667
0 0.321094 0.303704 0.016146 0.016667
0 0.335156 0.307870 0.013021 0.013889
0 0.483594 0.161111 0.010937 0.029630
0 0.483594 0.161111 0.010937 0.029630
0 0.492708 0.192593 0.009375 0.025926
0 0.433594 0.165278 0.011979 0.026852
0 0.635938 0.250463 0.014583 0.017593
0 0.656250 0.318519 0.015625 0.018519
0 0.640885 0.208333 0.016146 0.018519
0 0.642969 0.194907 0.014063 0.013889
0 0.649479 0.184722 0.011458 0.015741
0 0.955208 0.525926 0.018750 0.014815
0 0.878906 0.781019 0.010937 0.026852
0 0.890365 0.814815 0.011979 0.029630
0 0.946615 0.973148 0.013021 0.031481
