0 0.570833 0.257870 0.014583 0.025000
0 0.137240 0.667130 0.011979 0.021296
0 0.390365 0.398148 0.016146 0.016667
0 0.366406 0.415278 0.019271 0.017593
0 0.460417 0.571296 0.009375 0.033333
0 0.872917 0.834722 0.013542 0.034259
0 0.351302 0.391204 0.015104 0.015741
0 0.415365 0.394907 0.016146 0.017593
0 0.861719 0.415278 0.016146 0.019444
0 0.575000 0.409722 0.012500 0.026852
0 0.410938 0.427778 0.015625 0.016667
0 0.676302 0.410185 0.018229 0.016667
0 0.386719 0.937500 0.014063 0.037963
0 0.221615 0.358796 0.017188 0.017593
0 0.588542 0.453241 0.010417 0.026852
0 0.370312 0.398148 0.015625 0.014815
0 0.436198 0.387037 0.016146 0.016667
0 0.581250 0.235185 0.012500 0.025926
0 0.545833 0.272685 0.013542 0.023148
0 0.298698 0.330556 0.017188 0.016667
0 0.594792 0.210185 0.011458 0.027778
0 0.274219 0.362037 0.017188 0.016667
0 0.200000 0.737037 0.012500 0.024074
0 0.169531 0.298148 0.018229 0.018519
0 0.613542 0.641667 0.013542 0.062963
0 0.180990 0.652778 0.013021 0.020370
0 0.188542 0.715278 0.013542 0.023148
0 0.494271 0.537037 0.013542 0.025926
0 0.093750 0.302315 0.020833 0.025000
0 0.651563 0.805093 0.013542 0.034259
0 0.611458 0.146296 0.012500 0.027778
0 0.666667 0.855556 0.013542 0.031481
0 0.347135 0.918519 0.016146 0.016667
0 0.150260 0.692130 0.010937 0.021296
0 0.514844 0.260648 0.021354 0.028704
0 0.265885 0.319907 0.016146 0.017593
0 0.617969 0.393056 0.017188 0.032407
0 0.208594 0.313426 0.018229 0.017593
0 0.049740 0.285185 0.014063 0.020370
0 0.429948 0.423148 0.017188 0.018519
0 0.181510 0.759722 0.014063 0.025000
0 0.248698 0.348148 0.016146 0.016667
0 0.669271 0.253704 0.010417 0.027778
0 0.639583 0.767130 0.013542 0.036111
0 0.753646 0.744907 0.013542 0.026852
0 0.457031 0.621759 0.007812 0.026852
0 0.822396 0.252778 0.010417 0.025926
0 0.880469 0.410185 0.018229 0.018519
0 0.451302 0.665278 0.008854 0.026852
0 0.679948 0.902778 0.017188 0.044444
0 0.908333 0.937500 0.013542 0.030556
0 0.235937 0.746296 0.011458 0.025926
0 0.596875 0.541667 0.010417 0.033333
0 0.801562 0.861574 0.014583 0.021296
0 0.420312 0.246296 0.012500 0.027778
0 0.273698 0.378241 0.016146 0.015741
0 0.244271 0.754167 0.011458 0.025000
0 0.476562 0.662037 0.013542 0.025926
0 0.520312 0.361574 0.014583 0.019444
0 0.342448 0.339352 0.020313 0.021296
0 0.250260 0.316204 0.015104 0.015741
0 0.244531 0.277778 0.016146 0.016667
0 0.645312 0.021296 0.010417 0.025926
0 0.827865 0.213889 0.018229 0.025926
0 0.796875 0.846296 0.015625 0.020370
0 0.213542 0.815278 0.014583 0.023148
0 0.598437 0.582407 0.011458 0.037037
0 0.021094 0.306944 0.016146 0.021296
0 0.325781 0.380556 0.018229 0.022222
0 0.145313 0.252778 0.014583 0.016667
0 0.279167 0.687037 0.011458 0.031481
0 0.638021 0.235185 0.013542 0.016667
0 0.227604 0.735648 0.011458 0.026852
0 0.389844 0.421296 0.017188 0.018519
0 0.222917 0.612500 0.010417 0.025000
0 0.278646 0.646759 0.010417 0.032407
0 0.321094 0.335648 0.018229 0.017593
0 0.650000 0.880556 0.012500 0.031481
0 0.369531 0.306019 0.020313 0.013889
0 0.340885 0.407407 0.017188 0.016667
0 0.743490 0.712037 0.008854 0.027778
0 0.443490 0.706019 0.008854 0.028704
0 0.319010 0.400463 0.018229 0.015741
0 0.805208 0.550463 0.011458 0.025000
0 0.302865 0.375926 0.017188 0.016667
0 0.215625 0.765278 0.013542 0.023148
0 0.139583 0.611574 0.013542 0.023148
0 0.895833 0.905556 0.013542 0.031481
0 0.051302 0.742130 0.015104 0.032407
0 0.886979 0.868056 0.012500 0.032407
0 0.245312 0.562500 0.009375 0.026852
0 0.426042 0.990278 0.013542 0.015741
0 0.629167 0.730093 0.010417 0.028704
0 0.488021 0.932407 0.010417 0.029630
0 0.153125 0.637037 0.013542 0.024074
0 0.257292 0.630556 0.010417 0.031481
0 0.211198 0.269907 0.016146 0.015741
0 0.293490 0.916204 0.015104 0.023148
0 0.115625 0.532407 0.014583 0.022222
0 0.424219 0.961574 0.016146 0.021296
0 0.237240 0.618056 0.010937 0.026852
0 0.935937 0.938426 0.014583 0.034259
0 0.639583 0.219907 0.013542 0.017593
0 0.238542 0.650463 0.011458 0.025000
0 0.141667 0.571296 0.012500 0.024074
0 0.509896 0.277315 0.014583 0.025000
0 0.370833 0.902778 0.010417 0.027778
0 0.698438 0.963426 0.014583 0.037963
0 0.617188 0.516667 0.018750 0.024074
0 0.270833 0.677778 0.010417 0.025926
0 0.919271 0.973611 0.013542 0.037963
0 0.352344 0.307407 0.017188 0.012963
0 0.246875 0.622685 0.009375 0.026852
0 0.789583 0.273148 0.010417 0.024074
0 0.281771 0.324537 0.014583 0.017593
0 0.250521 0.768056 0.012500 0.025000
0 0.475260 0.448148 0.010937 0.025926
0 0.163281 0.259259 0.017188 0.018519
0 0.262240 0.673148 0.011979 0.031481
0 0.759115 0.281019 0.007812 0.023148
0 0.835417 0.645833 0.013542 0.030556
0 0.051562 0.806944 0.022917 0.045370
0 0.630469 0.009722 0.010937 0.017593
0 0.404687 0.276389 0.014583 0.021296
0 0.197917 0.537500 0.011458 0.032407
0 0.475521 0.213426 0.011458 0.023148
0 0.446354 0.194907 0.010417 0.026852
0 0.620313 0.700926 0.013542 0.033333
0 0.179167 0.685185 0.011458 0.022222
0 0.312760 0.682407 0.008854 0.025926
0 0.041667 0.118056 0.013542 0.026852
0 0.880729 0.783796 0.011458 0.026852
0 0.464583 0.971759 0.014583 0.036111
0 0.153125 0.593056 0.013542 0.025000
0 0.302083 0.590278 0.010417 0.025000
0 0.153646 0.516667 0.010417 0.025926
0 0.234896 0.555093 0.009375 0.026852
0 0.839583 0.725926 0.014583 0.038889
0 0.220312 0.722685 0.012500 0.023148
0 0.247917 0.657870 0.010417 0.026852
0 0.232031 0.644907 0.010937 0.023148
0 0.217188 0.707870 0.012500 0.023148
0 0.182292 0.532407 0.010417 0.027778
0 0.463542 0.988889 0.012500 0.018519
0 0.947396 0.974537 0.014583 0.036111
0 0.229167 0.785185 0.015625 0.022222
0 0.295312 0.390278 0.023958 0.021296
0 0.622396 0.561574 0.013542 0.026852
0 0.295052 0.657870 0.007812 0.026852
0 0.135417 0.507870 0.011458 0.032407
0 0.651563 0.168981 0.013542 0.015741
0 0.655469 0.143056 0.014063 0.017593
0 0.485417 0.160648 0.010417 0.026852
0 0.794010 0.488426 0.008854 0.025000
0 0.904687 0.858796 0.011458 0.026852
0 0.321094 0.300926 0.017188 0.014815
0 0.256510 0.666667 0.010937 0.031481
0 0.137240 0.560648 0.013021 0.015741
0 0.727344 0.153241 0.017188 0.019444
0 0.764062 0.340278 0.008333 0.019444
0 0.426563 0.068519 0.013542 0.029630
0 0.210417 0.549537 0.011458 0.030556
0 0.263281 0.632870 0.010937 0.026852
0 0.144010 0.511574 0.007812 0.025000
0 0.652604 0.156944 0.013542 0.015741
0 0.287760 0.651389 0.007812 0.026852
0 0.960938 0.335185 0.017708 0.016667
0 0.748177 0.355556 0.007812 0.025926
0 0.293490 0.587037 0.008854 0.025926
0 0.655990 0.319907 0.015104 0.019444
0 0.779167 0.538889 0.010417 0.024074
0 0.225521 0.554630 0.011458 0.029630
0 0.797917 0.260648 0.010417 0.026852
0 0.865885 0.737963 0.014063 0.029630
0 0.254948 0.569907 0.007812 0.021296
0 0.199740 0.656019 0.013021 0.019444
0 0.176563 0.594907 0.014583 0.025000
0 0.271615 0.579167 0.007812 0.021296
0 0.906250 0.311111 0.014583 0.014815
0 0.924219 0.305556 0.013021 0.011111
0 0.957812 0.527778 0.018750 0.012963
0 0.958594 0.890741 0.014063 0.016667
0 0.892708 0.818981 0.013542 0.030556
0 0.821615 0.667593 0.011979 0.029630
0 0.846354 0.677778 0.011458 0.029630
0 0.854688 0.706019 0.012500 0.026852
0 0.829167 0.693981 0.012500 0.028704
0 0.812760 0.575926 0.008854 0.020370
0 0.810417 0.442130 0.008333 0.013889
0 0.817708 0.321759 0.011458 0.030556
0 0.853906 0.286111 0.008854 0.011111
0 0.827083 0.184259 0.010417 0.027778
0 0.935937 0.206019 0.013542 0.028704
0 0.768750 0.504167 0.011458 0.030556
0 0.784115 0.551852 0.006771 0.009259
0 0.732292 0.365278 0.010417 0.026852
0 0.718750 0.296759 0.018750 0.019444
0 0.719010 0.280556 0.013021 0.014815
0 0.781510 0.243056 0.006771 0.025000
0 0.780729 0.277778 0.007292 0.020370
0 0.757031 0.344907 0.008854 0.019444
0 0.802083 0.789815 0.017708 0.022222
0 0.652865 0.939352 0.008854 0.015741
0 0.603906 0.729630 0.032813 0.075926
0 0.444531 0.640278 0.007812 0.021296
0 0.486979 0.370370 0.011458 0.020370
0 0.495052 0.192593 0.007812 0.024074
0 0.407813 0.069444 0.011458 0.027778
0 0.634896 0.100463 0.014583 0.017593
0 0.651563 0.186574 0.012500 0.015741
0 0.646354 0.197222 0.014583 0.012963
0 0.644531 0.210648 0.017188 0.015741
0 0.636719 0.250463 0.015104 0.015741
0 0.636719 0.268519 0.008854 0.012963
0 0.228125 0.275926 0.016667 0.016667
0 0.291667 0.294907 0.011458 0.013889
0 0.304948 0.299074 0.014063 0.014815
0 0.338802 0.308333 0.015104 0.014815
0 0.039062 0.336574 0.013542 0.012037
0 0.051042 0.101852 0.006250 0.016667
0 0.068750 0.475000 0.011458 0.014815
0 0.084896 0.481944 0.015625 0.015741
0 0.122135 0.498611 0.015104 0.017593
0 0.094531 0.562037 0.051562 0.100000
0 0.127604 0.585648 0.016667 0.026852
0 0.160677 0.714352 0.013021 0.025000
0 0.164844 0.596759 0.011979 0.026852
0 0.150781 0.582407 0.014063 0.025926
0 0.130729 0.550926 0.014583 0.020370
0 0.255729 0.820833 0.011458 0.023148
0 0.273177 0.641204 0.008854 0.025000
0 0.232292 0.616204 0.010417 0.028704
0 0.284635 0.584722 0.011979 0.030556
0 0.193229 0.537037 0.010417 0.027778
0 0.165625 0.524537 0.008333 0.028704
0 0.174479 0.529167 0.006250 0.030556
0 0.211979 0.693056 0.015625 0.025000
0 0.427083 0.945370 0.023958 0.016667
0 0.545052 0.971296 0.018229 0.018519
0 0.953646 0.305093 0.008333 0.012037
0 0.217448 0.554630 0.009896 0.031481
0 0.007031 0.908796 0.013021 0.058333
