0 0.426302 0.422685 0.016146 0.019444
0 0.379427 0.423148 0.016146 0.018519
0 0.441667 0.706944 0.012500 0.034259
0 0.925781 0.348148 0.017188 0.014815
0 0.338281 0.409259 0.015104 0.018519
0 0.423177 0.393056 0.015104 0.019444
0 0.398698 0.399537 0.016146 0.017593
0 0.861719 0.416667 0.015104 0.016667
0 0.266146 0.375926 0.015625 0.018519
0 0.270313 0.720833 0.014583 0.019444
0 0.219010 0.360185 0.017188 0.016667
0 0.199740 0.737037 0.011979 0.024074
0 0.298698 0.330556 0.017188 0.016667
0 0.133073 0.305556 0.017188 0.018519
0 0.904948 0.314352 0.016146 0.013889
0 0.137500 0.666667 0.012500 0.022222
0 0.345833 0.916667 0.015625 0.016667
0 0.870313 0.836574 0.013542 0.034259
0 0.619531 0.393981 0.015104 0.034259
0 0.899740 0.404167 0.015104 0.015741
0 0.406510 0.425463 0.015104 0.019444
0 0.295052 0.368519 0.017188 0.016667
0 0.188542 0.713426 0.013542 0.025000
0 0.697135 0.471296 0.020313 0.024074
0 0.878906 0.412037 0.017188 0.018519
0 0.419792 0.277778 0.012500 0.024074
0 0.272135 0.352315 0.016146 0.015741
0 0.455729 0.387037 0.011458 0.027778
0 0.305469 0.393056 0.017188 0.015741
0 0.323177 0.380556 0.017188 0.018519
0 0.568490 0.556944 0.014063 0.021296
0 0.185677 0.324537 0.017188 0.019444
0 0.640365 0.051852 0.010937 0.027778
0 0.150260 0.691204 0.010937 0.021296
0 0.616146 0.752315 0.013542 0.034259
0 0.458333 0.176389 0.013542 0.030556
0 0.321094 0.335648 0.018229 0.017593
0 0.217969 0.338889 0.019271 0.018519
0 0.455469 0.620833 0.007812 0.025000
0 0.293490 0.915278 0.015104 0.023148
0 0.109635 0.297685 0.016146 0.019444
0 0.581250 0.377315 0.014583 0.026852
0 0.343490 0.340278 0.020313 0.021296
0 0.517708 0.269907 0.015625 0.023148
0 0.450260 0.664352 0.008854 0.028704
0 0.244531 0.369907 0.018229 0.019444
0 0.442188 0.188426 0.009375 0.026852
0 0.214583 0.762500 0.014583 0.023148
0 0.669271 0.875926 0.013542 0.033333
0 0.222396 0.610648 0.011458 0.025000
0 0.917969 0.973611 0.014063 0.037963
0 0.907031 0.938889 0.014063 0.031481
0 0.948177 0.371296 0.017188 0.016667
0 0.144792 0.252778 0.015625 0.018519
0 0.244271 0.753241 0.011458 0.025000
0 0.162760 0.313426 0.018229 0.017593
0 0.180990 0.762037 0.015104 0.024074
0 0.178385 0.338889 0.016146 0.018519
0 0.452604 0.491667 0.012500 0.033333
0 0.754167 0.746759 0.012500 0.026852
0 0.556250 0.354630 0.013542 0.027778
0 0.794010 0.491204 0.010937 0.026852
0 0.234896 0.746296 0.011458 0.025926
0 0.265885 0.319907 0.016146 0.017593
0 0.047135 0.283796 0.016146 0.019444
0 0.793490 0.438426 0.016146 0.026852
0 0.170052 0.296296 0.017188 0.016667
0 0.208073 0.312037 0.017188 0.018519
0 0.461458 0.343056 0.009375 0.028704
0 0.021875 0.175000 0.011458 0.024074
0 0.213281 0.813426 0.015104 0.023148
0 0.146615 0.328241 0.017188 0.019444
0 0.894010 0.907870 0.013021 0.030556
0 0.682813 0.982407 0.011458 0.027778
0 0.151562 0.635185 0.013542 0.024074
0 0.768229 0.501389 0.011458 0.025000
0 0.646354 0.013426 0.009375 0.023148
0 0.759115 0.282407 0.007812 0.022222
0 0.669010 0.253241 0.010937 0.025000
0 0.585677 0.426389 0.019271 0.047222
0 0.804167 0.551389 0.011458 0.025000
0 0.244531 0.277778 0.016146 0.016667
0 0.933854 0.941667 0.013542 0.033333
0 0.002865 0.298148 0.004687 0.022222
0 0.419792 0.245833 0.011458 0.026852
0 0.131510 0.351389 0.016146 0.019444
0 0.742448 0.712500 0.008854 0.026852
0 0.789583 0.273148 0.010417 0.024074
0 0.042188 0.118056 0.012500 0.026852
0 0.153125 0.590278 0.013542 0.023148
0 0.876302 0.362037 0.016146 0.014815
0 0.763281 0.344907 0.007812 0.019444
0 0.762240 0.249537 0.008854 0.026852
0 0.312760 0.681019 0.007812 0.026852
0 0.227604 0.733796 0.011458 0.026852
0 0.277083 0.645833 0.010417 0.032407
0 0.139583 0.612037 0.013542 0.024074
0 0.642188 0.479167 0.013542 0.019444
0 0.211198 0.268519 0.016146 0.016667
0 0.369010 0.306019 0.019271 0.013889
0 0.163281 0.255556 0.017188 0.018519
0 0.245312 0.563889 0.009375 0.027778
0 0.614062 0.668519 0.010417 0.027778
0 0.255469 0.625926 0.010937 0.027778
0 0.834896 0.648611 0.013542 0.032407
0 0.246875 0.621296 0.009375 0.025926
0 0.800781 0.862037 0.014063 0.022222
0 0.395052 0.866204 0.008854 0.032407
0 0.141667 0.571296 0.014583 0.024074
0 0.796875 0.849537 0.015625 0.019444
0 0.821875 0.254167 0.009375 0.023148
0 0.655208 0.144907 0.013542 0.017593
0 0.050260 0.741667 0.018229 0.031481
0 0.425521 0.989352 0.012500 0.015741
0 0.768490 0.303241 0.013021 0.026852
0 0.252083 0.315741 0.015625 0.014815
0 0.281510 0.324537 0.015104 0.017593
0 0.295052 0.657407 0.007812 0.025926
0 0.031771 0.148148 0.012500 0.025926
0 0.638021 0.235648 0.013542 0.015741
0 0.238542 0.650463 0.011458 0.025000
0 0.250260 0.768056 0.013021 0.023148
0 0.116146 0.530093 0.013542 0.021296
0 0.042969 0.804167 0.014063 0.036111
0 0.771354 0.245833 0.009375 0.025000
0 0.654687 0.883796 0.011458 0.026852
0 0.639583 0.518056 0.014583 0.021296
0 0.487240 0.932407 0.010937 0.029630
0 0.232031 0.644907 0.010937 0.023148
0 0.352344 0.306944 0.017188 0.013889
0 0.904167 0.860648 0.010417 0.028704
0 0.126042 0.581019 0.013542 0.023148
0 0.367448 0.452778 0.019271 0.022222
0 0.837240 0.385185 0.015104 0.016667
0 0.238281 0.616204 0.010937 0.025000
0 0.321094 0.299537 0.017188 0.015741
0 0.864062 0.738426 0.010417 0.026852
0 0.202344 0.539815 0.010937 0.029630
0 0.778646 0.539352 0.010417 0.023148
0 0.133854 0.556019 0.013542 0.021296
0 0.220312 0.723148 0.012500 0.024074
0 0.305469 0.673611 0.006771 0.025000
0 0.813281 0.257870 0.010937 0.026852
0 0.426563 0.962037 0.019792 0.022222
0 0.301563 0.589352 0.009375 0.025000
0 0.432292 0.749537 0.010417 0.025000
0 0.247917 0.657870 0.010417 0.026852
0 0.153646 0.515278 0.010417 0.025000
0 0.636458 0.266204 0.011458 0.015741
0 0.270833 0.675463 0.010417 0.025000
0 0.639583 0.287037 0.014583 0.018519
0 0.233333 0.554167 0.009375 0.026852
0 0.369792 0.901389 0.010417 0.025000
0 0.227604 0.781944 0.015625 0.023148
0 0.217188 0.707407 0.012500 0.024074
0 0.655469 0.321296 0.014063 0.018519
0 0.129688 0.549537 0.013542 0.021296
0 0.956510 0.891667 0.013021 0.016667
0 0.411719 0.881944 0.010937 0.026852
0 0.461458 0.988426 0.013542 0.017593
0 0.797917 0.262037 0.010417 0.025926
0 0.956510 0.528241 0.015104 0.015741
0 0.262760 0.632407 0.008854 0.025926
0 0.639583 0.221759 0.013542 0.015741
0 0.652604 0.168519 0.011458 0.016667
0 0.923438 0.307407 0.015625 0.012963
0 0.801302 0.791204 0.019271 0.025000
0 0.255990 0.666667 0.011979 0.031481
0 0.463542 0.971296 0.014583 0.037037
0 0.258333 0.567593 0.010417 0.029630
0 0.287760 0.651389 0.007812 0.026852
0 0.144010 0.509722 0.007812 0.025000
0 0.262240 0.673148 0.011979 0.031481
0 0.464844 0.284259 0.009896 0.027778
0 0.578385 0.686574 0.024479 0.047222
0 0.891146 0.823148 0.015625 0.038889
0 0.218229 0.553241 0.012500 0.032407
0 0.271615 0.578241 0.007812 0.021296
0 0.135937 0.508796 0.010417 0.028704
0 0.355469 0.390278 0.027604 0.025000
0 0.192708 0.535648 0.010417 0.026852
0 0.884375 0.871296 0.009375 0.027778
0 0.278646 0.682870 0.010417 0.026852
0 0.834896 0.252315 0.010417 0.023148
0 0.880208 0.785648 0.010417 0.025000
0 0.654167 0.157870 0.011458 0.015741
0 0.945312 0.975463 0.013542 0.034259
0 0.747135 0.353241 0.007812 0.019444
0 0.281510 0.581019 0.008854 0.026852
0 0.293490 0.586574 0.008854 0.026852
0 0.122396 0.496296 0.014583 0.018519
0 0.225521 0.553241 0.011458 0.030556
0 0.780469 0.275926 0.007812 0.020370
0 0.935417 0.208333 0.010417 0.029630
0 0.827083 0.185648 0.008333 0.026852
0 0.854167 0.287500 0.007292 0.008333
0 0.817448 0.325463 0.011979 0.028704
0 0.781510 0.247222 0.009896 0.025926
0 0.718490 0.281944 0.014063 0.010185
0 0.718229 0.297685 0.018750 0.017593
0 0.732031 0.365741 0.009896 0.025926
0 0.756510 0.343981 0.006771 0.015741
0 0.812500 0.577315 0.011458 0.019444
0 0.820052 0.668519 0.011979 0.031481
0 0.844792 0.678241 0.012500 0.028704
0 0.828125 0.695833 0.012500 0.030556
0 0.854948 0.707407 0.011979 0.027778
0 0.838802 0.729630 0.014063 0.035185
0 0.805469 0.880556 0.016146 0.012963
0 0.651042 0.940741 0.009375 0.014815
0 0.543490 0.974074 0.017188 0.018519
0 0.427083 0.944444 0.021875 0.016667
0 0.178385 0.728241 0.025521 0.045370
0 0.211198 0.692593 0.013021 0.025926
0 0.273177 0.642593 0.010937 0.025926
0 0.231510 0.615278 0.010937 0.028704
0 0.208854 0.551389 0.011458 0.030556
0 0.165104 0.524074 0.010417 0.029630
0 0.174740 0.527315 0.010937 0.030556
0 0.183854 0.531944 0.009375 0.030556
0 0.176563 0.596759 0.013542 0.030556
0 0.164323 0.594444 0.013021 0.022222
0 0.116667 0.624537 0.037500 0.028704
0 0.082812 0.538889 0.029167 0.053704
0 0.067969 0.472685 0.014063 0.015741
0 0.084635 0.480556 0.016146 0.016667
0 0.077865 0.690741 0.010937 0.024074
0 0.052344 0.805093 0.018229 0.041667
0 0.251563 0.815278 0.007292 0.013889
0 0.486719 0.162500 0.010937 0.025000
0 0.495052 0.193056 0.007812 0.023148
0 0.414062 0.025926 0.008333 0.022222
0 0.616146 0.320370 0.008333 0.016667
0 0.637240 0.251852 0.015104 0.016667
0 0.644010 0.212037 0.013021 0.014815
0 0.646354 0.196759 0.012500 0.013889
0 0.650521 0.186111 0.010417 0.012963
0 0.810937 0.444907 0.008333 0.012037
0 0.227865 0.274537 0.016146 0.015741
0 0.291667 0.295370 0.011458 0.012963
0 0.305469 0.298611 0.014063 0.017593
0 0.337760 0.306944 0.011979 0.013889
0 0.240885 0.311111 0.009896 0.012963
0 0.038542 0.334722 0.014583 0.012037
0 0.041146 0.229167 0.015625 0.047222
0 0.051823 0.099074 0.006771 0.014815
0 0.159896 0.711574 0.011458 0.025000
