0 0.484896 0.355556 0.015625 0.020370
0 0.344531 0.410185 0.017188 0.018519
0 0.441667 0.707407 0.012500 0.033333
0 0.424219 0.424537 0.016146 0.019444
0 0.698958 0.975463 0.013542 0.036111
0 0.237760 0.337037 0.015104 0.018519
0 0.390885 0.400926 0.016146 0.018519
0 0.860677 0.416667 0.016146 0.016667
0 0.421875 0.394444 0.015625 0.020370
0 0.879427 0.410185 0.016146 0.016667
0 0.899740 0.402778 0.015104 0.018519
0 0.291927 0.368056 0.017188 0.017593
0 0.346094 0.916667 0.016146 0.016667
0 0.375260 0.419907 0.015104 0.019444
0 0.584896 0.441204 0.010417 0.026852
0 0.674219 0.459259 0.015104 0.018519
0 0.885156 0.385185 0.018229 0.018519
0 0.306510 0.396296 0.017188 0.018519
0 0.347135 0.322685 0.016146 0.013889
0 0.261719 0.354167 0.017188 0.017593
0 0.298698 0.330556 0.017188 0.016667
0 0.870833 0.837500 0.012500 0.036111
0 0.256510 0.705556 0.013021 0.022222
0 0.200000 0.737037 0.012500 0.024074
0 0.632812 0.066667 0.011458 0.027778
0 0.188542 0.712500 0.013542 0.025000
0 0.976823 0.331944 0.016146 0.015741
0 0.454427 0.629167 0.007812 0.026852
0 0.492448 0.643519 0.015104 0.025926
0 0.291667 0.386574 0.015625 0.015741
0 0.618490 0.393981 0.015104 0.034259
0 0.904948 0.313426 0.016146 0.013889
0 0.293490 0.915278 0.015104 0.021296
0 0.451562 0.664352 0.010417 0.032407
0 0.643229 0.282407 0.013542 0.016667
0 0.244271 0.752315 0.011458 0.025000
0 0.208073 0.335185 0.017188 0.018519
0 0.180469 0.321296 0.018229 0.018519
0 0.181510 0.758796 0.014063 0.025000
0 0.214583 0.763426 0.014583 0.021296
0 0.150260 0.692130 0.010937 0.021296
0 0.753125 0.745833 0.012500 0.026852
0 0.136458 0.666204 0.011458 0.021296
0 0.446094 0.624537 0.006771 0.028704
0 0.133073 0.304167 0.017188 0.017593
0 0.448698 0.551389 0.008854 0.028704
0 0.669010 0.253241 0.010937 0.025000
0 0.464583 0.392130 0.010417 0.028704
0 0.600000 0.587037 0.012500 0.033333
0 0.320573 0.335185 0.017188 0.016667
0 0.241927 0.366667 0.018229 0.016667
0 0.342969 0.340278 0.019271 0.019444
0 0.235937 0.746296 0.011458 0.025926
0 0.369792 0.900463 0.010417 0.026852
0 0.020833 0.173148 0.011458 0.024074
0 0.573698 0.218519 0.008854 0.024074
0 0.222396 0.612037 0.011458 0.025926
0 0.907031 0.938889 0.014063 0.031481
0 0.265885 0.319907 0.016146 0.017593
0 0.213542 0.813426 0.014583 0.023148
0 0.265104 0.374537 0.015625 0.015741
0 0.244531 0.277778 0.016146 0.016667
0 0.834896 0.647685 0.012500 0.032407
0 0.425521 0.988426 0.012500 0.017593
0 0.144792 0.252778 0.015625 0.018519
0 0.655208 0.143519 0.013542 0.016667
0 0.211198 0.268519 0.016146 0.016667
0 0.804688 0.552778 0.010417 0.024074
0 0.208073 0.310185 0.017188 0.018519
0 0.894010 0.907407 0.013021 0.031481
0 0.278646 0.648148 0.009375 0.033333
0 0.157552 0.312037 0.018229 0.016667
0 0.757812 0.283796 0.009375 0.026852
0 0.769531 0.227778 0.010937 0.025926
0 0.419792 0.246296 0.011458 0.027778
0 0.153646 0.631944 0.014583 0.030556
0 0.369010 0.307407 0.019271 0.014815
0 0.511198 0.277315 0.018229 0.028704
0 0.449740 0.488426 0.008854 0.032407
0 0.917188 0.973611 0.014583 0.037963
0 0.636719 0.483796 0.014063 0.021296
0 0.163281 0.255556 0.017188 0.018519
0 0.163281 0.332407 0.017188 0.016667
0 0.252344 0.317130 0.016146 0.015741
0 0.228646 0.735185 0.010417 0.027778
0 0.153125 0.590278 0.013542 0.023148
0 0.043229 0.118056 0.012500 0.026852
0 0.962240 0.385185 0.015104 0.018519
0 0.742969 0.711574 0.010937 0.026852
0 0.795833 0.846759 0.014583 0.019444
0 0.313802 0.681019 0.007812 0.026852
0 0.256771 0.629167 0.011458 0.030556
0 0.821875 0.254167 0.009375 0.023148
0 0.762760 0.344907 0.007812 0.019444
0 0.638021 0.235648 0.013542 0.015741
0 0.800260 0.862037 0.013021 0.022222
0 0.141406 0.325926 0.017188 0.016667
0 0.041927 0.282407 0.019271 0.024074
0 0.488021 0.932407 0.010417 0.029630
0 0.031771 0.148148 0.012500 0.025926
0 0.238542 0.649537 0.011458 0.025000
0 0.250260 0.766667 0.013021 0.024074
0 0.194010 0.348148 0.016146 0.016667
0 0.789583 0.273611 0.010417 0.025000
0 0.654948 0.321296 0.015104 0.016667
0 0.141146 0.610648 0.013542 0.023148
0 0.932813 0.941667 0.013542 0.033333
0 0.245312 0.562500 0.009375 0.026852
0 0.169010 0.296296 0.017188 0.016667
0 0.246875 0.621296 0.009375 0.025926
0 0.757812 0.225926 0.011458 0.029630
0 0.768229 0.502778 0.011458 0.025926
0 0.114583 0.530556 0.013542 0.022222
0 0.042969 0.803241 0.014063 0.036111
0 0.904167 0.860648 0.011458 0.028704
0 0.295052 0.657407 0.007812 0.025926
0 0.282813 0.324537 0.014583 0.017593
0 0.238281 0.616204 0.010937 0.025000
0 0.198958 0.536574 0.011458 0.032407
0 0.424219 0.960648 0.015104 0.021296
0 0.720833 0.462500 0.015625 0.021296
0 0.778646 0.540278 0.010417 0.023148
0 0.468490 0.443519 0.010937 0.027778
0 0.050260 0.740278 0.018229 0.030556
0 0.432292 0.750926 0.010417 0.024074
0 0.142708 0.568056 0.012500 0.023148
0 0.217708 0.707870 0.013542 0.023148
0 0.270833 0.675463 0.010417 0.025000
0 0.220833 0.722685 0.015625 0.021296
0 0.645052 0.018981 0.008854 0.025000
0 0.500781 0.248148 0.018229 0.029630
0 0.279167 0.687037 0.010417 0.031481
0 0.256771 0.666667 0.011458 0.031481
0 0.828906 0.407407 0.018229 0.022222
0 0.797917 0.259722 0.010417 0.026852
0 0.301563 0.589352 0.009375 0.025000
0 0.287760 0.650463 0.007812 0.026852
0 0.651563 0.168519 0.011458 0.016667
0 0.305469 0.672685 0.006771 0.025000
0 0.794271 0.491204 0.011458 0.026852
0 0.234896 0.554167 0.009375 0.026852
0 0.629167 0.736574 0.012500 0.037963
0 0.227604 0.781944 0.015625 0.023148
0 0.247917 0.658796 0.010417 0.026852
0 0.886719 0.876389 0.010937 0.025000
0 0.463542 0.972685 0.014583 0.037963
0 0.636458 0.267130 0.011458 0.015741
0 0.839063 0.806019 0.015625 0.023148
0 0.462500 0.988889 0.012500 0.018519
0 0.153646 0.516667 0.010417 0.025926
0 0.834896 0.252778 0.010417 0.024074
0 0.210938 0.547685 0.012500 0.032407
0 0.639583 0.221759 0.013542 0.015741
0 0.232031 0.644907 0.010937 0.023148
0 0.255469 0.565278 0.010937 0.025000
0 0.262760 0.631944 0.008854 0.026852
0 0.071354 0.704167 0.011458 0.021296
0 0.352344 0.307870 0.017188 0.013889
0 0.126042 0.581019 0.013542 0.023148
0 0.812760 0.257870 0.011979 0.026852
0 0.133854 0.555093 0.013542 0.021296
0 0.144010 0.510648 0.008854 0.026852
0 0.541927 0.969907 0.017188 0.019444
0 0.129688 0.548611 0.013542 0.023148
0 0.180990 0.527778 0.011979 0.031481
0 0.271615 0.579630 0.007812 0.020370
0 0.770052 0.281944 0.008854 0.026852
0 0.263281 0.671296 0.010937 0.031481
0 0.654687 0.157870 0.012500 0.015741
0 0.192188 0.534722 0.009375 0.025000
0 0.135937 0.508796 0.010417 0.028704
0 0.321094 0.299537 0.017188 0.013889
0 0.164062 0.520833 0.011458 0.032407
0 0.225521 0.552315 0.011458 0.030556
0 0.272135 0.642130 0.007812 0.025000
0 0.174219 0.593981 0.015104 0.025000
0 0.956510 0.890278 0.013021 0.017593
0 0.329167 0.380093 0.028125 0.028704
0 0.936198 0.206944 0.011979 0.028704
0 0.827344 0.186111 0.010937 0.025926
0 0.853125 0.287037 0.006250 0.009259
0 0.816927 0.324537 0.013021 0.028704
0 0.732552 0.366667 0.008854 0.025926
0 0.748177 0.354167 0.008854 0.019444
0 0.757552 0.344444 0.006771 0.012963
0 0.719010 0.297222 0.019271 0.020370
0 0.718490 0.282407 0.015104 0.016667
0 0.780729 0.246759 0.011458 0.028704
0 0.809115 0.444907 0.009896 0.012037
0 0.810677 0.575000 0.010937 0.016667
0 0.955990 0.529630 0.017188 0.016667
0 0.820052 0.667130 0.013021 0.026852
0 0.827604 0.695370 0.012500 0.029630
0 0.845052 0.678241 0.014063 0.028704
0 0.838542 0.728241 0.014583 0.032407
0 0.849740 0.727315 0.011979 0.030556
0 0.853385 0.706944 0.015104 0.025000
0 0.864583 0.739352 0.011458 0.026852
0 0.878906 0.784259 0.013021 0.031481
0 0.891667 0.822222 0.013542 0.033333
0 0.945052 0.975463 0.016146 0.034259
0 0.800521 0.793056 0.017708 0.025000
0 0.803646 0.880556 0.016667 0.014815
0 0.684635 0.989352 0.009896 0.021296
0 0.922656 0.309722 0.013021 0.010185
0 0.636458 0.251852 0.013542 0.014815
0 0.643229 0.209722 0.012500 0.015741
0 0.646354 0.198148 0.011458 0.009259
0 0.651302 0.186111 0.009896 0.016667
0 0.512760 0.363889 0.025521 0.029630
0 0.337760 0.306944 0.014063 0.013889
0 0.239844 0.311111 0.009896 0.018519
0 0.289844 0.293519 0.013021 0.014815
0 0.304948 0.296296 0.016146 0.018519
0 0.227604 0.275463 0.015625 0.015741
0 0.042448 0.228241 0.015104 0.050926
0 0.051042 0.100000 0.008333 0.016667
0 0.038542 0.334722 0.015625 0.012037
0 0.068750 0.472685 0.012500 0.013889
0 0.084375 0.479630 0.015625 0.016667
0 0.122656 0.498148 0.017188 0.018519
0 0.173698 0.528704 0.007812 0.033333
0 0.217448 0.550000 0.008854 0.031481
0 0.283333 0.583333 0.012500 0.031481
0 0.231250 0.616204 0.011458 0.032407
0 0.211719 0.692593 0.013021 0.025926
0 0.252344 0.813426 0.006771 0.012037
0 0.097396 0.632407 0.031250 0.055556
0 0.146354 0.657870 0.030208 0.049074
0 0.085156 0.537963 0.031771 0.055556
0 0.149740 0.579630 0.013021 0.025926
0 0.163802 0.592593 0.014063 0.024074
0 0.159115 0.711111 0.009896 0.024074
0 0.052344 0.803704 0.017188 0.042593
0 0.426823 0.940741 0.021354 0.022222
0 0.649479 0.879167 0.020833 0.052778
0 0.651563 0.941204 0.008333 0.015741
0 0.415885 0.565741 0.005729 0.027778
0 0.486719 0.162500 0.010937 0.026852
0 0.495052 0.192593 0.008854 0.025926
