0 0.136979 0.667130 0.012500 0.021296
0 0.478906 0.545370 0.021354 0.037037
0 0.648698 0.469444 0.015104 0.020370
0 0.313281 0.400926 0.017188 0.018519
0 0.321615 0.377778 0.016146 0.018519
0 0.870313 0.835185 0.013542 0.033333
0 0.183073 0.344907 0.016146 0.017593
0 0.859635 0.415278 0.016146 0.017593
0 0.406771 0.845833 0.014583 0.034259
0 0.380208 0.964352 0.012500 0.047222
0 0.877865 0.409259 0.017188 0.018519
0 0.223438 0.332407 0.015625 0.016667
0 0.433594 0.385185 0.019271 0.024074
0 0.537760 0.306944 0.013021 0.023148
0 0.198958 0.737037 0.011458 0.024074
0 0.364583 0.393519 0.015625 0.016667
0 0.207031 0.312037 0.017188 0.016667
0 0.167969 0.296296 0.017188 0.016667
0 0.598958 0.532407 0.010417 0.037037
0 0.898698 0.400926 0.015104 0.016667
0 0.857031 0.396296 0.016146 0.016667
0 0.916406 0.371296 0.018229 0.014815
0 0.298177 0.330556 0.018229 0.016667
0 0.507552 0.275463 0.015104 0.023148
0 0.277865 0.382407 0.016146 0.016667
0 0.426302 0.421759 0.016146 0.019444
0 0.618490 0.393519 0.015104 0.033333
0 0.576823 0.376389 0.018229 0.028704
0 0.187760 0.713426 0.013021 0.025000
0 0.553646 0.375926 0.015625 0.022222
0 0.445312 0.609722 0.009375 0.028704
0 0.599479 0.158796 0.011458 0.028704
0 0.346094 0.916667 0.016146 0.016667
0 0.515885 0.568056 0.016146 0.019444
0 0.397135 0.397685 0.018229 0.015741
0 0.211198 0.357407 0.017188 0.018519
0 0.469271 0.214352 0.014583 0.032407
0 0.990885 0.324537 0.016146 0.019444
0 0.447917 0.574537 0.009375 0.028704
0 0.615365 0.497685 0.017188 0.026852
0 0.018750 0.174537 0.011458 0.023148
0 0.457552 0.308796 0.008854 0.026852
0 0.547917 0.610185 0.014583 0.025926
0 0.267448 0.358796 0.017188 0.015741
0 0.149219 0.692130 0.010937 0.021296
0 0.711719 0.140278 0.017188 0.019444
0 0.457031 0.245370 0.009896 0.024074
0 0.340885 0.340278 0.019271 0.021296
0 0.180469 0.760648 0.014063 0.026852
0 0.667188 0.252778 0.010417 0.025926
0 0.419792 0.246296 0.012500 0.027778
0 0.161198 0.335185 0.017188 0.018519
0 0.232813 0.362037 0.015625 0.018519
0 0.465625 0.363889 0.011458 0.027778
0 0.039844 0.275463 0.017188 0.019444
0 0.245052 0.348148 0.017188 0.016667
0 0.575521 0.649537 0.013542 0.026852
0 0.581510 0.694907 0.015104 0.032407
0 0.368490 0.306019 0.019271 0.013889
0 0.243490 0.754167 0.011979 0.026852
0 0.470833 0.441204 0.011458 0.032407
0 0.339323 0.409259 0.016146 0.018519
0 0.448698 0.673148 0.007812 0.024074
0 0.464583 0.501389 0.012500 0.036111
0 0.242969 0.277778 0.017188 0.016667
0 0.752083 0.743056 0.013542 0.026852
0 0.894531 0.902315 0.014063 0.032407
0 0.040625 0.118056 0.013542 0.026852
0 0.613802 0.651852 0.009896 0.025926
0 0.144010 0.252778 0.015104 0.016667
0 0.220833 0.611574 0.011458 0.025000
0 0.425521 0.990278 0.012500 0.015741
0 0.234896 0.746296 0.011458 0.025926
0 0.212240 0.815278 0.015104 0.023148
0 0.272396 0.727778 0.015625 0.018519
0 0.255208 0.625926 0.010417 0.027778
0 0.150521 0.633796 0.013542 0.025000
0 0.917708 0.969907 0.013542 0.034259
0 0.906250 0.933796 0.013542 0.032407
0 0.438021 0.183796 0.012500 0.041667
0 0.505469 0.359722 0.015104 0.025000
0 0.320052 0.337037 0.018229 0.018519
0 0.244531 0.562500 0.008854 0.026852
0 0.373698 0.419907 0.016146 0.017593
0 0.114583 0.531019 0.013542 0.023148
0 0.258073 0.375926 0.016146 0.016667
0 0.266146 0.321296 0.015625 0.018519
0 0.099219 0.297685 0.018229 0.023148
0 0.800781 0.859722 0.014063 0.021296
0 0.292448 0.915278 0.015104 0.023148
0 0.294010 0.657870 0.007812 0.025000
0 0.226562 0.735648 0.011458 0.026852
0 0.277083 0.646296 0.010417 0.031481
0 0.795312 0.846296 0.015625 0.020370
0 0.351823 0.306944 0.017188 0.013889
0 0.164323 0.367130 0.017188 0.019444
0 0.369792 0.902778 0.010417 0.025926
0 0.742188 0.708796 0.010417 0.030556
0 0.846875 0.256944 0.010417 0.025000
0 0.486719 0.932407 0.008854 0.029630
0 0.664583 0.107407 0.014583 0.018519
0 0.490104 0.251389 0.014583 0.026852
0 0.311719 0.679167 0.007812 0.025000
0 0.758073 0.281019 0.007812 0.023148
0 0.884375 0.866667 0.011458 0.033333
0 0.244531 0.622685 0.008854 0.026852
0 0.153125 0.591667 0.013542 0.024074
0 0.247396 0.657407 0.010417 0.025926
0 0.923177 0.331019 0.016146 0.017593
0 0.462760 0.972685 0.014063 0.037963
0 0.262760 0.633796 0.010937 0.026852
0 0.210417 0.271296 0.014583 0.018519
0 0.650521 0.168056 0.013542 0.015741
0 0.139063 0.610648 0.013542 0.023148
0 0.237760 0.650463 0.011979 0.025000
0 0.654167 0.143519 0.013542 0.016667
0 0.651563 0.157407 0.013542 0.016667
0 0.636458 0.233796 0.013542 0.015741
0 0.198958 0.538426 0.011458 0.032407
0 0.030208 0.148148 0.012500 0.024074
0 0.261458 0.671296 0.011458 0.031481
0 0.231510 0.643981 0.010937 0.023148
0 0.162240 0.256019 0.017188 0.017593
0 0.654167 0.818056 0.023958 0.056481
0 0.878646 0.785185 0.011458 0.024074
0 0.042188 0.806019 0.014583 0.036111
0 0.766146 0.242130 0.009375 0.026852
0 0.213021 0.763426 0.013542 0.023148
0 0.904167 0.856019 0.010417 0.026852
0 0.255469 0.666667 0.010937 0.025926
0 0.301302 0.589352 0.008854 0.025000
0 0.270573 0.579167 0.007812 0.021296
0 0.278125 0.685185 0.011458 0.027778
0 0.431510 0.744907 0.010937 0.026852
0 0.291146 0.368981 0.027083 0.015741
0 0.286198 0.651389 0.008854 0.026852
0 0.933854 0.938426 0.013542 0.032407
0 0.635417 0.266667 0.011458 0.016667
0 0.049479 0.743056 0.013542 0.032407
0 0.152083 0.515278 0.010417 0.025000
0 0.794010 0.488426 0.010937 0.025000
0 0.424219 0.962037 0.016146 0.022222
0 0.792448 0.550463 0.008854 0.025000
0 0.236458 0.616667 0.010417 0.024074
0 0.956771 0.887037 0.012500 0.016667
0 0.779427 0.274537 0.007812 0.021296
0 0.441406 0.656019 0.007812 0.023148
0 0.129167 0.551389 0.012500 0.023148
0 0.804688 0.550926 0.010417 0.025926
0 0.270313 0.676389 0.010417 0.023148
0 0.761719 0.341667 0.007812 0.018519
0 0.067708 0.472685 0.014583 0.013889
0 0.139583 0.571296 0.013542 0.024074
0 0.142969 0.511574 0.007812 0.025000
0 0.864062 0.736574 0.010417 0.026852
0 0.061979 0.741204 0.011458 0.026852
0 0.955469 0.525463 0.015104 0.015741
0 0.134115 0.508796 0.007812 0.028704
0 0.250521 0.768056 0.012500 0.023148
0 0.251823 0.315741 0.011979 0.014815
0 0.083594 0.477778 0.016146 0.014815
0 0.292448 0.586574 0.008854 0.026852
0 0.838542 0.727315 0.014583 0.039815
0 0.304427 0.674537 0.006771 0.025000
0 0.649740 0.182407 0.013021 0.014815
0 0.729948 0.363889 0.007812 0.022222
0 0.716927 0.293519 0.019271 0.024074
0 0.181510 0.530093 0.010937 0.028704
0 0.788281 0.273148 0.008854 0.025926
0 0.254948 0.566204 0.008854 0.025000
0 0.820312 0.252778 0.009375 0.024074
0 0.833333 0.250463 0.010417 0.023148
0 0.298958 0.620833 0.012500 0.021296
0 0.825260 0.183796 0.010937 0.023148
0 0.207813 0.549537 0.010417 0.026852
0 0.227604 0.783796 0.015625 0.021296
0 0.320573 0.299537 0.017188 0.013889
0 0.540885 0.968519 0.017188 0.018519
0 0.224219 0.554167 0.010937 0.025000
0 0.944271 0.972685 0.013542 0.034259
0 0.462500 0.988889 0.012500 0.018519
0 0.281510 0.324537 0.015104 0.017593
0 0.818229 0.749537 0.013542 0.025000
0 0.767708 0.502315 0.010417 0.025000
0 0.125521 0.582407 0.012500 0.025926
0 0.132812 0.557407 0.013542 0.022222
0 0.177865 0.597222 0.013021 0.024074
0 0.163021 0.522685 0.011458 0.032407
0 0.778646 0.244907 0.009375 0.026852
0 0.818750 0.667130 0.012500 0.034259
0 0.747135 0.352778 0.007812 0.018519
0 0.219271 0.723148 0.012500 0.024074
0 0.934896 0.207870 0.011458 0.032407
0 0.904167 0.312963 0.013542 0.016667
0 0.921094 0.306481 0.011979 0.011111
0 0.809896 0.442130 0.008333 0.013889
0 0.775260 0.531481 0.011979 0.024074
0 0.810156 0.574537 0.009896 0.017593
0 0.834115 0.645370 0.013021 0.025926
0 0.844010 0.675463 0.013021 0.026852
0 0.827083 0.693056 0.010417 0.025000
0 0.853906 0.704167 0.013021 0.025000
0 0.800521 0.788426 0.015625 0.021296
0 0.890885 0.819444 0.015104 0.029630
0 0.804427 0.878704 0.019271 0.012963
0 0.592187 0.687037 0.012500 0.024074
0 0.656771 0.317130 0.013542 0.015741
0 0.754687 0.341667 0.007292 0.016667
0 0.816667 0.320833 0.011458 0.030556
0 0.796875 0.261111 0.010417 0.027778
0 0.643490 0.211574 0.016146 0.013889
0 0.645573 0.195833 0.013021 0.013889
0 0.635938 0.250463 0.013542 0.017593
0 0.717448 0.281481 0.015104 0.014815
0 0.492969 0.193056 0.008854 0.026852
0 0.484896 0.161574 0.011458 0.028704
0 0.400000 0.422685 0.026042 0.023148
0 0.290104 0.294444 0.011458 0.012963
0 0.303646 0.297685 0.014583 0.015741
0 0.336719 0.306481 0.011979 0.014815
0 0.239844 0.310648 0.009896 0.012037
0 0.226042 0.275926 0.015625 0.014815
0 0.271354 0.640741 0.010417 0.024074
0 0.231250 0.615741 0.010417 0.027778
0 0.281771 0.584722 0.012500 0.034259
0 0.234115 0.557407 0.009896 0.027778
0 0.215625 0.554167 0.009375 0.030556
0 0.192448 0.535648 0.010937 0.030556
0 0.163021 0.596296 0.014583 0.025926
0 0.149219 0.581944 0.013021 0.025000
0 0.121875 0.499074 0.014583 0.016667
0 0.160156 0.712963 0.011979 0.025926
0 0.082812 0.662500 0.023958 0.060185
0 0.051302 0.805556 0.017188 0.042593
0 0.250781 0.816204 0.006771 0.012037
0 0.210677 0.693981 0.013021 0.025000
0 0.216927 0.710648 0.014063 0.023148
0 0.427344 0.944444 0.020313 0.018519
0 0.040885 0.230556 0.015104 0.044444
0 0.037500 0.334722 0.013542 0.010185
0 0.049219 0.102315 0.006771 0.013889
0 0.389844 0.065741 0.014063 0.014815
0 0.651302 0.937963 0.008854 0.014815
0 0.093750 0.560648 0.053125 0.108333
