0 0.689583 0.941667 0.013542 0.037037
0 0.638281 0.456019 0.015104 0.019444
0 0.135937 0.668056 0.012500 0.021296
0 0.660417 0.443519 0.014583 0.020370
0 0.870313 0.833796 0.013542 0.034259
0 0.167969 0.299537 0.017188 0.017593
0 0.236198 0.346296 0.017188 0.016667
0 0.859635 0.415278 0.016146 0.019444
0 0.398698 0.403241 0.017188 0.015741
0 0.607812 0.306019 0.012500 0.025000
0 0.435156 0.424537 0.016146 0.019444
0 0.206510 0.315278 0.018229 0.019444
0 0.377083 0.395833 0.015625 0.015741
0 0.878906 0.407407 0.017188 0.016667
0 0.203385 0.355556 0.016146 0.018519
0 0.174219 0.664815 0.015104 0.020370
0 0.462760 0.556019 0.010937 0.036111
0 0.614583 0.468519 0.013542 0.018519
0 0.330469 0.383796 0.015104 0.015741
0 0.667448 0.862500 0.015104 0.041667
0 0.420573 0.402315 0.016146 0.015741
0 0.588542 0.218981 0.014583 0.030556
0 0.617448 0.393056 0.015104 0.034259
0 0.638281 0.012963 0.010937 0.024074
0 0.346094 0.918981 0.016146 0.015741
0 0.507031 0.618519 0.017188 0.029630
0 0.161198 0.260185 0.017188 0.018519
0 0.606771 0.657407 0.011458 0.037037
0 0.561719 0.266204 0.014063 0.023148
0 0.460417 0.293056 0.011458 0.032407
0 0.668229 0.253241 0.012500 0.025000
0 0.622917 0.104167 0.010417 0.025000
0 0.270052 0.360648 0.020313 0.021296
0 0.198958 0.738426 0.011458 0.023148
0 0.463021 0.193981 0.013542 0.030556
0 0.335677 0.408796 0.016146 0.015741
0 0.636719 0.235185 0.014063 0.016667
0 0.635938 0.755093 0.012500 0.032407
0 0.645312 0.797685 0.014583 0.036111
0 0.298177 0.331019 0.018229 0.017593
0 0.123698 0.307407 0.015104 0.016667
0 0.583854 0.676389 0.014583 0.032407
0 0.179948 0.343981 0.017188 0.019444
0 0.419792 0.248148 0.012500 0.027778
0 0.142969 0.254167 0.015104 0.019444
0 0.244010 0.754167 0.010937 0.025000
0 0.382552 0.423148 0.018229 0.018519
0 0.641146 0.041667 0.009375 0.025926
0 0.506510 0.268056 0.028646 0.043519
0 0.292969 0.918519 0.014063 0.022222
0 0.653646 0.143519 0.012500 0.016667
0 0.612240 0.625463 0.010937 0.036111
0 0.536979 0.319907 0.013542 0.021296
0 0.442448 0.386574 0.017188 0.019444
0 0.187760 0.716667 0.013021 0.024074
0 0.642708 0.476389 0.014583 0.021296
0 0.609896 0.171296 0.009375 0.025926
0 0.617188 0.775463 0.012500 0.032407
0 0.472917 0.446759 0.010417 0.028704
0 0.113542 0.532870 0.013542 0.023148
0 0.580208 0.430556 0.010417 0.027778
0 0.180208 0.762500 0.013542 0.025000
0 0.135156 0.327315 0.018229 0.019444
0 0.221354 0.613426 0.010417 0.025000
0 0.155990 0.327315 0.016146 0.019444
0 0.752083 0.744907 0.013542 0.026852
0 0.227344 0.738889 0.013021 0.022222
0 0.278646 0.688889 0.012500 0.031481
0 0.284115 0.387037 0.017188 0.016667
0 0.148958 0.696296 0.011458 0.020370
0 0.341406 0.341667 0.020313 0.020370
0 0.447917 0.674537 0.009375 0.026852
0 0.244531 0.566204 0.008854 0.026852
0 0.213542 0.816667 0.014583 0.024074
0 0.151562 0.593519 0.013542 0.024074
0 0.894531 0.902315 0.014063 0.032407
0 0.603125 0.548611 0.011458 0.039815
0 0.357552 0.413889 0.017188 0.016667
0 0.454688 0.608796 0.009375 0.034259
0 0.368490 0.307870 0.019271 0.013889
0 0.834896 0.646759 0.012500 0.032407
0 0.638021 0.221759 0.013542 0.015741
0 0.758073 0.281019 0.007812 0.023148
0 0.357031 0.393519 0.018229 0.018519
0 0.906250 0.937037 0.013542 0.031481
0 0.800781 0.860648 0.014063 0.021296
0 0.405990 0.424537 0.022396 0.021296
0 0.369792 0.902778 0.010417 0.025926
0 0.029687 0.151389 0.012500 0.025000
0 0.277083 0.649537 0.010417 0.030556
0 0.516146 0.318981 0.015625 0.023148
0 0.216146 0.712500 0.012500 0.023148
0 0.319010 0.336574 0.016146 0.015741
0 0.240365 0.373148 0.017188 0.018519
0 0.213021 0.766204 0.013542 0.023148
0 0.151042 0.637037 0.014583 0.024074
0 0.247917 0.658796 0.010417 0.025000
0 0.242448 0.281019 0.017188 0.015741
0 0.255208 0.627315 0.010417 0.026852
0 0.039062 0.121296 0.013542 0.025926
0 0.632031 0.075463 0.008854 0.028704
0 0.312760 0.681944 0.007812 0.026852
0 0.651042 0.168981 0.012500 0.015741
0 0.261458 0.673148 0.011458 0.031481
0 0.488021 0.934259 0.010417 0.029630
0 0.424219 0.962500 0.015104 0.021296
0 0.742969 0.710648 0.010937 0.026852
0 0.652083 0.157870 0.012500 0.015741
0 0.262760 0.633796 0.010937 0.025000
0 0.244531 0.624537 0.008854 0.026852
0 0.294010 0.658796 0.007812 0.025000
0 0.933854 0.938426 0.013542 0.032407
0 0.049219 0.744907 0.015104 0.032407
0 0.250260 0.317130 0.016146 0.015741
0 0.885417 0.865278 0.011458 0.032407
0 0.235417 0.747685 0.010417 0.026852
0 0.955469 0.523611 0.015104 0.015741
0 0.265104 0.321296 0.015625 0.016667
0 0.463542 0.973148 0.014583 0.037037
0 0.918490 0.973148 0.013021 0.037037
0 0.805729 0.553241 0.012500 0.032407
0 0.635938 0.266667 0.012500 0.018519
0 0.239063 0.656481 0.013542 0.025926
0 0.796875 0.845833 0.015625 0.021296
0 0.264844 0.379167 0.017188 0.017593
0 0.236458 0.619907 0.010417 0.023148
0 0.200260 0.540278 0.010937 0.026852
0 0.152083 0.517130 0.010417 0.025000
0 0.351823 0.307407 0.016146 0.014815
0 0.818750 0.667130 0.012500 0.034259
0 0.221094 0.728241 0.014063 0.025000
0 0.128906 0.555093 0.010937 0.026852
0 0.864583 0.736574 0.010417 0.026852
0 0.292448 0.586574 0.008854 0.025000
0 0.223958 0.555093 0.010417 0.025000
0 0.667188 0.944907 0.012500 0.034259
0 0.619792 0.493519 0.014583 0.020370
0 0.764583 0.243519 0.009375 0.027778
0 0.139063 0.613426 0.013542 0.023148
0 0.905208 0.860648 0.013542 0.036111
0 0.300781 0.593056 0.007812 0.023148
0 0.651042 0.010648 0.010417 0.019444
0 0.779427 0.274537 0.007812 0.021296
0 0.250521 0.768519 0.012500 0.024074
0 0.269271 0.676389 0.010417 0.025000
0 0.794531 0.260185 0.010937 0.024074
0 0.228646 0.787037 0.014583 0.022222
0 0.139583 0.571759 0.013542 0.023148
0 0.270573 0.580093 0.007812 0.021296
0 0.426563 0.993056 0.012500 0.013889
0 0.180469 0.532870 0.010937 0.028704
0 0.794010 0.488889 0.010937 0.024074
0 0.176563 0.596759 0.014583 0.025000
0 0.134896 0.510185 0.010417 0.033333
0 0.746615 0.354630 0.006771 0.024074
0 0.776042 0.534722 0.010417 0.025000
0 0.767708 0.502778 0.010417 0.025926
0 0.879687 0.783796 0.011458 0.023148
0 0.286198 0.652778 0.007812 0.025926
0 0.253906 0.571296 0.007812 0.022222
0 0.207813 0.551389 0.010417 0.025000
0 0.320573 0.301389 0.016146 0.013889
0 0.650000 0.182870 0.012500 0.015741
0 0.051042 0.808333 0.021875 0.048148
0 0.163021 0.525926 0.011458 0.031481
0 0.255469 0.668056 0.010937 0.026852
0 0.623958 0.719907 0.012500 0.036111
0 0.788281 0.273148 0.008854 0.025926
0 0.142969 0.512037 0.011979 0.031481
0 0.347396 0.993981 0.011458 0.008333
0 0.304427 0.675463 0.006771 0.025000
0 0.617188 0.139352 0.010417 0.025000
0 0.281510 0.327778 0.015104 0.016667
0 0.779167 0.244907 0.010417 0.025000
0 0.761719 0.343056 0.007812 0.019444
0 0.232292 0.648148 0.012500 0.024074
0 0.209896 0.273148 0.015625 0.016667
0 0.119792 0.499537 0.014583 0.019444
0 0.730990 0.365278 0.009896 0.026852
0 0.947396 0.974537 0.014583 0.032407
0 0.147656 0.581019 0.017188 0.021296
0 0.304167 0.393519 0.027083 0.031481
0 0.934115 0.207870 0.009896 0.032407
0 0.825781 0.183796 0.008854 0.028704
0 0.903385 0.312963 0.015104 0.014815
0 0.921615 0.307407 0.010937 0.009259
0 0.816406 0.323611 0.010937 0.030556
0 0.812760 0.258796 0.010937 0.030556
0 0.821354 0.253241 0.007292 0.026852
0 0.718229 0.295370 0.019792 0.020370
0 0.655990 0.318981 0.015104 0.019444
0 0.644010 0.197222 0.011979 0.012963
0 0.642969 0.211574 0.016146 0.013889
0 0.636458 0.250463 0.013542 0.017593
0 0.620052 0.677315 0.008854 0.026852
0 0.652344 0.938889 0.008854 0.016667
0 0.800781 0.790278 0.018229 0.023148
0 0.958594 0.887500 0.018229 0.015741
0 0.839323 0.726389 0.011979 0.034259
0 0.828125 0.694907 0.010417 0.026852
0 0.844010 0.675463 0.014063 0.028704
0 0.854427 0.704167 0.013021 0.026852
0 0.892188 0.817130 0.014583 0.034259
0 0.717448 0.280556 0.015104 0.014815
0 0.037500 0.338889 0.013542 0.012963
0 0.039844 0.232407 0.015104 0.048148
0 0.049479 0.103704 0.008333 0.020370
0 0.067448 0.477778 0.013021 0.018519
0 0.083594 0.483796 0.016146 0.017593
0 0.094271 0.564352 0.050000 0.102778
0 0.124740 0.586574 0.017188 0.032407
0 0.159635 0.716204 0.013021 0.028704
0 0.210417 0.696296 0.013542 0.025926
0 0.162760 0.596759 0.010937 0.025000
0 0.135937 0.561111 0.011458 0.018519
0 0.484635 0.162963 0.008854 0.029630
0 0.492708 0.194444 0.006250 0.022222
0 0.336198 0.308333 0.015104 0.011111
0 0.253125 0.821759 0.009375 0.021296
0 0.272135 0.642593 0.010937 0.022222
0 0.230208 0.616667 0.010417 0.027778
0 0.006771 0.908796 0.012500 0.056481
0 0.003646 0.951852 0.006250 0.020370
0 0.191667 0.537963 0.009375 0.029630
0 0.172917 0.530093 0.008333 0.030556
0 0.234115 0.560648 0.008854 0.025000
0 0.283073 0.587500 0.011979 0.032407
0 0.426563 0.945833 0.020833 0.019444
0 0.463021 0.992130 0.008333 0.015741
0 0.543750 0.974074 0.019792 0.025926
0 0.289062 0.294907 0.014583 0.013889
0 0.303906 0.299074 0.015104 0.016667
0 0.225781 0.276852 0.016146 0.016667
0 0.755990 0.344444 0.008854 0.018519
0 0.811719 0.575000 0.010937 0.022222
0 0.809375 0.440741 0.009375 0.014815
