0 0.37031 0.41667 0.01719 0.01574
0 0.9 0.40185 0.01615 0.01667
0 0.4 0.84352 0.01354 0.03241
0 0.86094 0.41481 0.01615 0.01667
0 0.39115 0.39907 0.02135 0.01574
0 0.13646 0.66574 0.01146 0.02222
0 0.29844 0.38796 0.01823 0.01852
0 0.64167 0.45463 0.01719 0.01852
0 0.87187 0.83519 0.01354 0.03333
0 0.925 0.35556 0.01458 0.01852
0 0.87917 0.40833 0.01719 0.01667
0 0.12656 0.30093 0.01615 0.01944
0 0.46667 0.52407 0.01146 0.03611
0 0.60208 0.56852 0.00937 0.03426
0 0.86302 0.37037 0.01562 0.01574
0 0.55208 0.29444 0.01458 0.02315
0 0.34635 0.38426 0.01823 0.01944
0 0.68125 0.44907 0.01615 0.01667
0 0.14948 0.69167 0.01042 0.02222
0 0.51823 0.56667 0.01354 0.025
0 0.62292 0.10648 0.01042 0.02407
0 0.475 0.47685 0.0125 0.03333
0 0.18802 0.71204 0.01354 0.025
0 0.61875 0.46852 0.01615 0.01944
0 0.52396 0.27037 0.01562 0.02315
0 0.63698 0.76111 0.01458 0.04074
0 0.19948 0.73611 0.0125 0.02407
0 0.18177 0.75833 0.01458 0.025
0 0.42708 0.77593 0.01042 0.03241
0 0.51042 0.2787 0.01562 0.02407
0 0.3901 0.90833 0.01354 0.03333
0 0.20781 0.30926 0.01615 0.01667
0 0.42656 0.41667 0.01615 0.01944
0 0.60677 0.63611 0.01042 0.03704
0 0.65885 0.46204 0.01615 0.01667
0 0.40885 0.90278 0.01146 0.02778
0 0.44844 0.20741 0.0125 0.03426
0 0.34323 0.33796 0.01927 0.0213
0 0.40573 0.42407 0.01927 0.01667
0 0.41615 0.39722 0.01927 0.01667
0 0.42552 0.98889 0.01146 0.01667
0 0.43802 0.38889 0.01719 0.01852
0 0.34323 0.40741 0.01719 0.01852
0 0.32083 0.33333 0.01719 0.01667
0 0.36875 0.30556 0.01823 0.01481
0 0.61875 0.39259 0.01562 0.03426
0 0.63698 0.825 0.01458 0.03333
0 0.24375 0.75185 0.01146 0.025
0 0.16979 0.31574 0.01615 0.01852
0 0.16979 0.29537 0.01615 0.01667
0 0.2151 0.76204 0.01458 0.02315
0 0.64062 0.475 0.01458 0.01852
0 0.47656 0.23148 0.0125 0.02685
0 0.42083 0.2463 0.0125 0.02778
0 0.34479 0.91481 0.01719 0.01667
0 0.24479 0.27685 0.01615 0.01574
0 0.48281 0.37778 0.01458 0.01944
0 0.73802 0.30278 0.01562 0.01574
0 0.62031 0.7037 0.01458 0.03611
0 0.61562 0.13796 0.00937 0.02407
0 0.14479 0.25093 0.01458 0.01852
0 0.65469 0.14259 0.0125 0.01667
0 0.77083 0.24259 0.00937 0.025
0 0.29844 0.32778 0.01823 0.01667
0 0.4724 0.425 0.01146 0.03241
0 0.59219 0.50833 0.00937 0.02685
0 0.66927 0.25185 0.01042 0.025
0 0.91771 0.97222 0.01354 0.03611
0 0.28177 0.36204 0.01927 0.01852
0 0.61146 0.73241 0.0125 0.03611
0 0.64948 0.01389 0.01042 0.02593
0 0.12708 0.63426 0.02396 0.03241
0 0.2349 0.74352 0.01146 0.02685
0 0.23698 0.34444 0.01823 0.01852
0 0.0099 0.27407 0.01927 0.02222
0 0.2224 0.61111 0.01146 0.02593
0 0.1151 0.52963 0.01354 0.02222
0 0.24479 0.62037 0.00937 0.02593
0 0.80104 0.86111 0.01458 0.02037
0 0.15365 0.59074 0.01458 0.02407
0 0.26146 0.37407 0.01823 0.02315
0 0.66563 0.93889 0.01562 0.03796
0 0.06927 0.72315 0.01354 0.03148
0 0.7526 0.74352 0.01354 0.02685
0 0.80469 0.55093 0.01042 0.02407
0 0.1526 0.63241 0.01458 0.025
0 0.22187 0.35926 0.01719 0.01852
0 0.2776 0.64444 0.01042 0.03241
0 0.35313 0.30556 0.01615 0.01481
0 0.44688 0.68519 0.00937 0.02593
0 0.0375 0.28426 0.01719 0.01944
0 0.9349 0.93981 0.0125 0.03333
0 0.58229 0.65741 0.01458 0.03333
0 0.21354 0.81296 0.01562 0.02407
0 0.90677 0.93704 0.01354 0.03056
0 0.79688 0.84537 0.01615 0.02037
0 0.14115 0.56852 0.01354 0.02407
0 0.32135 0.29815 0.01719 0.01574
0 0.50938 0.35185 0.01562 0.025
0 0.8349 0.64722 0.01354 0.03148
0 0.90625 0.89444 0.01458 0.03796
0 0.03125 0.1463 0.0125 0.02593
0 0.75833 0.27778 0.00937 0.025
0 0.6375 0.23426 0.01354 0.01481
0 0.1625 0.25463 0.01719 0.01852
0 0.6401 0.28611 0.01458 0.01852
0 0.88438 0.86389 0.01146 0.03241
0 0.74323 0.70833 0.01042 0.03056
0 0.07083 0.28426 0.01615 0.01852
0 0.23802 0.65 0.01146 0.025
0 0.25 0.31389 0.01823 0.01667
0 0.3526 0.95926 0.03281 0.03148
0 0.01927 0.1713 0.01146 0.025
0 0.48698 0.93148 0.00937 0.03056
0 0.0849 0.30278 0.01562 0.01852
0 0.16146 0.33611 0.01458 0.01667
0 0.31302 0.68056 0.00781 0.02593
0 0.27813 0.68333 0.01354 0.03241
0 0.22708 0.73241 0.01146 0.025
0 0.79375 0.48889 0.00937 0.025
0 0.89635 0.90093 0.01354 0.03426
0 0.29271 0.91389 0.01562 0.02315
0 0.05052 0.74259 0.01562 0.03611
0 0.26615 0.31759 0.01615 0.01574
0 0.21563 0.70648 0.01146 0.02407
0 0.46406 0.9713 0.01458 0.03796
0 0.58073 0.38519 0.02031 0.02963
0 0.36979 0.9 0.01146 0.02593
0 0.6401 0.21944 0.01354 0.01667
0 0.49792 0.24537 0.01146 0.02222
0 0.05521 0.75926 0.01354 0.02593
0 0.6526 0.16852 0.0125 0.01481
0 0.19844 0.53519 0.0125 0.03241
0 0.81927 0.66759 0.0125 0.03426
0 0.23229 0.64352 0.01042 0.02407
0 0.29531 0.65741 0.00781 0.02593
0 0.23698 0.61389 0.00937 0.02407
0 0.68073 0.90926 0.0125 0.03981
0 0.90417 0.8537 0.01354 0.03426
0 0.25938 0.62778 0.01146 0.03056
0 0.7776 0.53611 0.01042 0.02315
0 0.94583 0.97407 0.01354 0.03333
0 0.30156 0.58889 0.00937 0.02593
0 0.04115 0.11389 0.01719 0.03056
0 0.7901 0.26944 0.01042 0.025
0 0.21979 0.72222 0.0125 0.02407
0 0.76458 0.34259 0.01042 0.0213
0 0.48542 0.16019 0.01042 0.02593
0 0.28646 0.65093 0.00937 0.02593
0 0.25521 0.62593 0.01042 0.02778
0 0.22552 0.77685 0.0224 0.03241
0 0.10052 0.29167 0.01615 0.01667
0 0.8224 0.25278 0.01042 0.02407
0 0.8651 0.73704 0.01042 0.02685
0 0.26354 0.63056 0.01042 0.02593
0 0.78177 0.40648 0.01719 0.01574
0 0.95833 0.88796 0.01458 0.01574
0 0.65052 0.18241 0.0125 0.01574
0 0.21146 0.26852 0.01719 0.01667
0 0.24479 0.56204 0.00937 0.02685
0 0.18125 0.52778 0.01146 0.03148
0 0.14323 0.50833 0.00937 0.02685
0 0.25729 0.66574 0.01146 0.03148
0 0.81927 0.75093 0.01354 0.02407
0 0.95677 0.52593 0.01562 0.01481
0 0.46302 0.98796 0.0125 0.01944
0 0.28281 0.58148 0.00937 0.02778
0 0.08438 0.66667 0.01146 0.025
0 0.2625 0.67222 0.01146 0.03148
0 0.27135 0.67407 0.01042 0.025
0 0.42448 0.96111 0.01615 0.02037
0 0.75469 0.41574 0.01354 0.01667
0 0.16354 0.52037 0.01146 0.03241
0 0.63542 0.26574 0.01146 0.01574
0 0.25104 0.76574 0.0125 0.025
0 0.38802 0.06481 0.01042 0.02037
0 0.16771 0.59444 0.01354 0.025
0 0.25573 0.56574 0.01042 0.025
0 0.24792 0.65741 0.01042 0.02593
0 0.65365 0.15741 0.0125 0.01574
0 0.6375 0.08056 0.00937 0.02593
0 0.29375 0.58333 0.00937 0.02593
0 0.2125 0.54722 0.01146 0.03241
0 0.13437 0.55648 0.01354 0.02222
0 0.22552 0.55185 0.0125 0.03148
0 0.65573 0.31852 0.01458 0.01667
0 0.12969 0.54907 0.01354 0.02222
0 0.76979 0.33796 0.00781 0.01944
0 0.27187 0.57778 0.00781 0.0213
0 0.77969 0.275 0.00937 0.02222
0 0.12708 0.58241 0.01458 0.02407
0 0.83906 0.72685 0.01458 0.04074
0 0.13594 0.50833 0.01042 0.02778
0 0.19167 0.53333 0.01042 0.02685
0 0.90104 0.47778 0.00781 0.01852
0 0.12135 0.4963 0.01458 0.01852
0 0.17969 0.68426 0.0125 0.02407
0 0.4125 0.08333 0.01146 0.03704
0 0.41719 0.82593 0.01042 0.02407
0 0.23385 0.55556 0.00781 0.02407
0 0.87969 0.78333 0.01146 0.02315
0 0.65104 0.93889 0.01146 0.0213
0 0.82604 0.18241 0.01146 0.02315
0 0.14062 0.60926 0.01458 0.02315
0 0.79792 0.26019 0.01042 0.02778
0 0.26979 0.63704 0.00781 0.02315
0 0.76875 0.50185 0.01042 0.025
