0 0.424740 0.422685 0.015104 0.019444
0 0.359635 0.416667 0.017188 0.018519
0 0.367188 0.391667 0.017708 0.016667
0 0.421615 0.481019 0.017188 0.021296
0 0.845313 0.400463 0.015625 0.017593
0 0.870313 0.832870 0.013542 0.034259
0 0.466667 0.396759 0.015625 0.021296
0 0.877865 0.406481 0.017188 0.018519
0 0.135937 0.668056 0.011458 0.021296
0 0.337760 0.386574 0.015104 0.017593
0 0.277865 0.382870 0.016146 0.017593
0 0.316667 0.375000 0.016667 0.016667
0 0.254688 0.720833 0.013542 0.023148
0 0.418490 0.395370 0.017188 0.018519
0 0.167969 0.297685 0.017188 0.017593
0 0.735417 0.424074 0.016667 0.018519
0 0.385937 0.922222 0.011458 0.027778
0 0.346094 0.916667 0.016146 0.016667
0 0.898698 0.400463 0.015104 0.019444
0 0.607292 0.156019 0.009375 0.025000
0 0.859115 0.413426 0.016146 0.017593
0 0.459896 0.375463 0.013542 0.019444
0 0.617448 0.393056 0.015104 0.034259
0 0.371615 0.450926 0.017188 0.018519
0 0.152865 0.331481 0.016146 0.018519
0 0.187240 0.716667 0.013021 0.024074
0 0.198437 0.737037 0.011458 0.022222
0 0.297917 0.331019 0.017708 0.017593
0 0.259115 0.377315 0.016146 0.019444
0 0.664844 0.461111 0.017188 0.020370
0 0.467187 0.454167 0.010417 0.026852
0 0.652083 0.143056 0.013542 0.017593
0 0.445312 0.406481 0.010417 0.027778
0 0.205990 0.313426 0.018229 0.019444
0 0.188542 0.327778 0.017708 0.016667
0 0.233073 0.361574 0.016146 0.017593
0 0.526823 0.294907 0.016146 0.025000
0 0.533594 0.366667 0.016146 0.020370
0 0.666927 0.254167 0.009896 0.028704
0 0.446875 0.588426 0.009375 0.030556
0 0.446875 0.531019 0.009375 0.028704
0 0.751042 0.173148 0.014583 0.018519
0 0.160938 0.258333 0.017708 0.018519
0 0.595313 0.474074 0.015625 0.053704
0 0.210938 0.356019 0.017708 0.015741
0 0.419792 0.245370 0.012500 0.027778
0 0.181510 0.763426 0.014063 0.025000
0 0.018490 0.176389 0.010937 0.023148
0 0.340365 0.340278 0.019271 0.021296
0 0.173437 0.343056 0.017708 0.017593
0 0.483333 0.244444 0.012500 0.022222
0 0.894010 0.901852 0.014063 0.031481
0 0.578646 0.197685 0.009375 0.025000
0 0.443490 0.629167 0.008854 0.028704
0 0.243490 0.754167 0.010937 0.025000
0 0.143490 0.252778 0.015104 0.016667
0 0.626563 0.109259 0.011458 0.022222
0 0.075260 0.287963 0.015104 0.018519
0 0.458333 0.547685 0.009375 0.030556
0 0.148438 0.693519 0.011458 0.020370
0 0.300521 0.395370 0.017708 0.020370
0 0.324740 0.404167 0.016146 0.019444
0 0.292448 0.916667 0.015104 0.022222
0 0.245052 0.567593 0.008854 0.027778
0 0.644792 0.018519 0.008333 0.025926
0 0.212240 0.816667 0.015104 0.024074
0 0.234896 0.745370 0.011458 0.025926
0 0.221094 0.612500 0.010937 0.025000
0 0.113542 0.531019 0.013542 0.023148
0 0.369792 0.902315 0.010417 0.025000
0 0.752604 0.746296 0.015625 0.031481
0 0.312240 0.681481 0.007812 0.025926
0 0.276562 0.647685 0.010417 0.030556
0 0.228646 0.737500 0.013542 0.023148
0 0.905990 0.932870 0.014063 0.032407
0 0.637760 0.481019 0.015104 0.019444
0 0.151042 0.593056 0.013542 0.025000
0 0.254688 0.626389 0.010417 0.026852
0 0.650521 0.168519 0.013542 0.016667
0 0.029687 0.151389 0.013542 0.023148
0 0.543750 0.632407 0.020833 0.033333
0 0.651563 0.156481 0.013542 0.016667
0 0.488542 0.356944 0.018750 0.023148
0 0.368490 0.306019 0.019271 0.013889
0 0.424219 0.961111 0.016146 0.020370
0 0.800260 0.858796 0.014063 0.021296
0 0.742188 0.706944 0.010417 0.030556
0 0.319271 0.336574 0.017708 0.017593
0 0.476042 0.419907 0.012500 0.026852
0 0.151042 0.636574 0.014583 0.023148
0 0.293490 0.659259 0.007812 0.025926
0 0.884115 0.865278 0.010937 0.032407
0 0.794792 0.843981 0.015625 0.019444
0 0.247917 0.657870 0.010417 0.026852
0 0.993490 0.368056 0.010937 0.032407
0 0.575521 0.655093 0.013542 0.030556
0 0.917188 0.968981 0.013542 0.034259
0 0.260937 0.670833 0.011458 0.032407
0 0.756771 0.281481 0.007292 0.022222
0 0.277865 0.686111 0.010937 0.031481
0 0.802344 0.548611 0.010937 0.025000
0 0.038542 0.120370 0.013542 0.025926
0 0.262240 0.632870 0.010937 0.025000
0 0.351562 0.306944 0.017708 0.013889
0 0.243490 0.280093 0.018229 0.015741
0 0.214062 0.765278 0.014583 0.023148
0 0.767188 0.500463 0.010417 0.025000
0 0.595313 0.691667 0.012500 0.027778
0 0.236719 0.618519 0.008854 0.024074
0 0.425521 0.990278 0.012500 0.015741
0 0.487240 0.931481 0.010937 0.029630
0 0.238802 0.654167 0.013021 0.028704
0 0.250521 0.768981 0.012500 0.023148
0 0.270313 0.580093 0.007292 0.021296
0 0.764062 0.243056 0.009375 0.026852
0 0.265365 0.319907 0.016146 0.015741
0 0.200260 0.541667 0.009896 0.031481
0 0.605990 0.725926 0.014063 0.038889
0 0.151562 0.516667 0.010417 0.025926
0 0.050000 0.745370 0.012500 0.027778
0 0.792969 0.488889 0.010937 0.024074
0 0.777865 0.275463 0.007812 0.019444
0 0.635938 0.233796 0.013542 0.015741
0 0.230990 0.643981 0.010937 0.023148
0 0.505208 0.338889 0.013542 0.024074
0 0.240365 0.349074 0.017188 0.018519
0 0.904167 0.856019 0.011458 0.026852
0 0.060417 0.743981 0.011458 0.026852
0 0.635417 0.266204 0.011458 0.015741
0 0.036719 0.816204 0.014063 0.025000
0 0.863542 0.736574 0.010417 0.026852
0 0.132292 0.556019 0.013542 0.021296
0 0.554688 0.616667 0.013542 0.025926
0 0.463542 0.972222 0.014583 0.037037
0 0.250521 0.317130 0.013542 0.015741
0 0.794271 0.259259 0.010417 0.024074
0 0.223438 0.555556 0.010417 0.025926
0 0.255469 0.666667 0.010937 0.025926
0 0.933333 0.937963 0.013542 0.031481
0 0.818750 0.745833 0.012500 0.025000
0 0.285938 0.651389 0.007292 0.025000
0 0.219792 0.726389 0.012500 0.023148
0 0.256250 0.569444 0.011458 0.027778
0 0.139063 0.609722 0.013542 0.025000
0 0.134115 0.509259 0.007812 0.027778
0 0.244010 0.620833 0.008854 0.025000
0 0.207813 0.550463 0.010417 0.025000
0 0.292448 0.586574 0.008854 0.026852
0 0.142969 0.513426 0.007812 0.026852
0 0.051562 0.808333 0.018750 0.042593
0 0.270313 0.676389 0.010417 0.025000
0 0.300521 0.590278 0.007292 0.023148
0 0.955469 0.523148 0.015104 0.016667
0 0.320573 0.300463 0.016146 0.015741
0 0.810417 0.571759 0.010417 0.023148
0 0.176563 0.595370 0.014583 0.025926
0 0.182292 0.534722 0.011458 0.030556
0 0.776563 0.534722 0.010417 0.023148
0 0.141146 0.571759 0.015625 0.023148
0 0.818750 0.667130 0.012500 0.034259
0 0.820312 0.252778 0.007292 0.022222
0 0.654167 0.320370 0.015625 0.018519
0 0.216146 0.707870 0.012500 0.023148
0 0.081771 0.479167 0.017708 0.015741
0 0.227604 0.784259 0.015625 0.022222
0 0.304167 0.673611 0.007292 0.025000
0 0.838542 0.727778 0.014583 0.040741
0 0.834896 0.647685 0.013542 0.032407
0 0.462500 0.987963 0.012500 0.018519
0 0.163021 0.524074 0.011458 0.031481
0 0.648958 0.181481 0.012500 0.014815
0 0.347917 0.993519 0.010417 0.009259
0 0.638021 0.218981 0.013542 0.013889
0 0.283854 0.363889 0.030208 0.025926
0 0.729688 0.362037 0.007292 0.022222
0 0.717187 0.293056 0.018750 0.023148
0 0.121615 0.500926 0.015104 0.018519
0 0.778646 0.243981 0.010417 0.026852
0 0.420573 0.106481 0.006771 0.020370
0 0.543750 0.970833 0.017708 0.019444
0 0.879167 0.782870 0.012500 0.021296
0 0.787240 0.271759 0.007812 0.021296
0 0.805469 0.706481 0.014063 0.031481
0 0.761719 0.341667 0.007812 0.016667
0 0.957292 0.886574 0.012500 0.017593
0 0.932813 0.204630 0.010417 0.029630
0 0.903385 0.312500 0.016146 0.015741
0 0.921094 0.304630 0.011979 0.009259
0 0.812240 0.256481 0.010937 0.025926
0 0.824740 0.182407 0.011979 0.025926
0 0.716667 0.281019 0.014583 0.017593
0 0.747135 0.353241 0.007812 0.023148
0 0.815365 0.320833 0.011979 0.030556
0 0.635417 0.250926 0.014583 0.012963
0 0.640885 0.210185 0.015104 0.018519
0 0.644271 0.196759 0.011458 0.012037
0 0.809375 0.441204 0.008333 0.010185
0 0.844531 0.675926 0.011979 0.027778
0 0.827865 0.693056 0.013021 0.028704
0 0.853906 0.704167 0.011979 0.026852
0 0.800781 0.788426 0.017188 0.025000
0 0.799479 0.879630 0.016667 0.012963
0 0.890625 0.818981 0.016667 0.034259
0 0.946094 0.973148 0.015104 0.035185
0 0.851562 0.284722 0.006250 0.006481
0 0.650781 0.937963 0.009896 0.016667
0 0.523958 0.549074 0.017708 0.016667
0 0.423698 0.747222 0.010937 0.031481
0 0.390104 0.421759 0.026042 0.025000
0 0.426823 0.943981 0.019271 0.015741
0 0.251823 0.818519 0.009896 0.012963
0 0.159375 0.713889 0.012500 0.022222
0 0.211198 0.694444 0.013021 0.025926
0 0.271615 0.643519 0.008854 0.027778
0 0.230729 0.616667 0.010417 0.027778
0 0.282031 0.585185 0.010937 0.031481
0 0.234896 0.559259 0.009375 0.027778
0 0.216406 0.554630 0.009896 0.029630
0 0.191667 0.537963 0.009375 0.029630
0 0.173437 0.530093 0.008333 0.028704
0 0.162500 0.597222 0.012500 0.024074
0 0.127604 0.586574 0.013542 0.025000
0 0.093229 0.564352 0.047917 0.097222
0 0.136198 0.560185 0.013021 0.016667
0 0.148177 0.581019 0.015104 0.023148
0 0.067969 0.475000 0.013021 0.016667
0 0.081771 0.663889 0.022917 0.059259
0 0.036979 0.337500 0.014583 0.010185
0 0.039844 0.231481 0.014063 0.044444
0 0.049479 0.103241 0.006250 0.015741
0 0.210156 0.273148 0.015104 0.012963
0 0.225260 0.276389 0.017188 0.017593
0 0.238542 0.312963 0.010417 0.014815
0 0.289844 0.294907 0.013021 0.015741
0 0.303906 0.298148 0.015104 0.014815
0 0.281771 0.327778 0.016667 0.014815
0 0.336719 0.306481 0.014063 0.014815
0 0.484115 0.162037 0.010937 0.025926
0 0.493490 0.193981 0.007812 0.023148
0 0.423698 0.070833 0.011979 0.026852
