0 0.485417 0.355556 0.014583 0.022222
0 0.424740 0.425463 0.016146 0.019444
0 0.690365 0.947222 0.014063 0.037037
0 0.662240 0.441204 0.014063 0.019444
0 0.870313 0.832870 0.013542 0.034259
0 0.167448 0.299074 0.018229 0.018519
0 0.580990 0.391204 0.015104 0.034259
0 0.638542 0.454167 0.014583 0.019444
0 0.205990 0.315278 0.017188 0.019444
0 0.617448 0.393519 0.015104 0.033333
0 0.859115 0.415278 0.016146 0.019444
0 0.235937 0.345370 0.017708 0.018519
0 0.414062 0.403241 0.017708 0.015741
0 0.622917 0.062963 0.010417 0.027778
0 0.366667 0.392130 0.016667 0.015741
0 0.450521 0.536574 0.011458 0.032407
0 0.346094 0.918519 0.016146 0.016667
0 0.877865 0.408333 0.017188 0.018519
0 0.507292 0.269907 0.029167 0.043519
0 0.358073 0.412963 0.018229 0.018519
0 0.214844 0.360185 0.017188 0.018519
0 0.135417 0.668519 0.013542 0.022222
0 0.316667 0.375926 0.014583 0.016667
0 0.388542 0.402315 0.017708 0.015741
0 0.622396 0.103241 0.010417 0.025000
0 0.418750 0.809722 0.012500 0.030556
0 0.631250 0.740278 0.012500 0.034259
0 0.581771 0.456019 0.010417 0.032407
0 0.198958 0.738426 0.012500 0.023148
0 0.160938 0.677315 0.015625 0.019444
0 0.667188 0.252315 0.010417 0.025000
0 0.653385 0.816667 0.016146 0.040741
0 0.676042 0.897685 0.013542 0.037963
0 0.268490 0.359722 0.019271 0.019444
0 0.049740 0.281944 0.015104 0.021296
0 0.297135 0.331019 0.018229 0.017593
0 0.455469 0.461574 0.010937 0.032407
0 0.195573 0.352315 0.016146 0.019444
0 0.534896 0.318519 0.017708 0.025926
0 0.243490 0.754167 0.011979 0.025000
0 0.435937 0.729167 0.012500 0.037963
0 0.109635 0.318519 0.018229 0.024074
0 0.187240 0.716667 0.013021 0.024074
0 0.437240 0.390278 0.018229 0.019444
0 0.154167 0.326852 0.015625 0.018519
0 0.616667 0.468519 0.014583 0.018519
0 0.283594 0.388426 0.016146 0.019444
0 0.652083 0.143056 0.013542 0.017593
0 0.160938 0.257870 0.017708 0.019444
0 0.418490 0.247222 0.011979 0.027778
0 0.175781 0.343519 0.016146 0.018519
0 0.666146 0.856019 0.014583 0.032407
0 0.334115 0.407870 0.016146 0.017593
0 0.751563 0.743981 0.013542 0.026852
0 0.291667 0.916667 0.014583 0.022222
0 0.449740 0.666667 0.010937 0.031481
0 0.894010 0.901852 0.014063 0.031481
0 0.597396 0.593519 0.011458 0.038889
0 0.724219 0.407870 0.015104 0.017593
0 0.212240 0.816667 0.014063 0.024074
0 0.473438 0.418981 0.011458 0.026852
0 0.604167 0.090278 0.009375 0.026852
0 0.180469 0.762037 0.014063 0.024074
0 0.644792 0.473148 0.014583 0.018519
0 0.047656 0.743981 0.015104 0.032407
0 0.341146 0.341667 0.020833 0.020370
0 0.112240 0.531944 0.013021 0.023148
0 0.382292 0.420370 0.017708 0.018519
0 0.243490 0.564352 0.008854 0.026852
0 0.219792 0.613426 0.010417 0.025000
0 0.226042 0.735648 0.011458 0.025000
0 0.605990 0.561111 0.011979 0.033333
0 0.244010 0.372685 0.015104 0.019444
0 0.142969 0.254167 0.015104 0.019444
0 0.639062 0.043519 0.009375 0.025926
0 0.151042 0.593056 0.013542 0.025000
0 0.276562 0.688426 0.012500 0.030556
0 0.318490 0.336111 0.017188 0.016667
0 0.242188 0.281019 0.017708 0.017593
0 0.641146 0.781481 0.013542 0.031481
0 0.368490 0.306019 0.019271 0.013889
0 0.635938 0.233796 0.013542 0.015741
0 0.254688 0.630556 0.011458 0.031481
0 0.262240 0.632870 0.010937 0.025000
0 0.247396 0.657870 0.010417 0.025000
0 0.293490 0.659722 0.007812 0.023148
0 0.917188 0.970833 0.013542 0.036111
0 0.662240 0.922685 0.013021 0.030556
0 0.029167 0.150463 0.012500 0.025000
0 0.424219 0.963426 0.016146 0.019444
0 0.039062 0.120370 0.014583 0.025926
0 0.276042 0.647685 0.010417 0.030556
0 0.369792 0.902315 0.010417 0.026852
0 0.905990 0.934722 0.014063 0.030556
0 0.249740 0.317130 0.016146 0.015741
0 0.884115 0.865278 0.010937 0.032407
0 0.933333 0.937037 0.013542 0.031481
0 0.742188 0.709722 0.010417 0.030556
0 0.651042 0.168056 0.012500 0.015741
0 0.638021 0.218981 0.013542 0.013889
0 0.392188 0.021759 0.013542 0.034259
0 0.234896 0.746759 0.011458 0.026852
0 0.213021 0.766667 0.013542 0.024074
0 0.602344 0.211574 0.006771 0.023148
0 0.235937 0.618981 0.010417 0.023148
0 0.463542 0.972222 0.014583 0.037037
0 0.264062 0.319907 0.016667 0.015741
0 0.651563 0.156019 0.012500 0.015741
0 0.756771 0.281481 0.007292 0.022222
0 0.260937 0.672685 0.011458 0.030556
0 0.148958 0.632870 0.020833 0.036111
0 0.487240 0.933333 0.010937 0.029630
0 0.800260 0.860185 0.014063 0.020370
0 0.340365 0.386574 0.019271 0.021296
0 0.612240 0.147685 0.008854 0.025000
0 0.610417 0.661111 0.012500 0.042593
0 0.792969 0.488889 0.010937 0.025926
0 0.878646 0.784259 0.011458 0.024074
0 0.151042 0.518056 0.010417 0.026852
0 0.223438 0.555093 0.010417 0.026852
0 0.236719 0.651389 0.011979 0.025000
0 0.207813 0.270370 0.015625 0.016667
0 0.138021 0.611574 0.013542 0.023148
0 0.631510 0.075463 0.008854 0.028704
0 0.199219 0.539352 0.010937 0.026852
0 0.425521 0.990278 0.012500 0.013889
0 0.619792 0.487037 0.014583 0.018519
0 0.207813 0.551389 0.010417 0.026852
0 0.351562 0.306944 0.016667 0.015741
0 0.254688 0.668056 0.010417 0.026852
0 0.802344 0.550463 0.010937 0.025000
0 0.838542 0.726389 0.014583 0.037963
0 0.224219 0.274074 0.018229 0.018519
0 0.651042 0.940278 0.012500 0.021296
0 0.794792 0.843981 0.015625 0.019444
0 0.764062 0.242130 0.009375 0.026852
0 0.243490 0.625926 0.008854 0.025926
0 0.270313 0.580556 0.007292 0.022222
0 0.779167 0.275463 0.007292 0.019444
0 0.455990 0.606944 0.006771 0.028704
0 0.767188 0.505093 0.012500 0.032407
0 0.863542 0.736111 0.010417 0.027778
0 0.249740 0.768056 0.011979 0.025000
0 0.634115 0.266667 0.010937 0.016667
0 0.404167 0.010185 0.011458 0.018519
0 0.382292 0.991667 0.009375 0.011111
0 0.648698 0.013426 0.008854 0.023148
0 0.291667 0.586111 0.009375 0.027778
0 0.270313 0.679167 0.010417 0.025000
0 0.794271 0.257870 0.010417 0.025000
0 0.148438 0.693981 0.012500 0.021296
0 0.817969 0.748611 0.014063 0.025000
0 0.132292 0.556944 0.013542 0.021296
0 0.944792 0.974074 0.013542 0.031481
0 0.904167 0.856019 0.011458 0.026852
0 0.957292 0.886574 0.013542 0.017593
0 0.347917 0.993519 0.010417 0.009259
0 0.127083 0.552778 0.012500 0.022222
0 0.285938 0.652315 0.009375 0.026852
0 0.141667 0.512037 0.007292 0.027778
0 0.254688 0.569907 0.010417 0.025000
0 0.788021 0.271759 0.007292 0.021296
0 0.216146 0.713426 0.012500 0.023148
0 0.179688 0.532870 0.011458 0.030556
0 0.820312 0.252778 0.007292 0.022222
0 0.163542 0.525463 0.012500 0.030556
0 0.311719 0.681019 0.007812 0.026852
0 0.729688 0.361111 0.007292 0.020370
0 0.224740 0.781481 0.020313 0.031481
0 0.132812 0.510185 0.010417 0.031481
0 0.230990 0.646759 0.011979 0.025000
0 0.139063 0.570833 0.012500 0.023148
0 0.175521 0.596759 0.014583 0.026852
0 0.501042 0.370370 0.014583 0.022222
0 0.218490 0.727778 0.011979 0.025926
0 0.654167 0.318519 0.018750 0.022222
0 0.299740 0.593519 0.007812 0.024074
0 0.824740 0.181481 0.011979 0.024074
0 0.082292 0.480093 0.016667 0.015741
0 0.776042 0.534722 0.010417 0.025000
0 0.613021 0.616204 0.010417 0.030556
0 0.541667 0.968981 0.017708 0.019444
0 0.648958 0.181481 0.012500 0.014815
0 0.319792 0.300463 0.016667 0.015741
0 0.810417 0.571759 0.010417 0.023148
0 0.145313 0.580556 0.012500 0.022222
0 0.778646 0.245370 0.010417 0.025926
0 0.810417 0.256481 0.011458 0.029630
0 0.304167 0.391204 0.027083 0.030556
0 0.892448 0.818056 0.011979 0.036111
0 0.819271 0.661111 0.009375 0.029630
0 0.834896 0.643056 0.015625 0.026852
0 0.843490 0.671296 0.008854 0.029630
0 0.826042 0.688426 0.011458 0.023148
0 0.855990 0.703241 0.013021 0.025000
0 0.763542 0.346759 0.008333 0.025000
0 0.755469 0.343056 0.007812 0.019444
0 0.747396 0.353704 0.007292 0.022222
0 0.716667 0.295370 0.017708 0.020370
0 0.718490 0.281019 0.016146 0.015741
0 0.815625 0.320833 0.012500 0.032407
0 0.484115 0.162037 0.010937 0.027778
0 0.492188 0.193519 0.007292 0.024074
0 0.336719 0.305556 0.013021 0.014815
0 0.801042 0.787500 0.018750 0.019444
0 0.643750 0.196296 0.012500 0.012963
0 0.642188 0.209259 0.016667 0.014815
0 0.635417 0.250000 0.014583 0.016667
0 0.809896 0.442130 0.010417 0.013889
0 0.934115 0.204630 0.010937 0.029630
0 0.904167 0.312037 0.016667 0.014815
0 0.921615 0.304630 0.011979 0.012963
0 0.955469 0.525463 0.017188 0.015741
0 0.049219 0.103704 0.004687 0.016667
0 0.039062 0.230556 0.017708 0.046296
0 0.035417 0.339352 0.015625 0.010185
0 0.065885 0.476389 0.013021 0.013889
0 0.093490 0.565278 0.050521 0.099074
0 0.125521 0.582870 0.022917 0.034259
0 0.049740 0.807407 0.021354 0.042593
0 0.005990 0.903241 0.010937 0.043519
0 0.161719 0.596759 0.010937 0.026852
0 0.159115 0.717130 0.013021 0.026852
0 0.251042 0.819907 0.007292 0.019444
0 0.303385 0.675463 0.006771 0.025000
0 0.270313 0.643056 0.010417 0.025000
0 0.229167 0.616667 0.009375 0.027778
0 0.280990 0.585648 0.010937 0.032407
0 0.216146 0.555556 0.008333 0.031481
0 0.233333 0.559259 0.010417 0.027778
0 0.209115 0.693519 0.013021 0.027778
0 0.426042 0.943056 0.021875 0.013889
0 0.404948 0.426852 0.022396 0.018519
0 0.281510 0.327315 0.016146 0.017593
0 0.120833 0.499537 0.017708 0.019444
