0 0.570833 0.258796 0.014583 0.025000
0 0.390104 0.398148 0.015625 0.016667
0 0.137240 0.668056 0.011979 0.021296
0 0.861719 0.416667 0.016146 0.018519
0 0.366927 0.416667 0.018229 0.016667
0 0.489063 0.393519 0.012500 0.025926
0 0.188542 0.716667 0.013542 0.024074
0 0.237240 0.366667 0.017188 0.016667
0 0.351302 0.391204 0.015104 0.015741
0 0.873437 0.836574 0.012500 0.034259
0 0.579167 0.425926 0.012500 0.027778
0 0.397396 0.893981 0.013542 0.034259
0 0.417448 0.396296 0.016146 0.016667
0 0.259115 0.352778 0.016146 0.016667
0 0.595313 0.210648 0.010417 0.026852
0 0.463021 0.543056 0.011458 0.036111
0 0.515885 0.262037 0.021354 0.029630
0 0.299219 0.331019 0.018229 0.017593
0 0.410938 0.427778 0.015625 0.016667
0 0.199740 0.738426 0.011979 0.023148
0 0.590104 0.462037 0.009375 0.027778
0 0.473958 0.477778 0.010417 0.027778
0 0.621354 0.107407 0.011458 0.027778
0 0.025260 0.275926 0.019271 0.024074
0 0.581510 0.235185 0.011979 0.025926
0 0.446615 0.612037 0.007812 0.022222
0 0.370312 0.400463 0.015625 0.015741
0 0.435677 0.386574 0.017188 0.015741
0 0.180990 0.652778 0.013021 0.020370
0 0.428906 0.423148 0.017188 0.018519
0 0.880469 0.410185 0.018229 0.018519
0 0.667708 0.859722 0.013542 0.032407
0 0.651563 0.806019 0.013542 0.034259
0 0.668750 0.254167 0.009375 0.028704
0 0.388802 0.421296 0.017188 0.018519
0 0.654167 0.143519 0.013542 0.016667
0 0.169010 0.298148 0.017188 0.016667
0 0.266927 0.321296 0.015104 0.016667
0 0.341406 0.407407 0.016146 0.016667
0 0.208073 0.313889 0.017188 0.018519
0 0.908333 0.938889 0.013542 0.031481
0 0.181510 0.762037 0.014063 0.025926
0 0.293490 0.916667 0.015104 0.022222
0 0.457552 0.612037 0.006771 0.024074
0 0.618490 0.393056 0.015104 0.034259
0 0.091146 0.300926 0.014583 0.022222
0 0.684115 0.916204 0.016146 0.041667
0 0.244271 0.754167 0.011458 0.025000
0 0.753646 0.745833 0.013542 0.026852
0 0.655469 0.396296 0.017188 0.025926
0 0.551302 0.375926 0.015104 0.022222
0 0.613281 0.645370 0.014063 0.059259
0 0.150260 0.693519 0.010937 0.020370
0 0.629167 0.813889 0.012500 0.031481
0 0.273698 0.377778 0.016146 0.016667
0 0.278125 0.688889 0.011458 0.031481
0 0.303385 0.375926 0.016146 0.016667
0 0.821875 0.252315 0.011458 0.025000
0 0.346094 0.918519 0.016146 0.016667
0 0.131510 0.313426 0.018229 0.025000
0 0.575260 0.208796 0.008854 0.023148
0 0.834115 0.221296 0.017188 0.025926
0 0.419792 0.246296 0.011458 0.027778
0 0.598958 0.583796 0.010417 0.037963
0 0.213542 0.816667 0.014583 0.024074
0 0.341927 0.340278 0.021354 0.021296
0 0.325781 0.384259 0.018229 0.018519
0 0.251302 0.316204 0.015104 0.015741
0 0.222917 0.612500 0.010417 0.025000
0 0.235937 0.747685 0.011458 0.026852
0 0.452865 0.650463 0.006771 0.025000
0 0.144531 0.252778 0.014063 0.018519
0 0.281510 0.365278 0.017188 0.017593
0 0.321094 0.337037 0.018229 0.016667
0 0.227604 0.737037 0.011458 0.025926
0 0.277083 0.647685 0.010417 0.032407
0 0.801042 0.862037 0.013542 0.022222
0 0.369531 0.306944 0.020313 0.013889
0 0.245312 0.563426 0.009375 0.026852
0 0.895312 0.906019 0.012500 0.030556
0 0.742448 0.712037 0.008854 0.027778
0 0.596875 0.541667 0.010417 0.033333
0 0.244531 0.279167 0.016146 0.015741
0 0.488542 0.234722 0.013542 0.023148
0 0.638021 0.235648 0.013542 0.015741
0 0.796875 0.846759 0.015625 0.019444
0 0.834896 0.648148 0.012500 0.031481
0 0.639583 0.768519 0.013542 0.037037
0 0.805208 0.550463 0.011458 0.023148
0 0.153125 0.593056 0.013542 0.025000
0 0.509896 0.281019 0.014583 0.026852
0 0.615365 0.518981 0.017188 0.026852
0 0.214062 0.765278 0.013542 0.023148
0 0.115625 0.531944 0.014583 0.023148
0 0.441667 0.121759 0.012500 0.034259
0 0.318490 0.400463 0.017188 0.015741
0 0.151562 0.637037 0.013542 0.024074
0 0.789583 0.272685 0.010417 0.023148
0 0.488021 0.934259 0.010417 0.029630
0 0.352344 0.306944 0.017188 0.013889
0 0.262240 0.673148 0.011979 0.031481
0 0.139583 0.612037 0.013542 0.024074
0 0.256510 0.629167 0.010937 0.032407
0 0.628125 0.732407 0.012500 0.033333
0 0.935417 0.939352 0.013542 0.032407
0 0.162240 0.257407 0.017188 0.016667
0 0.425781 0.962963 0.018229 0.022222
0 0.238281 0.617130 0.010937 0.025000
0 0.370312 0.900463 0.011458 0.026852
0 0.050260 0.743519 0.015104 0.033333
0 0.885417 0.868519 0.011458 0.033333
0 0.270313 0.677778 0.010417 0.025926
0 0.197917 0.538426 0.011458 0.032407
0 0.042188 0.121296 0.012500 0.025926
0 0.404687 0.277778 0.014583 0.022222
0 0.759115 0.282407 0.007812 0.022222
0 0.180729 0.687037 0.012500 0.022222
0 0.247917 0.657870 0.010417 0.026852
0 0.652083 0.168981 0.012500 0.015741
0 0.238542 0.651389 0.011458 0.026852
0 0.738021 0.160648 0.017708 0.023148
0 0.141667 0.571296 0.012500 0.024074
0 0.211198 0.269907 0.016146 0.015741
0 0.620833 0.699537 0.012500 0.028704
0 0.463542 0.972685 0.014583 0.036111
0 0.245312 0.621759 0.009375 0.025000
0 0.295052 0.660185 0.007812 0.027778
0 0.153646 0.516667 0.010417 0.025926
0 0.233594 0.556019 0.007812 0.026852
0 0.639583 0.221759 0.013542 0.015741
0 0.263281 0.635185 0.010937 0.025926
0 0.199740 0.656944 0.013021 0.019444
0 0.232031 0.644907 0.010937 0.023148
0 0.250521 0.768056 0.012500 0.025000
0 0.904687 0.859722 0.011458 0.026852
0 0.653646 0.157870 0.012500 0.015741
0 0.130990 0.549537 0.010937 0.017593
0 0.622135 0.562963 0.013021 0.025926
0 0.320573 0.300926 0.017188 0.014815
0 0.220312 0.722685 0.012500 0.023148
0 0.182292 0.531944 0.010417 0.028704
0 0.166146 0.629167 0.012500 0.026852
0 0.795833 0.259722 0.011458 0.025000
0 0.312760 0.682407 0.008854 0.025926
0 0.919271 0.974537 0.013542 0.037963
0 0.301563 0.590278 0.009375 0.025000
0 0.281510 0.324537 0.015104 0.017593
0 0.141146 0.355556 0.015625 0.018519
0 0.513542 0.323148 0.012500 0.022222
0 0.426563 0.990278 0.012500 0.013889
0 0.135417 0.508796 0.011458 0.032407
0 0.794531 0.488889 0.010937 0.025926
0 0.654948 0.321296 0.015104 0.018519
0 0.348438 0.993519 0.011458 0.009259
0 0.217188 0.707407 0.012500 0.024074
0 0.083333 0.479167 0.015625 0.015741
0 0.227604 0.785185 0.015625 0.022222
0 0.826042 0.182870 0.011458 0.025000
0 0.293490 0.587037 0.008854 0.025926
0 0.463542 0.988426 0.012500 0.017593
0 0.271615 0.580093 0.007812 0.021296
0 0.542969 0.972685 0.021354 0.023148
0 0.224740 0.554167 0.011979 0.030556
0 0.209375 0.550926 0.011458 0.031481
0 0.255729 0.666667 0.011458 0.031481
0 0.444010 0.702315 0.010937 0.032407
0 0.163021 0.522685 0.011458 0.032407
0 0.067708 0.473611 0.014583 0.015741
0 0.166146 0.595833 0.012500 0.025000
0 0.879687 0.783796 0.011458 0.025000
0 0.192708 0.537037 0.010417 0.025926
0 0.148958 0.580556 0.011458 0.022222
0 0.144010 0.512500 0.007812 0.025000
0 0.125521 0.581019 0.012500 0.025000
0 0.287760 0.651389 0.007812 0.026852
0 0.221354 0.775926 0.023958 0.037037
0 0.255469 0.571296 0.010937 0.024074
0 0.230469 0.613889 0.007812 0.024074
0 0.905469 0.312963 0.016146 0.014815
0 0.922656 0.306481 0.011979 0.009259
0 0.905990 0.350463 0.017188 0.013889
0 0.810417 0.443981 0.007292 0.013889
0 0.813021 0.575000 0.008333 0.020370
0 0.820833 0.667130 0.011458 0.026852
0 0.845833 0.678241 0.013542 0.030556
0 0.855729 0.705093 0.011458 0.025000
0 0.828906 0.695370 0.014063 0.029630
0 0.840365 0.728241 0.014063 0.032407
0 0.867188 0.740741 0.012500 0.031481
0 0.892448 0.819444 0.011979 0.033333
0 0.801562 0.791204 0.019792 0.025000
0 0.959635 0.891667 0.016146 0.016667
0 0.947917 0.975463 0.014583 0.032407
0 0.957552 0.530093 0.018229 0.013889
0 0.936198 0.205093 0.009896 0.030556
0 0.817969 0.322222 0.011979 0.031481
0 0.732812 0.364815 0.010417 0.025926
0 0.780990 0.247222 0.009896 0.024074
0 0.748698 0.356019 0.008854 0.023148
0 0.757031 0.344444 0.008854 0.018519
0 0.765365 0.348148 0.008854 0.024074
0 0.718490 0.295833 0.018229 0.015741
0 0.720052 0.281944 0.016146 0.015741
0 0.427344 0.945370 0.021354 0.016667
0 0.439844 0.775463 0.022396 0.056481
0 0.435417 0.743981 0.012500 0.034259
0 0.485677 0.162500 0.010937 0.028704
0 0.494010 0.193981 0.007812 0.025000
0 0.290885 0.295370 0.011979 0.012963
0 0.305208 0.299074 0.014583 0.012963
0 0.336198 0.307407 0.014063 0.012963
0 0.227083 0.276389 0.015625 0.015741
0 0.295833 0.391204 0.022917 0.021296
0 0.038281 0.337963 0.013021 0.011111
0 0.051302 0.101389 0.007812 0.017593
0 0.095833 0.563426 0.050000 0.097222
0 0.176823 0.599074 0.014063 0.031481
0 0.136198 0.562500 0.013021 0.019444
0 0.122396 0.499074 0.016667 0.020370
0 0.173698 0.528704 0.010937 0.031481
0 0.052344 0.806481 0.019271 0.044444
0 0.007292 0.909722 0.013542 0.062037
0 0.253646 0.819907 0.009375 0.021296
0 0.675000 0.958333 0.012500 0.031481
0 0.704688 0.984722 0.011458 0.030556
0 0.577083 0.679630 0.036458 0.066667
0 0.636979 0.268519 0.010417 0.012963
0 0.637500 0.250463 0.015625 0.013889
0 0.642708 0.209259 0.015625 0.020370
0 0.646615 0.196759 0.013021 0.015741
0 0.650781 0.186574 0.009896 0.015741
0 0.780990 0.277778 0.006771 0.022222
0 0.853906 0.287037 0.006771 0.012963
0 0.769010 0.502778 0.013021 0.031481
0 0.776042 0.532870 0.011458 0.028704
0 0.783594 0.555093 0.007812 0.012037
0 0.976042 0.995833 0.000000 0.000926
0 0.955469 0.304630 0.009896 0.014815
0 0.652344 0.938426 0.007812 0.019444
0 0.429167 0.136574 0.010417 0.025000
0 0.647135 0.099537 0.017188 0.010185
