0 0.469010 0.518519 0.017188 0.025926
0 0.595313 0.197685 0.010417 0.026852
0 0.614062 0.141204 0.012500 0.026852
0 0.423177 0.423148 0.015104 0.016667
0 0.449219 0.385185 0.014063 0.020370
0 0.870313 0.833796 0.013542 0.034259
0 0.410677 0.398148 0.018229 0.016667
0 0.877865 0.407407 0.017188 0.016667
0 0.356510 0.416667 0.017188 0.018519
0 0.366406 0.393056 0.017188 0.017593
0 0.278125 0.385185 0.015625 0.018519
0 0.461198 0.402778 0.016146 0.020370
0 0.136458 0.668056 0.011458 0.021296
0 0.777865 0.407407 0.016146 0.016667
0 0.859635 0.413889 0.016146 0.016667
0 0.338281 0.386574 0.015104 0.015741
0 0.346094 0.919907 0.016146 0.019444
0 0.408333 0.813426 0.009375 0.025000
0 0.517969 0.283796 0.016146 0.026852
0 0.617448 0.394907 0.017188 0.032407
0 0.167969 0.299537 0.017188 0.017593
0 0.258073 0.377778 0.017188 0.018519
0 0.313802 0.375463 0.016146 0.015741
0 0.469792 0.475463 0.011458 0.026852
0 0.505469 0.375926 0.015104 0.018519
0 0.446875 0.548148 0.009375 0.027778
0 0.898698 0.399537 0.016146 0.017593
0 0.187760 0.716667 0.013021 0.024074
0 0.368490 0.988426 0.011979 0.019444
0 0.667188 0.253241 0.010417 0.025000
0 0.248958 0.713889 0.013542 0.022222
0 0.634896 0.066204 0.010417 0.026852
0 0.298177 0.331019 0.018229 0.017593
0 0.198958 0.737500 0.011458 0.023148
0 0.207552 0.313889 0.018229 0.016667
0 0.686719 0.448148 0.019271 0.024074
0 0.161198 0.260185 0.017188 0.018519
0 0.460417 0.194907 0.011458 0.026852
0 0.423177 0.482407 0.018229 0.024074
0 0.181510 0.762500 0.014063 0.025000
0 0.482031 0.359722 0.016146 0.021296
0 0.419792 0.246759 0.012500 0.028704
0 0.149219 0.696296 0.010937 0.020370
0 0.244010 0.754167 0.010937 0.025000
0 0.442188 0.648148 0.009375 0.027778
0 0.232813 0.363426 0.015625 0.017593
0 0.894531 0.902315 0.014063 0.032407
0 0.474740 0.430093 0.011979 0.028704
0 0.443490 0.437500 0.011979 0.026852
0 0.299740 0.396759 0.017188 0.019444
0 0.636719 0.235185 0.014063 0.016667
0 0.446615 0.597685 0.007812 0.026852
0 0.342448 0.341204 0.020313 0.021296
0 0.018750 0.176389 0.011458 0.023148
0 0.153385 0.317130 0.017188 0.015741
0 0.652604 0.144907 0.013542 0.019444
0 0.226562 0.735648 0.011458 0.025000
0 0.312760 0.682407 0.007812 0.025926
0 0.719010 0.154630 0.015104 0.020370
0 0.752083 0.744907 0.013542 0.026852
0 0.882552 0.387037 0.016146 0.018519
0 0.213542 0.816667 0.014583 0.024074
0 0.501563 0.352778 0.012500 0.024074
0 0.244531 0.566667 0.008854 0.025926
0 0.278125 0.687500 0.011458 0.030556
0 0.371354 0.902315 0.013542 0.026852
0 0.555990 0.257407 0.013021 0.025926
0 0.153125 0.332407 0.015625 0.016667
0 0.174740 0.343056 0.017188 0.017593
0 0.211719 0.357407 0.018229 0.016667
0 0.322135 0.402778 0.017188 0.016667
0 0.152083 0.593056 0.012500 0.025000
0 0.594792 0.691204 0.013542 0.030556
0 0.113542 0.531944 0.013542 0.023148
0 0.234896 0.747685 0.011458 0.026852
0 0.221354 0.612500 0.010417 0.025000
0 0.292448 0.916667 0.015104 0.022222
0 0.578646 0.660648 0.013542 0.026852
0 0.800781 0.859722 0.014063 0.021296
0 0.368490 0.306944 0.019271 0.013889
0 0.144531 0.252778 0.014063 0.016667
0 0.251563 0.318519 0.013542 0.016667
0 0.277083 0.648148 0.010417 0.031481
0 0.792969 0.488889 0.010937 0.025926
0 0.795312 0.844907 0.015625 0.019444
0 0.906250 0.933796 0.013542 0.032407
0 0.254688 0.626389 0.009375 0.026852
0 0.460938 0.547685 0.010417 0.028704
0 0.271094 0.361111 0.026562 0.024074
0 0.214062 0.766204 0.013542 0.023148
0 0.294010 0.660185 0.007812 0.025926
0 0.265365 0.321296 0.016146 0.016667
0 0.247917 0.658796 0.010417 0.025000
0 0.917708 0.970833 0.013542 0.034259
0 0.587240 0.416667 0.022396 0.055556
0 0.561458 0.624537 0.013542 0.025000
0 0.638021 0.221759 0.013542 0.015741
0 0.242448 0.281019 0.017188 0.015741
0 0.548698 0.642130 0.019271 0.036111
0 0.742188 0.708796 0.010417 0.030556
0 0.884375 0.866667 0.011458 0.033333
0 0.030990 0.273148 0.015104 0.022222
0 0.757031 0.282407 0.007812 0.022222
0 0.262240 0.633796 0.008854 0.025000
0 0.030208 0.150463 0.012500 0.025000
0 0.236719 0.652778 0.011979 0.024074
0 0.391667 0.962037 0.010417 0.029630
0 0.319010 0.337037 0.016146 0.016667
0 0.488021 0.932407 0.010417 0.029630
0 0.039583 0.121296 0.012500 0.025926
0 0.151042 0.638426 0.014583 0.023148
0 0.425000 0.962963 0.017708 0.022222
0 0.152083 0.517130 0.010417 0.025000
0 0.050000 0.746296 0.012500 0.027778
0 0.217448 0.339352 0.020313 0.021296
0 0.650521 0.168519 0.013542 0.018519
0 0.904687 0.854167 0.012500 0.034259
0 0.250521 0.769907 0.012500 0.023148
0 0.767188 0.500463 0.011458 0.026852
0 0.237240 0.618519 0.010937 0.024074
0 0.261719 0.673148 0.010937 0.031481
0 0.766667 0.244907 0.009375 0.026852
0 0.351823 0.307407 0.017188 0.014815
0 0.228646 0.785648 0.014583 0.021296
0 0.427083 0.993981 0.013542 0.012037
0 0.933854 0.937500 0.013542 0.032407
0 0.957292 0.887037 0.013542 0.016667
0 0.200260 0.539352 0.010937 0.026852
0 0.141406 0.572222 0.017188 0.022222
0 0.270313 0.676389 0.010417 0.025000
0 0.320573 0.301389 0.016146 0.013889
0 0.955469 0.523611 0.015104 0.015741
0 0.803646 0.550463 0.010417 0.025000
0 0.286198 0.651389 0.007812 0.025000
0 0.270573 0.580093 0.007812 0.021296
0 0.651563 0.157407 0.013542 0.016667
0 0.135417 0.563889 0.012500 0.018519
0 0.634375 0.266667 0.011458 0.016667
0 0.139583 0.613426 0.013542 0.023148
0 0.244531 0.621759 0.008854 0.025000
0 0.292448 0.587037 0.008854 0.025926
0 0.864062 0.735648 0.010417 0.026852
0 0.820312 0.251389 0.009375 0.023148
0 0.654687 0.321296 0.014583 0.018519
0 0.176302 0.599074 0.014063 0.031481
0 0.818750 0.667130 0.012500 0.034259
0 0.037760 0.815278 0.013021 0.032407
0 0.224219 0.556019 0.010937 0.026852
0 0.838542 0.727315 0.014583 0.039815
0 0.778385 0.275463 0.007812 0.021296
0 0.304427 0.674537 0.006771 0.025000
0 0.794531 0.258796 0.010937 0.025000
0 0.612240 0.744907 0.014063 0.041667
0 0.818229 0.749537 0.013542 0.025000
0 0.775260 0.530093 0.010937 0.026852
0 0.207813 0.550463 0.010417 0.025000
0 0.134896 0.508796 0.010417 0.034259
0 0.143490 0.510648 0.010937 0.032407
0 0.463542 0.971759 0.014583 0.036111
0 0.164062 0.524537 0.011458 0.032407
0 0.879687 0.783796 0.011458 0.023148
0 0.832812 0.250926 0.010417 0.022222
0 0.834896 0.646759 0.013542 0.032407
0 0.181510 0.532407 0.010937 0.029630
0 0.256771 0.568981 0.011458 0.026852
0 0.462500 0.989352 0.012500 0.015741
0 0.231510 0.644907 0.010937 0.023148
0 0.255469 0.668056 0.010937 0.026852
0 0.347396 0.993519 0.011458 0.009259
0 0.281510 0.327778 0.015104 0.016667
0 0.301302 0.590278 0.008854 0.025000
0 0.219010 0.723148 0.011979 0.024074
0 0.233333 0.556019 0.009375 0.026852
0 0.945312 0.973148 0.013542 0.033333
0 0.788542 0.273148 0.010417 0.025926
0 0.716667 0.292593 0.018750 0.020370
0 0.061458 0.746296 0.010417 0.027778
0 0.384115 0.420370 0.026562 0.027778
0 0.934375 0.204167 0.011458 0.028704
0 0.824740 0.184259 0.009896 0.024074
0 0.903646 0.312037 0.015625 0.014815
0 0.922135 0.306019 0.015104 0.010185
0 0.844792 0.676389 0.011458 0.026852
0 0.854688 0.703704 0.013542 0.024074
0 0.827083 0.692130 0.012500 0.025000
0 0.891406 0.818056 0.013021 0.030556
0 0.651302 0.939815 0.009896 0.014815
0 0.543750 0.971296 0.017708 0.018519
0 0.427344 0.943981 0.020313 0.013889
0 0.251563 0.817593 0.008333 0.012963
0 0.211458 0.694444 0.012500 0.025926
0 0.216406 0.712037 0.011979 0.025926
0 0.051042 0.807870 0.017708 0.039815
0 0.083073 0.667130 0.023438 0.058333
0 0.159115 0.714815 0.013021 0.022222
0 0.094010 0.565278 0.051562 0.097222
0 0.127344 0.585648 0.014063 0.026852
0 0.163281 0.598611 0.011979 0.023148
0 0.148958 0.584722 0.013542 0.023148
0 0.129427 0.552315 0.010937 0.019444
0 0.067187 0.475463 0.012500 0.012037
0 0.083073 0.481944 0.016146 0.015741
0 0.121875 0.500926 0.015625 0.016667
0 0.173698 0.530093 0.008854 0.030556
0 0.192448 0.539352 0.009896 0.028704
0 0.215885 0.555556 0.010937 0.029630
0 0.230469 0.615741 0.009896 0.024074
0 0.282031 0.585648 0.011979 0.032407
0 0.271615 0.644907 0.010937 0.026852
0 0.210677 0.274074 0.014063 0.012963
0 0.225521 0.276852 0.015625 0.016667
0 0.303906 0.299074 0.015104 0.014815
0 0.289583 0.295833 0.014583 0.012037
0 0.239583 0.313889 0.011458 0.012963
0 0.336458 0.307870 0.011458 0.013889
0 0.484115 0.162963 0.011979 0.025926
0 0.492708 0.193981 0.009375 0.025000
0 0.437500 0.166204 0.011458 0.032407
0 0.635677 0.250463 0.015104 0.013889
0 0.642448 0.209722 0.015104 0.013889
0 0.644010 0.196759 0.013021 0.013889
0 0.648438 0.185185 0.012500 0.014815
0 0.717448 0.281944 0.014063 0.013889
0 0.779687 0.245833 0.010417 0.028704
0 0.731250 0.363889 0.009375 0.024074
0 0.747135 0.352778 0.008854 0.020370
0 0.755469 0.343519 0.007812 0.018519
0 0.763542 0.347685 0.009375 0.023148
0 0.816146 0.322685 0.012500 0.028704
0 0.812760 0.259259 0.010937 0.027778
0 0.852083 0.284722 0.008333 0.008333
0 0.809375 0.441667 0.008333 0.012963
0 0.810677 0.574537 0.010937 0.021296
0 0.800521 0.788889 0.017708 0.022222
0 0.038802 0.233333 0.014063 0.044444
0 0.036979 0.338426 0.014583 0.010185
