0 0.422396 0.394907 0.015625 0.019444
0 0.425260 0.424537 0.015104 0.019444
0 0.392969 0.400926 0.016146 0.018519
0 0.441667 0.707407 0.012500 0.033333
0 0.496615 0.346759 0.016146 0.019444
0 0.588281 0.462037 0.008854 0.027778
0 0.369792 0.984722 0.012500 0.025000
0 0.963281 0.337037 0.016146 0.016667
0 0.667969 0.461574 0.014063 0.019444
0 0.861719 0.416667 0.015104 0.016667
0 0.346094 0.916667 0.016146 0.018519
0 0.308073 0.394907 0.016146 0.019444
0 0.298698 0.330556 0.017188 0.016667
0 0.179948 0.320833 0.017188 0.019444
0 0.878906 0.410185 0.017188 0.016667
0 0.619531 0.393981 0.015104 0.034259
0 0.899740 0.402778 0.015104 0.018519
0 0.464583 0.375463 0.010417 0.028704
0 0.872396 0.837037 0.012500 0.037037
0 0.243490 0.368056 0.018229 0.017593
0 0.257812 0.708796 0.013542 0.021296
0 0.188542 0.712500 0.013542 0.025000
0 0.200000 0.737037 0.012500 0.024074
0 0.380469 0.420833 0.015104 0.019444
0 0.635938 0.060648 0.010417 0.028704
0 0.266406 0.356019 0.017188 0.017593
0 0.454427 0.629167 0.007812 0.026852
0 0.241927 0.340278 0.016146 0.019444
0 0.293490 0.915278 0.015104 0.021296
0 0.296094 0.371296 0.017188 0.018519
0 0.244271 0.752315 0.011458 0.025000
0 0.753125 0.745833 0.012500 0.026852
0 0.482812 0.660648 0.013542 0.021296
0 0.208073 0.334259 0.017188 0.018519
0 0.182552 0.760648 0.016146 0.028704
0 0.214583 0.762500 0.014583 0.023148
0 0.133073 0.305556 0.017188 0.018519
0 0.292187 0.386574 0.014583 0.015741
0 0.604688 0.616204 0.012500 0.036111
0 0.449740 0.532407 0.008854 0.027778
0 0.320573 0.335185 0.017188 0.016667
0 0.632812 0.487037 0.015625 0.022222
0 0.359115 0.323148 0.016146 0.014815
0 0.446615 0.617130 0.007812 0.028704
0 0.450260 0.471759 0.010937 0.032407
0 0.136979 0.666667 0.012500 0.022222
0 0.669010 0.253241 0.010937 0.025000
0 0.235937 0.746296 0.011458 0.025926
0 0.265885 0.319907 0.016146 0.017593
0 0.638021 0.773611 0.013542 0.036111
0 0.350781 0.413889 0.017188 0.020370
0 0.425521 0.988426 0.012500 0.017593
0 0.369010 0.306019 0.019271 0.013889
0 0.907031 0.938889 0.014063 0.031481
0 0.020833 0.173148 0.011458 0.024074
0 0.451302 0.664352 0.008854 0.028704
0 0.213542 0.813426 0.014583 0.023148
0 0.642188 0.283796 0.013542 0.017593
0 0.917188 0.973148 0.014583 0.037037
0 0.872656 0.390278 0.018229 0.017593
0 0.222917 0.612037 0.010417 0.025926
0 0.341927 0.340278 0.019271 0.021296
0 0.163281 0.334259 0.017188 0.018519
0 0.208073 0.310185 0.017188 0.016667
0 0.759375 0.283796 0.009375 0.026852
0 0.815365 0.414815 0.020313 0.020370
0 0.834896 0.648148 0.013542 0.031481
0 0.894010 0.906019 0.013021 0.030556
0 0.904948 0.313426 0.016146 0.013889
0 0.211198 0.269907 0.016146 0.019444
0 0.043229 0.117130 0.012500 0.026852
0 0.157552 0.312037 0.018229 0.016667
0 0.678646 0.968519 0.012500 0.033333
0 0.804167 0.550463 0.011458 0.025000
0 0.244531 0.277778 0.016146 0.016667
0 0.510156 0.277778 0.018229 0.029630
0 0.144792 0.250926 0.015625 0.018519
0 0.655208 0.143519 0.013542 0.016667
0 0.932813 0.941667 0.013542 0.033333
0 0.762760 0.344907 0.007812 0.019444
0 0.227604 0.733796 0.011458 0.026852
0 0.742448 0.711574 0.008854 0.026852
0 0.031771 0.148148 0.012500 0.025926
0 0.278646 0.645833 0.010417 0.032407
0 0.164323 0.255556 0.017188 0.018519
0 0.369792 0.902778 0.010417 0.025926
0 0.706510 0.469907 0.015104 0.019444
0 0.141406 0.325926 0.017188 0.016667
0 0.152344 0.632407 0.017188 0.029630
0 0.800781 0.862037 0.014063 0.022222
0 0.253646 0.316667 0.015625 0.014815
0 0.054427 0.284722 0.018229 0.023148
0 0.313802 0.680093 0.007812 0.026852
0 0.789583 0.274537 0.010417 0.023148
0 0.638021 0.235648 0.013542 0.015741
0 0.424219 0.960648 0.016146 0.021296
0 0.149740 0.692130 0.011979 0.021296
0 0.153125 0.590278 0.013542 0.023148
0 0.419792 0.246296 0.011458 0.027778
0 0.488021 0.932407 0.010417 0.029630
0 0.962240 0.385185 0.015104 0.018519
0 0.265365 0.374537 0.016146 0.017593
0 0.795833 0.848148 0.014583 0.020370
0 0.256771 0.629167 0.011458 0.030556
0 0.904167 0.860648 0.010417 0.028704
0 0.250521 0.766204 0.012500 0.025000
0 0.072917 0.705556 0.011458 0.025926
0 0.141146 0.610648 0.013542 0.023148
0 0.238542 0.649537 0.011458 0.025000
0 0.821875 0.254167 0.009375 0.023148
0 0.522396 0.362037 0.026042 0.024074
0 0.170052 0.296296 0.017188 0.016667
0 0.647396 0.014815 0.009375 0.025926
0 0.467187 0.427778 0.009375 0.027778
0 0.768229 0.501389 0.011458 0.025000
0 0.463542 0.972685 0.014583 0.037963
0 0.282813 0.324537 0.014583 0.017593
0 0.655469 0.321296 0.014063 0.018519
0 0.197656 0.350926 0.016146 0.018519
0 0.142187 0.568056 0.013542 0.023148
0 0.246875 0.621296 0.009375 0.025926
0 0.757812 0.224537 0.011458 0.030556
0 0.864062 0.738426 0.010417 0.026852
0 0.770312 0.232407 0.010417 0.024074
0 0.116667 0.530093 0.014583 0.021296
0 0.352344 0.306944 0.017188 0.013889
0 0.219271 0.721759 0.012500 0.023148
0 0.201823 0.538889 0.011979 0.029630
0 0.238281 0.616667 0.010937 0.025926
0 0.295052 0.657407 0.007812 0.025926
0 0.245312 0.562500 0.009375 0.026852
0 0.778646 0.539352 0.010417 0.023148
0 0.270833 0.675463 0.010417 0.025000
0 0.042969 0.803241 0.014063 0.036111
0 0.793490 0.491204 0.011979 0.026852
0 0.432292 0.750926 0.010417 0.024074
0 0.227604 0.781944 0.015625 0.023148
0 0.050260 0.740278 0.018229 0.030556
0 0.770052 0.282870 0.008854 0.026852
0 0.287240 0.650463 0.007812 0.026852
0 0.636458 0.266204 0.011458 0.015741
0 0.234896 0.554167 0.009375 0.026852
0 0.301563 0.589352 0.009375 0.025000
0 0.217188 0.707407 0.012500 0.024074
0 0.639583 0.221759 0.013542 0.015741
0 0.856771 0.752778 0.011458 0.025926
0 0.582812 0.185648 0.009375 0.025000
0 0.247917 0.656944 0.010417 0.026852
0 0.305469 0.672685 0.006771 0.025000
0 0.150000 0.664352 0.026042 0.047222
0 0.256771 0.666667 0.011458 0.031481
0 0.834896 0.252778 0.010417 0.024074
0 0.279167 0.686574 0.010417 0.030556
0 0.153646 0.516667 0.010417 0.025926
0 0.503906 0.250463 0.017188 0.026852
0 0.217448 0.552778 0.009896 0.031481
0 0.135417 0.557870 0.016667 0.017593
0 0.812760 0.257870 0.011979 0.026852
0 0.099479 0.627315 0.032292 0.050926
0 0.652604 0.168981 0.011458 0.015741
0 0.886719 0.876389 0.010937 0.025000
0 0.255469 0.565278 0.010937 0.025000
0 0.747135 0.352778 0.007812 0.018519
0 0.956510 0.527315 0.015104 0.013889
0 0.462500 0.988426 0.012500 0.019444
0 0.126562 0.581019 0.014583 0.023148
0 0.835677 0.810185 0.018229 0.025926
0 0.321094 0.300926 0.017188 0.014815
0 0.797917 0.259722 0.010417 0.026852
0 0.232031 0.644907 0.010937 0.023148
0 0.144010 0.510648 0.008854 0.026852
0 0.956510 0.890278 0.013021 0.015741
0 0.262760 0.631944 0.008854 0.026852
0 0.182812 0.531481 0.012500 0.031481
0 0.225521 0.552315 0.011458 0.030556
0 0.165104 0.521759 0.011458 0.032407
0 0.262240 0.671296 0.011979 0.031481
0 0.272396 0.641204 0.011458 0.025000
0 0.135937 0.508796 0.010417 0.028704
0 0.193750 0.536574 0.009375 0.026852
0 0.175260 0.594907 0.015104 0.026852
0 0.654687 0.157870 0.012500 0.015741
0 0.348958 0.991667 0.010417 0.011111
0 0.294010 0.581944 0.008854 0.025000
0 0.272656 0.579167 0.007812 0.021296
0 0.718750 0.294907 0.018750 0.023148
0 0.331771 0.381944 0.026042 0.028704
0 0.936198 0.210185 0.009896 0.029630
0 0.827083 0.186111 0.009375 0.025926
0 0.852865 0.286111 0.006771 0.007407
0 0.817448 0.325000 0.011979 0.029630
0 0.780990 0.249074 0.010937 0.027778
0 0.780729 0.277315 0.008333 0.023148
0 0.756510 0.344907 0.006771 0.017593
0 0.732292 0.366667 0.009375 0.025926
0 0.922396 0.311111 0.010417 0.009259
0 0.811719 0.575000 0.009896 0.020370
0 0.820052 0.666667 0.011979 0.025926
0 0.845052 0.678704 0.011979 0.031481
0 0.828385 0.694444 0.013021 0.027778
0 0.839063 0.728241 0.013542 0.034259
0 0.854688 0.707407 0.013542 0.033333
0 0.880208 0.786574 0.012500 0.032407
0 0.890885 0.821296 0.015104 0.031481
0 0.801562 0.791204 0.017708 0.021296
0 0.804948 0.880556 0.016146 0.012963
0 0.945833 0.976852 0.016667 0.033333
0 0.810677 0.443981 0.008854 0.013889
0 0.719531 0.281019 0.014063 0.015741
0 0.637500 0.250463 0.013542 0.012037
0 0.644271 0.210648 0.014583 0.015741
0 0.647396 0.197685 0.010417 0.012037
0 0.651302 0.185185 0.010937 0.016667
0 0.486458 0.161111 0.010417 0.029630
0 0.495052 0.193056 0.007812 0.025000
0 0.291667 0.293056 0.013542 0.013889
0 0.304948 0.296296 0.015104 0.016667
0 0.338542 0.306019 0.011458 0.013889
0 0.241406 0.311111 0.009896 0.014815
0 0.228385 0.274537 0.017188 0.015741
0 0.038542 0.335648 0.013542 0.010185
0 0.041667 0.227778 0.013542 0.046296
0 0.051562 0.100926 0.006250 0.014815
0 0.069531 0.474074 0.014063 0.012963
0 0.084635 0.479167 0.016146 0.015741
0 0.123177 0.498611 0.015104 0.019444
0 0.175260 0.526389 0.008854 0.030556
0 0.130208 0.550000 0.011458 0.020370
0 0.149740 0.581481 0.015104 0.024074
0 0.163542 0.593519 0.014583 0.024074
0 0.084635 0.538889 0.029687 0.059259
0 0.211979 0.693519 0.013542 0.025926
0 0.160417 0.711574 0.013542 0.023148
0 0.052344 0.803704 0.020313 0.042593
0 0.251563 0.812963 0.007292 0.014815
0 0.232031 0.615741 0.010937 0.025926
0 0.283594 0.585185 0.011979 0.033333
0 0.426823 0.943519 0.020313 0.014815
0 0.544271 0.971759 0.018750 0.019444
0 0.209115 0.550463 0.013021 0.028704
0 0.261719 0.784259 0.011979 0.031481
0 0.640625 0.851389 0.021875 0.054630
0 0.651563 0.941667 0.008333 0.018519
0 0.704427 0.992593 0.007812 0.014815
