0 0.379167 0.959722 0.014583 0.037963
0 0.135937 0.667130 0.012500 0.021296
0 0.426302 0.421759 0.015104 0.019444
0 0.673438 0.113889 0.015625 0.020370
0 0.877865 0.407407 0.017188 0.018519
0 0.870313 0.835185 0.013542 0.033333
0 0.859635 0.413889 0.016146 0.016667
0 0.317188 0.374537 0.015625 0.017593
0 0.582812 0.402315 0.014583 0.030556
0 0.166927 0.298148 0.017188 0.018519
0 0.898698 0.399537 0.016146 0.017593
0 0.464062 0.456019 0.011458 0.032407
0 0.298177 0.330556 0.018229 0.016667
0 0.199479 0.737037 0.012500 0.024074
0 0.277865 0.384259 0.016146 0.018519
0 0.958073 0.382407 0.017188 0.016667
0 0.464583 0.356019 0.010417 0.028704
0 0.480208 0.406019 0.013542 0.026852
0 0.373698 0.419907 0.016146 0.017593
0 0.180990 0.343519 0.016146 0.016667
0 0.938281 0.365278 0.018229 0.015741
0 0.450781 0.400926 0.010937 0.027778
0 0.232031 0.362037 0.015104 0.018519
0 0.672135 0.454167 0.017188 0.019444
0 0.474740 0.225926 0.014063 0.031481
0 0.504948 0.272685 0.017188 0.026852
0 0.211719 0.356019 0.018229 0.017593
0 0.342448 0.387037 0.015104 0.016667
0 0.554948 0.257407 0.017188 0.025926
0 0.637760 0.480556 0.017188 0.024074
0 0.205990 0.312037 0.017188 0.016667
0 0.267448 0.358796 0.017188 0.015741
0 0.187760 0.714352 0.013021 0.025000
0 0.018750 0.173611 0.011458 0.023148
0 0.617448 0.393056 0.015104 0.032407
0 0.457292 0.287037 0.011458 0.038889
0 0.488802 0.517130 0.015104 0.026852
0 0.446875 0.577315 0.009375 0.028704
0 0.444531 0.613426 0.008854 0.028704
0 0.408854 0.840278 0.012500 0.032407
0 0.429948 0.388426 0.017188 0.021296
0 0.243490 0.277778 0.016146 0.016667
0 0.573698 0.548611 0.016146 0.021296
0 0.180469 0.760648 0.014063 0.026852
0 0.340885 0.341667 0.019271 0.018519
0 0.894531 0.902315 0.014063 0.032407
0 0.331510 0.406019 0.016146 0.017593
0 0.345052 0.916667 0.016146 0.016667
0 0.243490 0.754167 0.011979 0.026852
0 0.493490 0.348611 0.013021 0.019444
0 0.039583 0.119907 0.012500 0.023148
0 0.192448 0.325463 0.014063 0.015741
0 0.667188 0.252315 0.010417 0.025000
0 0.382031 0.396296 0.017188 0.016667
0 0.273177 0.727778 0.016146 0.016667
0 0.149219 0.692130 0.010937 0.021296
0 0.158594 0.333796 0.016146 0.019444
0 0.209375 0.271296 0.014583 0.018519
0 0.419792 0.246296 0.012500 0.027778
0 0.530990 0.340278 0.017188 0.019444
0 0.026562 0.126389 0.011458 0.026852
0 0.491406 0.563426 0.019271 0.032407
0 0.242969 0.349537 0.017188 0.019444
0 0.833333 0.214815 0.013542 0.020370
0 0.461458 0.531019 0.011458 0.036111
0 0.617969 0.788426 0.014063 0.032407
0 0.142969 0.252778 0.015104 0.016667
0 0.752083 0.743056 0.013542 0.026852
0 0.425521 0.990278 0.012500 0.015741
0 0.654167 0.143056 0.013542 0.013889
0 0.234896 0.746296 0.011458 0.025926
0 0.302865 0.395833 0.017188 0.019444
0 0.243490 0.563889 0.008854 0.027778
0 0.212240 0.815278 0.015104 0.023148
0 0.561979 0.629167 0.013542 0.026852
0 0.113542 0.531019 0.013542 0.023148
0 0.254167 0.625926 0.010417 0.027778
0 0.150521 0.634722 0.013542 0.025000
0 0.320052 0.337037 0.018229 0.018519
0 0.906250 0.935185 0.013542 0.031481
0 0.220833 0.611574 0.011458 0.025000
0 0.368490 0.306019 0.019271 0.013889
0 0.226562 0.734722 0.011458 0.025000
0 0.138021 0.610648 0.013542 0.023148
0 0.601562 0.712037 0.012500 0.027778
0 0.294010 0.657870 0.007812 0.025000
0 0.917708 0.969907 0.013542 0.034259
0 0.795312 0.844907 0.015625 0.019444
0 0.258073 0.375926 0.017188 0.016667
0 0.779948 0.466204 0.010937 0.025000
0 0.262760 0.633796 0.010937 0.026852
0 0.030208 0.149537 0.012500 0.023148
0 0.244531 0.622685 0.008854 0.026852
0 0.800781 0.860648 0.014063 0.021296
0 0.161198 0.257407 0.017188 0.016667
0 0.247396 0.658796 0.010417 0.026852
0 0.036198 0.275926 0.019271 0.022222
0 0.277083 0.646759 0.010417 0.030556
0 0.237760 0.654167 0.011979 0.030556
0 0.369792 0.902778 0.010417 0.027778
0 0.250781 0.316204 0.010937 0.013889
0 0.742188 0.709259 0.010417 0.029630
0 0.351823 0.306944 0.016146 0.013889
0 0.230990 0.644907 0.011979 0.023148
0 0.598437 0.500463 0.009375 0.028704
0 0.792708 0.488889 0.011458 0.025926
0 0.255469 0.666667 0.010937 0.025926
0 0.515365 0.366667 0.016146 0.016667
0 0.486719 0.931944 0.008854 0.030556
0 0.462760 0.971759 0.014063 0.037963
0 0.802604 0.550463 0.011458 0.025000
0 0.578646 0.656944 0.013542 0.025000
0 0.151562 0.593519 0.013542 0.024074
0 0.757031 0.278241 0.007812 0.025000
0 0.311719 0.681019 0.007812 0.023148
0 0.261458 0.673148 0.011458 0.031481
0 0.197917 0.537500 0.011458 0.032407
0 0.450260 0.158796 0.010937 0.026852
0 0.213542 0.765278 0.014583 0.023148
0 0.717187 0.294907 0.018750 0.019444
0 0.425000 0.961574 0.019792 0.021296
0 0.278125 0.683796 0.011458 0.026852
0 0.292969 0.367593 0.027604 0.024074
0 0.650521 0.168056 0.013542 0.013889
0 0.767188 0.501389 0.011458 0.026852
0 0.615365 0.671759 0.017188 0.056481
0 0.777083 0.534722 0.010417 0.023148
0 0.635417 0.265278 0.011458 0.017593
0 0.292187 0.916667 0.014583 0.024074
0 0.729948 0.363426 0.007812 0.023148
0 0.636458 0.233796 0.013542 0.015741
0 0.766146 0.241204 0.009375 0.026852
0 0.265104 0.319907 0.015625 0.017593
0 0.956771 0.887037 0.012500 0.016667
0 0.904167 0.856019 0.011458 0.026852
0 0.271615 0.581944 0.007812 0.019444
0 0.152083 0.516667 0.010417 0.025926
0 0.285938 0.652778 0.009375 0.025926
0 0.779427 0.275926 0.007812 0.020370
0 0.320573 0.299537 0.017188 0.013889
0 0.050000 0.743519 0.012500 0.027778
0 0.884375 0.866667 0.011458 0.033333
0 0.440885 0.659722 0.007812 0.021296
0 0.864062 0.735648 0.010417 0.026852
0 0.225000 0.554167 0.012500 0.030556
0 0.142969 0.511574 0.007812 0.025000
0 0.134115 0.510185 0.007812 0.027778
0 0.301302 0.589352 0.008854 0.025000
0 0.207813 0.549537 0.010417 0.026852
0 0.934896 0.937500 0.012500 0.032407
0 0.652083 0.156944 0.012500 0.013889
0 0.833333 0.251389 0.011458 0.023148
0 0.270313 0.676389 0.010417 0.025000
0 0.810417 0.255093 0.011458 0.030556
0 0.819792 0.251389 0.010417 0.025000
0 0.541927 0.969907 0.017188 0.019444
0 0.061979 0.742130 0.011458 0.026852
0 0.139583 0.571296 0.013542 0.024074
0 0.955469 0.523611 0.015104 0.015741
0 0.818750 0.667130 0.012500 0.034259
0 0.835417 0.648148 0.014583 0.033333
0 0.482812 0.159722 0.010417 0.025000
0 0.838542 0.726389 0.014583 0.039815
0 0.236458 0.618056 0.010417 0.023148
0 0.654687 0.318519 0.014583 0.018519
0 0.291667 0.585648 0.009375 0.026852
0 0.763021 0.343519 0.010417 0.022222
0 0.082031 0.477778 0.017188 0.014815
0 0.191667 0.537963 0.009375 0.027778
0 0.824740 0.181944 0.011979 0.025000
0 0.461979 0.988426 0.012500 0.017593
0 0.298958 0.621296 0.012500 0.020370
0 0.163021 0.523611 0.011458 0.032407
0 0.346354 0.993056 0.010417 0.010185
0 0.250521 0.768056 0.012500 0.023148
0 0.219271 0.722685 0.012500 0.023148
0 0.878646 0.783796 0.011458 0.023148
0 0.037240 0.813889 0.019271 0.031481
0 0.216146 0.710185 0.011458 0.024074
0 0.945312 0.972685 0.013542 0.032407
0 0.649479 0.181944 0.012500 0.013889
0 0.228646 0.785185 0.014583 0.022222
0 0.130208 0.551389 0.012500 0.023148
0 0.788281 0.271296 0.007812 0.024074
0 0.638542 0.219907 0.012500 0.013889
0 0.280990 0.324537 0.015104 0.017593
0 0.794531 0.260185 0.010937 0.024074
0 0.798958 0.223611 0.014583 0.019444
0 0.166667 0.594907 0.013542 0.025000
0 0.255208 0.567130 0.010417 0.025000
0 0.175781 0.594907 0.014063 0.025000
0 0.181510 0.533796 0.008854 0.028704
0 0.810417 0.572685 0.010417 0.023148
0 0.398438 0.421296 0.026042 0.025926
0 0.933854 0.204167 0.012500 0.028704
0 0.903646 0.312037 0.015625 0.014815
0 0.920833 0.305093 0.011458 0.010185
0 0.950000 0.308333 0.012500 0.018519
0 0.816927 0.321296 0.011979 0.029630
0 0.851562 0.283796 0.008333 0.010185
0 0.779687 0.244907 0.011458 0.026852
0 0.827083 0.693056 0.010417 0.026852
0 0.845052 0.677315 0.013021 0.028704
0 0.854167 0.703704 0.011458 0.025926
0 0.890365 0.818981 0.017188 0.030556
0 0.800260 0.788889 0.017188 0.024074
0 0.635677 0.247685 0.014063 0.015741
0 0.642188 0.211111 0.016667 0.016667
0 0.644792 0.197685 0.010417 0.012037
0 0.639844 0.096296 0.013021 0.007407
0 0.652083 0.939352 0.010417 0.015741
0 0.799219 0.878704 0.015104 0.011111
0 0.808854 0.441204 0.008333 0.012037
0 0.426823 0.943056 0.020313 0.017593
0 0.430208 0.756944 0.011458 0.025000
0 0.281250 0.584722 0.010417 0.030556
0 0.302865 0.674074 0.006771 0.022222
0 0.229948 0.616204 0.010937 0.026852
0 0.270833 0.642130 0.011458 0.026852
0 0.250521 0.813426 0.006250 0.012037
0 0.210156 0.694907 0.014063 0.028704
0 0.233594 0.559722 0.009896 0.025000
0 0.215885 0.554167 0.009896 0.030556
0 0.172656 0.527778 0.008854 0.031481
0 0.126042 0.586111 0.013542 0.022222
0 0.135937 0.560185 0.014583 0.018519
0 0.148958 0.581019 0.012500 0.021296
0 0.094792 0.562963 0.051042 0.100000
0 0.082812 0.662500 0.022917 0.058333
0 0.158333 0.713889 0.013542 0.024074
0 0.051042 0.806944 0.019792 0.041667
0 0.492188 0.191204 0.009375 0.028704
0 0.394531 0.064352 0.018229 0.012037
0 0.289062 0.294907 0.013542 0.013889
0 0.303385 0.297222 0.016146 0.018519
0 0.336979 0.307407 0.013542 0.012963
0 0.238542 0.312037 0.009375 0.014815
0 0.122396 0.500000 0.016667 0.016667
0 0.067187 0.474074 0.012500 0.014815
0 0.036719 0.336111 0.014063 0.011111
0 0.039583 0.230556 0.012500 0.044444
0 0.049219 0.101852 0.005729 0.014815
0 0.716667 0.280093 0.015625 0.017593
0 0.746615 0.353241 0.007812 0.023148
0 0.755208 0.342593 0.005208 0.014815
