0 0.591146 0.212037 0.010417 0.025926
0 0.408594 0.398148 0.018229 0.016667
0 0.870313 0.833796 0.013542 0.034259
0 0.422396 0.424537 0.015625 0.017593
0 0.469792 0.477315 0.011458 0.026852
0 0.366406 0.393056 0.017188 0.017593
0 0.877865 0.409259 0.017188 0.018519
0 0.355469 0.415278 0.017188 0.015741
0 0.792448 0.402778 0.016146 0.016667
0 0.278125 0.385185 0.015625 0.016667
0 0.404687 0.835648 0.012500 0.032407
0 0.167969 0.299537 0.017188 0.017593
0 0.610417 0.155093 0.012500 0.028704
0 0.859635 0.413889 0.016146 0.016667
0 0.482552 0.532407 0.017188 0.025926
0 0.338281 0.386574 0.015104 0.015741
0 0.617448 0.393519 0.016146 0.033333
0 0.136458 0.668056 0.011458 0.021296
0 0.298177 0.332407 0.018229 0.016667
0 0.580469 0.399537 0.024479 0.049074
0 0.258073 0.375926 0.017188 0.016667
0 0.346094 0.916667 0.016146 0.016667
0 0.667188 0.254167 0.010417 0.026852
0 0.898698 0.400926 0.015104 0.016667
0 0.141927 0.315278 0.018229 0.019444
0 0.630469 0.082407 0.010937 0.027778
0 0.473438 0.435185 0.011458 0.027778
0 0.187760 0.716667 0.013021 0.024074
0 0.456510 0.405556 0.015104 0.020370
0 0.207552 0.313889 0.018229 0.016667
0 0.198958 0.738426 0.011458 0.023148
0 0.445052 0.388889 0.015104 0.020370
0 0.652604 0.144907 0.013542 0.019444
0 0.247396 0.710185 0.012500 0.022222
0 0.446875 0.551389 0.009375 0.026852
0 0.161198 0.260185 0.017188 0.018519
0 0.891927 0.382407 0.016146 0.016667
0 0.419792 0.248148 0.012500 0.027778
0 0.149219 0.694907 0.010937 0.021296
0 0.636719 0.235648 0.014063 0.017593
0 0.438802 0.493981 0.018229 0.025000
0 0.243490 0.754167 0.011979 0.025000
0 0.341406 0.341667 0.020313 0.020370
0 0.180469 0.762500 0.014063 0.025000
0 0.695573 0.444907 0.019271 0.021296
0 0.443490 0.446759 0.011979 0.026852
0 0.752083 0.744907 0.013542 0.026852
0 0.018750 0.177778 0.011458 0.024074
0 0.018750 0.268981 0.014583 0.019444
0 0.516146 0.281019 0.015625 0.023148
0 0.446615 0.603241 0.007812 0.026852
0 0.292448 0.916204 0.015104 0.023148
0 0.232813 0.363426 0.015625 0.017593
0 0.894531 0.902315 0.014063 0.032407
0 0.278646 0.688889 0.012500 0.031481
0 0.209635 0.338426 0.018229 0.017593
0 0.319010 0.337037 0.016146 0.016667
0 0.153906 0.332407 0.016146 0.016667
0 0.113542 0.531944 0.013542 0.023148
0 0.143490 0.252778 0.014063 0.016667
0 0.310677 0.374537 0.017188 0.013889
0 0.459896 0.548148 0.010417 0.031481
0 0.548438 0.272685 0.013542 0.025000
0 0.213542 0.816667 0.014583 0.024074
0 0.954427 0.525926 0.016146 0.014815
0 0.151562 0.593056 0.013542 0.025000
0 0.312760 0.682407 0.007812 0.025926
0 0.226562 0.736574 0.011458 0.025000
0 0.580208 0.661574 0.014583 0.030556
0 0.242969 0.281019 0.017188 0.015741
0 0.452604 0.173148 0.010417 0.025926
0 0.221354 0.613426 0.010417 0.025000
0 0.594792 0.691667 0.013542 0.031481
0 0.244531 0.564352 0.008854 0.026852
0 0.265365 0.321296 0.016146 0.016667
0 0.299219 0.396296 0.018229 0.018519
0 0.707812 0.145833 0.014583 0.021296
0 0.174740 0.343056 0.017188 0.017593
0 0.638021 0.221759 0.013542 0.015741
0 0.277083 0.647685 0.010417 0.032407
0 0.917708 0.970833 0.013542 0.034259
0 0.906250 0.933796 0.013542 0.032407
0 0.370833 0.902315 0.010417 0.025000
0 0.255208 0.627315 0.010417 0.026852
0 0.211719 0.357407 0.018229 0.016667
0 0.551302 0.643981 0.020313 0.036111
0 0.368490 0.306944 0.019271 0.013889
0 0.214062 0.766204 0.013542 0.023148
0 0.247917 0.658796 0.010417 0.025000
0 0.039583 0.121296 0.012500 0.025926
0 0.234896 0.747685 0.011458 0.026852
0 0.294010 0.660185 0.007812 0.025926
0 0.800781 0.859722 0.014063 0.021296
0 0.651042 0.168519 0.012500 0.018519
0 0.793490 0.488426 0.011979 0.025000
0 0.884375 0.866667 0.011458 0.033333
0 0.652083 0.159259 0.012500 0.018519
0 0.795312 0.846296 0.015625 0.020370
0 0.263542 0.358333 0.030208 0.022222
0 0.757031 0.282407 0.007812 0.022222
0 0.030208 0.150463 0.012500 0.025000
0 0.425781 0.962037 0.018229 0.020370
0 0.262760 0.633796 0.010937 0.025000
0 0.742188 0.708796 0.010417 0.030556
0 0.251563 0.318056 0.012500 0.012037
0 0.934896 0.937500 0.012500 0.032407
0 0.152083 0.517130 0.010417 0.025000
0 0.561458 0.625463 0.013542 0.025000
0 0.351823 0.307407 0.017188 0.014815
0 0.487240 0.932407 0.010937 0.029630
0 0.250521 0.769907 0.012500 0.023148
0 0.150521 0.637037 0.013542 0.024074
0 0.261719 0.673148 0.010937 0.031481
0 0.320573 0.301389 0.016146 0.013889
0 0.236719 0.652778 0.011979 0.024074
0 0.904167 0.856019 0.011458 0.026852
0 0.616667 0.755556 0.014583 0.040741
0 0.426563 0.990278 0.012500 0.015741
0 0.228646 0.785648 0.014583 0.021296
0 0.440885 0.657407 0.007812 0.024074
0 0.200260 0.540278 0.010937 0.026852
0 0.237240 0.619907 0.010937 0.023148
0 0.794531 0.258796 0.010937 0.025000
0 0.050000 0.746296 0.012500 0.033333
0 0.270313 0.676389 0.010417 0.025000
0 0.244531 0.625926 0.008854 0.025926
0 0.139583 0.571759 0.013542 0.023148
0 0.764583 0.242130 0.009375 0.026852
0 0.347917 0.993519 0.010417 0.009259
0 0.223958 0.556019 0.010417 0.026852
0 0.802604 0.550463 0.011458 0.025000
0 0.292448 0.587037 0.008854 0.025926
0 0.838542 0.726389 0.014583 0.039815
0 0.139583 0.613426 0.013542 0.023148
0 0.286198 0.651389 0.007812 0.025000
0 0.820573 0.252778 0.007812 0.022222
0 0.132812 0.556944 0.013542 0.021296
0 0.255729 0.569444 0.011458 0.029630
0 0.767188 0.502778 0.011458 0.025926
0 0.304427 0.674537 0.006771 0.025000
0 0.497917 0.380556 0.015625 0.020370
0 0.463542 0.972685 0.014583 0.036111
0 0.270573 0.580093 0.007812 0.021296
0 0.864062 0.736574 0.010417 0.026852
0 0.176042 0.595833 0.013542 0.025000
0 0.818229 0.750926 0.013542 0.024074
0 0.037760 0.816204 0.013021 0.032407
0 0.216146 0.712037 0.012500 0.024074
0 0.778385 0.275463 0.007812 0.021296
0 0.134896 0.510185 0.010417 0.033333
0 0.787240 0.273148 0.007812 0.022222
0 0.441146 0.185648 0.013542 0.032407
0 0.231771 0.648148 0.011458 0.024074
0 0.957812 0.887037 0.012500 0.016667
0 0.207813 0.550463 0.010417 0.025000
0 0.654687 0.321296 0.014583 0.018519
0 0.635417 0.266667 0.011458 0.016667
0 0.254948 0.668056 0.008854 0.026852
0 0.777083 0.537037 0.010417 0.024074
0 0.163021 0.524537 0.011458 0.032407
0 0.181510 0.532407 0.010937 0.029630
0 0.142969 0.510648 0.011979 0.032407
0 0.462500 0.989352 0.012500 0.015741
0 0.130208 0.551389 0.012500 0.021296
0 0.322656 0.402778 0.016146 0.016667
0 0.147656 0.581944 0.017188 0.021296
0 0.209635 0.272685 0.016146 0.015741
0 0.778646 0.246296 0.010417 0.025926
0 0.945312 0.973148 0.013542 0.033333
0 0.233333 0.556019 0.009375 0.026852
0 0.300781 0.592130 0.007812 0.023148
0 0.832812 0.250926 0.010417 0.022222
0 0.801302 0.877778 0.015104 0.018519
0 0.818750 0.668056 0.012500 0.036111
0 0.382552 0.419907 0.028646 0.025000
0 0.934115 0.205556 0.011979 0.027778
0 0.903385 0.312963 0.016146 0.012963
0 0.922396 0.306481 0.014583 0.012963
0 0.816146 0.322222 0.010417 0.029630
0 0.852083 0.285648 0.007292 0.008333
0 0.809115 0.441204 0.006771 0.012037
0 0.811198 0.574537 0.009896 0.017593
0 0.833333 0.645370 0.012500 0.025926
0 0.845052 0.677315 0.013021 0.030556
0 0.853385 0.704167 0.010937 0.025000
0 0.813021 0.259722 0.011458 0.028704
0 0.825260 0.184259 0.008854 0.025926
0 0.716927 0.280093 0.013021 0.013889
0 0.717187 0.295370 0.016667 0.018519
0 0.730990 0.365278 0.008854 0.025000
0 0.746615 0.353704 0.007812 0.020370
0 0.755469 0.345370 0.008854 0.016667
0 0.763542 0.347685 0.008333 0.023148
0 0.801042 0.788889 0.017708 0.022222
0 0.878906 0.782407 0.011979 0.031481
0 0.891406 0.819444 0.013021 0.031481
0 0.651823 0.938426 0.008854 0.013889
0 0.543750 0.972685 0.017708 0.019444
0 0.426823 0.943981 0.020313 0.015741
0 0.398438 0.933796 0.009375 0.030556
0 0.575781 0.525463 0.017188 0.023148
0 0.654687 0.472222 0.017708 0.018519
0 0.501042 0.355556 0.012500 0.025926
0 0.481510 0.365278 0.017188 0.021296
0 0.635417 0.250926 0.012500 0.014815
0 0.642188 0.210185 0.013542 0.014815
0 0.644792 0.196296 0.010417 0.012963
0 0.649219 0.186574 0.010937 0.013889
0 0.483594 0.162037 0.010937 0.025926
0 0.492969 0.193056 0.008854 0.023148
0 0.282552 0.329167 0.014063 0.013889
0 0.289583 0.295370 0.011458 0.012963
0 0.303646 0.298611 0.015625 0.015741
0 0.336979 0.308333 0.013542 0.014815
0 0.226042 0.277778 0.016667 0.016667
0 0.239063 0.313889 0.011458 0.014815
0 0.038021 0.338889 0.014583 0.012963
0 0.039583 0.231481 0.013542 0.046296
0 0.049479 0.104167 0.006250 0.013889
0 0.067969 0.476852 0.014063 0.014815
0 0.082812 0.482407 0.016667 0.014815
0 0.122135 0.501389 0.016146 0.017593
0 0.094010 0.564352 0.050521 0.097222
0 0.126302 0.587037 0.015104 0.029630
0 0.163542 0.598611 0.012500 0.025000
0 0.192708 0.538889 0.009375 0.029630
0 0.082552 0.667130 0.023438 0.060185
0 0.158854 0.716204 0.012500 0.025000
0 0.061458 0.746759 0.009375 0.026852
0 0.051562 0.808333 0.019792 0.040741
0 0.251042 0.817593 0.007292 0.012963
0 0.211458 0.695833 0.013542 0.026852
0 0.220833 0.727315 0.012500 0.023148
0 0.271615 0.643981 0.010937 0.023148
0 0.230469 0.618056 0.008854 0.026852
0 0.282292 0.586111 0.011458 0.031481
0 0.215885 0.556019 0.009896 0.030556
0 0.172917 0.529167 0.008333 0.028704
0 0.827604 0.692130 0.010417 0.025000
