0 0.591667 0.193056 0.010417 0.023148
0 0.376563 0.953241 0.014583 0.036111
0 0.136979 0.666667 0.012500 0.022222
0 0.416667 0.817130 0.011458 0.036111
0 0.860677 0.418519 0.016146 0.018519
0 0.933073 0.360648 0.020313 0.015741
0 0.870833 0.836574 0.014583 0.036111
0 0.542188 0.603241 0.014583 0.019444
0 0.345052 0.388889 0.018229 0.018519
0 0.898698 0.402778 0.015104 0.016667
0 0.708594 0.438889 0.016146 0.018519
0 0.457813 0.319907 0.010417 0.026852
0 0.883073 0.343056 0.017188 0.015741
0 0.878906 0.410185 0.017188 0.016667
0 0.377344 0.398148 0.018229 0.016667
0 0.599479 0.696296 0.013542 0.033333
0 0.410677 0.426389 0.016146 0.019444
0 0.515885 0.363889 0.017188 0.020370
0 0.150260 0.691667 0.010937 0.022222
0 0.247656 0.368519 0.016146 0.020370
0 0.568229 0.636574 0.013542 0.025000
0 0.869531 0.788889 0.013021 0.038889
0 0.523698 0.312037 0.015104 0.022222
0 0.457813 0.590278 0.009375 0.026852
0 0.199479 0.737037 0.012500 0.024074
0 0.187760 0.712500 0.013021 0.025000
0 0.638281 0.049537 0.010937 0.028704
0 0.129427 0.301389 0.016146 0.019444
0 0.346094 0.916667 0.016146 0.016667
0 0.477083 0.493519 0.012500 0.027778
0 0.276302 0.384259 0.017188 0.018519
0 0.299219 0.327778 0.018229 0.016667
0 0.207552 0.310185 0.016146 0.018519
0 0.164323 0.316667 0.016146 0.018519
0 0.450521 0.667130 0.011458 0.034259
0 0.645833 0.792130 0.013542 0.037963
0 0.346094 0.410185 0.016146 0.018519
0 0.101562 0.291204 0.015625 0.015741
0 0.297135 0.371296 0.019271 0.018519
0 0.403646 0.868981 0.010417 0.034259
0 0.891146 0.361574 0.015625 0.015741
0 0.189844 0.346296 0.018229 0.018519
0 0.903385 0.312500 0.017188 0.013889
0 0.310677 0.394907 0.017188 0.019444
0 0.583333 0.436574 0.011458 0.028704
0 0.425521 0.988426 0.012500 0.017593
0 0.681771 0.978241 0.013542 0.036111
0 0.144531 0.250926 0.014063 0.018519
0 0.737760 0.304167 0.016146 0.013889
0 0.603646 0.574537 0.010417 0.032407
0 0.097135 0.307407 0.016146 0.016667
0 0.753125 0.744907 0.012500 0.026852
0 0.631250 0.735648 0.012500 0.039815
0 0.243490 0.752315 0.011979 0.025000
0 0.629948 0.541204 0.021354 0.028704
0 0.645833 0.013426 0.010417 0.023148
0 0.635938 0.822685 0.012500 0.032407
0 0.618490 0.393056 0.015104 0.032407
0 0.244531 0.277778 0.016146 0.016667
0 0.181510 0.760185 0.014063 0.025926
0 0.192969 0.323148 0.018229 0.018519
0 0.341927 0.338426 0.019271 0.021296
0 0.770312 0.244907 0.009375 0.025000
0 0.420312 0.244907 0.012500 0.030556
0 0.213021 0.762500 0.013542 0.023148
0 0.647396 0.471296 0.015625 0.020370
0 0.667969 0.252315 0.010937 0.025000
0 0.440104 0.712037 0.010417 0.025926
0 0.522396 0.560185 0.013542 0.018519
0 0.468490 0.207870 0.014063 0.030556
0 0.222396 0.610648 0.011458 0.026852
0 0.153646 0.589352 0.014583 0.023148
0 0.234896 0.744907 0.011458 0.026852
0 0.670573 0.455556 0.016146 0.020370
0 0.224740 0.340278 0.017188 0.019444
0 0.620313 0.771296 0.013542 0.037037
0 0.368490 0.306019 0.019271 0.013889
0 0.019792 0.172685 0.011458 0.023148
0 0.244531 0.621296 0.008854 0.025926
0 0.319531 0.332407 0.017188 0.016667
0 0.251302 0.314815 0.013021 0.016667
0 0.277083 0.644907 0.010417 0.032407
0 0.213281 0.813426 0.015104 0.023148
0 0.369792 0.900463 0.010417 0.026852
0 0.907031 0.938889 0.014063 0.031481
0 0.455990 0.630556 0.007812 0.029630
0 0.169010 0.296296 0.017188 0.016667
0 0.637240 0.235185 0.013021 0.016667
0 0.893229 0.905556 0.013542 0.031481
0 0.255990 0.400926 0.014063 0.020370
0 0.381510 0.419907 0.018229 0.017593
0 0.789583 0.272685 0.010417 0.025000
0 0.795833 0.845833 0.014583 0.019444
0 0.028125 0.268056 0.015625 0.019444
0 0.113542 0.529167 0.013542 0.021296
0 0.266146 0.318056 0.015625 0.017593
0 0.794010 0.488426 0.010937 0.025000
0 0.798177 0.433796 0.016146 0.021296
0 0.255208 0.625926 0.010417 0.027778
0 0.295052 0.657407 0.007812 0.025926
0 0.226562 0.733796 0.011458 0.026852
0 0.834896 0.646759 0.012500 0.030556
0 0.312760 0.680556 0.007812 0.025926
0 0.757812 0.282407 0.009375 0.024074
0 0.423958 0.961574 0.017708 0.021296
0 0.237760 0.649537 0.011979 0.025000
0 0.152083 0.633796 0.014583 0.026852
0 0.557031 0.383796 0.014063 0.021296
0 0.742188 0.710648 0.010417 0.026852
0 0.486719 0.932407 0.008854 0.029630
0 0.244531 0.561574 0.008854 0.026852
0 0.031250 0.146296 0.012500 0.025926
0 0.804167 0.551389 0.011458 0.026852
0 0.078646 0.285648 0.015625 0.017593
0 0.282813 0.323148 0.014583 0.016667
0 0.654167 0.143519 0.013542 0.016667
0 0.162240 0.255556 0.017188 0.018519
0 0.210677 0.268056 0.016146 0.017593
0 0.462760 0.973148 0.014063 0.038889
0 0.768229 0.502778 0.011458 0.025926
0 0.800781 0.862037 0.014063 0.022222
0 0.654687 0.319907 0.014583 0.017593
0 0.259375 0.628241 0.011458 0.030556
0 0.916667 0.972685 0.013542 0.036111
0 0.292969 0.898148 0.028646 0.040741
0 0.466667 0.435185 0.010417 0.025926
0 0.649740 0.940278 0.011979 0.021296
0 0.228125 0.781944 0.017708 0.028704
0 0.062500 0.741667 0.012500 0.025926
0 0.197917 0.535648 0.011458 0.032407
0 0.430990 0.755556 0.008854 0.025926
0 0.123177 0.627315 0.038021 0.026852
0 0.231771 0.643519 0.011458 0.024074
0 0.301302 0.588889 0.008854 0.025926
0 0.141146 0.567130 0.013542 0.023148
0 0.821615 0.253241 0.007812 0.023148
0 0.639062 0.287037 0.013542 0.018519
0 0.247917 0.657407 0.010417 0.025926
0 0.351823 0.306019 0.017188 0.013889
0 0.278125 0.682870 0.013542 0.032407
0 0.262240 0.673148 0.011979 0.031481
0 0.286198 0.651389 0.007812 0.026852
0 0.321094 0.298148 0.017188 0.014815
0 0.235937 0.613889 0.009375 0.024074
0 0.864062 0.737500 0.010417 0.026852
0 0.932813 0.941667 0.013542 0.033333
0 0.041667 0.116204 0.013542 0.026852
0 0.521354 0.271296 0.014583 0.022222
0 0.270833 0.674537 0.010417 0.025000
0 0.142969 0.510185 0.008854 0.025926
0 0.233594 0.555556 0.007812 0.025926
0 0.049479 0.741667 0.013542 0.027778
0 0.512240 0.277315 0.018229 0.028704
0 0.639583 0.219907 0.013542 0.015741
0 0.904687 0.861574 0.012500 0.034259
0 0.812760 0.256944 0.011979 0.026852
0 0.281510 0.580556 0.008854 0.027778
0 0.410938 0.395833 0.026042 0.023148
0 0.777083 0.538426 0.010417 0.023148
0 0.054688 0.293519 0.015625 0.018519
0 0.216146 0.706019 0.012500 0.023148
0 0.219271 0.722685 0.012500 0.023148
0 0.180990 0.527778 0.011979 0.031481
0 0.255469 0.665278 0.010937 0.026852
0 0.134896 0.555556 0.014583 0.022222
0 0.207813 0.549537 0.011458 0.032407
0 0.254948 0.566204 0.008854 0.025000
0 0.272396 0.578241 0.010417 0.023148
0 0.135937 0.507407 0.010417 0.027778
0 0.540885 0.968981 0.017188 0.019444
0 0.292187 0.582870 0.010417 0.032407
0 0.224740 0.552778 0.011979 0.031481
0 0.780469 0.275926 0.007812 0.020370
0 0.886719 0.875463 0.010937 0.023148
0 0.153646 0.515278 0.010417 0.025000
0 0.834896 0.251389 0.010417 0.023148
0 0.635417 0.266667 0.011458 0.016667
0 0.652083 0.168981 0.012500 0.015741
0 0.129688 0.549537 0.013542 0.021296
0 0.139063 0.608796 0.013542 0.021296
0 0.347917 0.993519 0.010417 0.011111
0 0.796875 0.259722 0.010417 0.026852
0 0.191146 0.534722 0.009375 0.026852
0 0.409115 0.069444 0.011979 0.024074
0 0.164062 0.520833 0.011458 0.032407
0 0.462500 0.987500 0.012500 0.019444
0 0.818750 0.668519 0.012500 0.033333
0 0.304427 0.673611 0.006771 0.025000
0 0.120833 0.496296 0.014583 0.018519
0 0.250521 0.766667 0.012500 0.024074
0 0.935156 0.206019 0.011979 0.030556
0 0.827083 0.184259 0.010417 0.027778
0 0.853906 0.287500 0.007812 0.008333
0 0.817708 0.324074 0.012500 0.027778
0 0.731771 0.365278 0.008333 0.025000
0 0.747656 0.355093 0.005729 0.019444
0 0.756510 0.342593 0.008854 0.016667
0 0.764323 0.347222 0.006771 0.024074
0 0.717708 0.296759 0.017708 0.015741
0 0.717708 0.280093 0.013542 0.013889
0 0.810677 0.399074 0.018229 0.018519
0 0.769531 0.414352 0.023438 0.023148
0 0.811979 0.575463 0.009375 0.021296
0 0.844271 0.676852 0.013542 0.027778
0 0.827344 0.694444 0.013021 0.027778
0 0.853385 0.705093 0.013021 0.028704
0 0.839323 0.728704 0.013021 0.031481
0 0.799740 0.790278 0.018229 0.023148
0 0.878906 0.782407 0.010937 0.027778
0 0.891146 0.819444 0.015625 0.029630
0 0.958333 0.891204 0.016667 0.019444
0 0.945052 0.975000 0.016146 0.033333
0 0.804688 0.879630 0.015625 0.014815
0 0.680208 0.902315 0.020833 0.050926
0 0.651563 0.390741 0.015625 0.022222
0 0.651823 0.185648 0.011979 0.019444
0 0.644792 0.195833 0.011458 0.010185
0 0.643229 0.209259 0.014583 0.012963
0 0.636719 0.249537 0.014063 0.013889
0 0.486979 0.161111 0.011458 0.029630
0 0.494792 0.193981 0.011458 0.025000
0 0.427083 0.940278 0.020833 0.021296
0 0.292187 0.916667 0.015625 0.024074
0 0.252344 0.812963 0.008854 0.012963
0 0.160417 0.712037 0.013542 0.022222
0 0.211458 0.691204 0.012500 0.026852
0 0.232031 0.613889 0.007812 0.020370
0 0.435677 0.500926 0.028646 0.038889
0 0.176302 0.594907 0.013021 0.028704
0 0.163542 0.593981 0.013542 0.026852
0 0.271615 0.641667 0.010937 0.025926
0 0.085156 0.668056 0.011979 0.025000
0 0.051302 0.803704 0.019271 0.042593
0 0.173698 0.524074 0.008854 0.033333
0 0.216927 0.552778 0.010937 0.029630
0 0.148698 0.578241 0.013021 0.023148
0 0.126823 0.583333 0.016146 0.025926
0 0.083073 0.537500 0.031771 0.052778
0 0.067969 0.471759 0.013021 0.015741
0 0.083333 0.479167 0.015625 0.013889
0 0.060677 0.325926 0.014063 0.016667
0 0.037500 0.332407 0.014583 0.011111
0 0.040885 0.227778 0.015104 0.044444
0 0.050781 0.099537 0.006771 0.015741
0 0.227344 0.274074 0.016146 0.014815
0 0.239844 0.310648 0.010937 0.015741
0 0.291667 0.293056 0.013542 0.015741
0 0.304948 0.295833 0.015104 0.015741
0 0.338021 0.306019 0.014583 0.013889
0 0.400781 0.816204 0.009896 0.015741
0 0.955729 0.529167 0.017708 0.015741
0 0.780990 0.246759 0.008854 0.026852
