0 0.40313 0.40185 0.01823 0.01667
0 0.59688 0.45741 0.01042 0.03333
0 0.39844 0.84722 0.0125 0.03241
0 0.86094 0.41574 0.01615 0.01667
0 0.61406 0.59815 0.01146 0.03796
0 0.59948 0.55278 0.01042 0.03426
0 0.87969 0.40926 0.01615 0.01667
0 0.13698 0.66481 0.0125 0.02315
0 0.43177 0.39259 0.01719 0.01852
0 0.87083 0.83611 0.01354 0.03611
0 0.42031 0.8037 0.0125 0.03426
0 0.37552 0.44815 0.01562 0.01667
0 0.9 0.40278 0.01562 0.01667
0 0.19948 0.73611 0.0125 0.02407
0 0.62292 0.10648 0.01042 0.02407
0 0.33802 0.40648 0.01719 0.01944
0 0.48021 0.41574 0.01146 0.02407
0 0.28333 0.36204 0.01927 0.01852
0 0.14635 0.30833 0.01615 0.01852
0 0.38021 0.94907 0.01458 0.03426
0 0.63021 0.74167 0.01458 0.03426
0 0.46823 0.52778 0.01354 0.03704
0 0.61198 0.14907 0.00937 0.02407
0 0.35781 0.39167 0.01927 0.01667
0 0.38333 0.42315 0.01927 0.01852
0 0.61875 0.39259 0.01562 0.03426
0 0.14896 0.69074 0.01146 0.0213
0 0.18802 0.71296 0.01354 0.025
0 0.24635 0.36759 0.01719 0.01944
0 0.20729 0.31111 0.01719 0.01852
0 0.15208 0.32963 0.01562 0.01944
0 0.59792 0.15093 0.00833 0.02685
0 0.29167 0.91481 0.01562 0.02315
0 0.86406 0.37222 0.01615 0.01574
0 0.22812 0.33981 0.01927 0.02222
0 0.41302 0.41852 0.01615 0.01944
0 0.16875 0.29537 0.01615 0.01667
0 0.67448 0.89167 0.01354 0.03796
0 0.40885 0.90185 0.01146 0.02685
0 0.47344 0.475 0.01146 0.02778
0 0.14427 0.25093 0.01562 0.01852
0 0.24375 0.75278 0.01146 0.02407
0 0.52396 0.36389 0.01615 0.01944
0 0.42448 0.98981 0.01146 0.01852
0 0.68125 0.45093 0.01615 0.01852
0 0.58646 0.38426 0.01354 0.02778
0 0.42083 0.2463 0.0125 0.02778
0 0.28854 0.38519 0.01719 0.01852
0 0.29844 0.32778 0.01823 0.01667
0 0.18073 0.75833 0.01458 0.025
0 0.73802 0.30463 0.01615 0.01574
0 0.1151 0.29907 0.01562 0.01852
0 0.76667 0.39537 0.01719 0.01574
0 0.24479 0.27778 0.01615 0.01574
0 0.51042 0.2787 0.01562 0.02407
0 0.18646 0.325 0.01615 0.01852
0 0.4849 0.22407 0.01354 0.025
0 0.77083 0.24444 0.00937 0.025
0 0.81458 0.6213 0.01458 0.03611
0 0.36875 0.30556 0.01823 0.01389
0 0.18854 0.3463 0.01719 0.01852
0 0.34635 0.91574 0.01615 0.01667
0 0.15208 0.63426 0.01354 0.02593
0 0.7526 0.74537 0.01354 0.02685
0 0.21354 0.76296 0.01354 0.02315
0 0.4375 0.17407 0.0125 0.03981
0 0.1 0.31019 0.01458 0.01852
0 0.15208 0.58981 0.01354 0.02315
0 0.32083 0.33333 0.01719 0.01667
0 0.52604 0.57315 0.01615 0.0287
0 0.02187 0.31019 0.01458 0.02037
0 0.64583 0.01204 0.00937 0.02315
0 0.41719 0.87222 0.01042 0.02685
0 0.11406 0.52963 0.01354 0.02222
0 0.22135 0.61111 0.01146 0.02593
0 0.66823 0.2537 0.01042 0.02593
0 0.34323 0.33981 0.01927 0.02037
0 0.64375 0.84352 0.01458 0.03426
0 0.2125 0.81296 0.01562 0.02407
0 0.1776 0.68241 0.01146 0.02315
0 0.1625 0.25556 0.01719 0.01852
0 0.26615 0.31759 0.01562 0.01574
0 0.08385 0.66667 0.01146 0.025
0 0.2776 0.64537 0.01042 0.03241
0 0.01927 0.17315 0.01146 0.02407
0 0.64062 0.47407 0.01562 0.01944
0 0.89427 0.90648 0.01354 0.03148
0 0.6401 0.28611 0.01458 0.01852
0 0.79583 0.8463 0.01562 0.01944
0 0.5901 0.67778 0.0125 0.02593
0 0.06875 0.28241 0.01458 0.01667
0 0.66927 0.43611 0.01719 0.01944
0 0.65469 0.14444 0.0125 0.01852
0 0.24479 0.62037 0.00937 0.02593
0 0.63958 0.04352 0.01042 0.02685
0 0.90729 0.93796 0.01458 0.03148
0 0.24948 0.31389 0.01719 0.01574
0 0.44219 0.7 0.00937 0.025
0 0.62604 0.78333 0.01458 0.04259
0 0.45937 0.60926 0.0125 0.03426
0 0.4375 0.41481 0.01823 0.01944
0 0.35208 0.30556 0.01615 0.01389
0 0.36979 0.9 0.01146 0.02685
0 0.23802 0.65 0.01146 0.025
0 0.04792 0.8037 0.01719 0.0463
0 0.2349 0.74537 0.01146 0.02593
0 0.91667 0.97222 0.01354 0.03611
0 0.08802 0.28889 0.01458 0.01944
0 0.77344 0.41019 0.01458 0.01667
0 0.32083 0.29907 0.01719 0.01481
0 0.29427 0.65833 0.00781 0.02593
0 0.25521 0.62593 0.01042 0.02778
0 0.21615 0.70648 0.0125 0.02407
0 0.80104 0.86111 0.01458 0.0213
0 0.43125 0.75556 0.00937 0.02593
0 0.48698 0.93148 0.00937 0.03056
0 0.6375 0.23426 0.01354 0.01574
0 0.74323 0.71111 0.01042 0.02685
0 0.04063 0.11481 0.01354 0.02593
0 0.22708 0.73519 0.01146 0.02778
0 0.80469 0.55185 0.01042 0.02685
0 0.19792 0.53704 0.01146 0.03333
0 0.30156 0.58981 0.00937 0.02593
0 0.4625 0.97315 0.01354 0.03796
0 0.65156 0.94074 0.01042 0.02037
0 0.60781 0.65185 0.01146 0.03796
0 0.24479 0.56204 0.00937 0.02685
0 0.7901 0.27315 0.01042 0.025
0 0.03021 0.1463 0.0125 0.02407
0 0.6375 0.08148 0.00937 0.02685
0 0.06875 0.72222 0.0125 0.02685
0 0.79427 0.48981 0.01042 0.02407
0 0.13958 0.60926 0.01354 0.02315
0 0.28646 0.65093 0.00937 0.02593
0 0.31302 0.68056 0.00781 0.02593
0 0.65781 0.46204 0.01615 0.01944
0 0.24792 0.65741 0.01042 0.02593
0 0.65573 0.32037 0.01458 0.01667
0 0.81927 0.66852 0.0125 0.03611
0 0.27813 0.68333 0.01354 0.03241
0 0.23177 0.64444 0.01042 0.02407
0 0.8349 0.6463 0.01354 0.03241
0 0.93333 0.93981 0.01354 0.03241
0 0.6526 0.16944 0.0125 0.01574
0 0.22344 0.77685 0.0224 0.03333
0 0.45208 0.22037 0.0125 0.03981
0 0.26302 0.62963 0.01042 0.02685
0 0.75833 0.27778 0.00937 0.025
0 0.14167 0.56852 0.01458 0.02407
0 0.18125 0.52778 0.01146 0.03148
0 0.12865 0.54907 0.01354 0.02315
0 0.65729 0.89815 0.0125 0.03611
0 0.14323 0.51019 0.00781 0.02593
0 0.25573 0.66574 0.01042 0.02593
0 0.13437 0.55556 0.01354 0.0213
0 0.99479 0.36389 0.00781 0.0213
0 0.7776 0.53889 0.01042 0.02315
0 0.2625 0.67315 0.01146 0.03148
0 0.8224 0.2537 0.01042 0.02407
0 0.56094 0.62593 0.01458 0.03241
0 0.12187 0.6287 0.0224 0.025
0 0.03073 0.83148 0.01354 0.02593
0 0.28229 0.32407 0.01458 0.01574
0 0.27083 0.675 0.01042 0.025
0 0.76875 0.50185 0.01042 0.025
0 0.23698 0.61389 0.00937 0.02407
0 0.82604 0.18426 0.01146 0.02407
0 0.16458 0.5213 0.01146 0.03241
0 0.73177 0.42685 0.01719 0.01574
0 0.42344 0.96204 0.01615 0.02222
0 0.90417 0.86019 0.01042 0.02685
0 0.16771 0.59444 0.01354 0.025
0 0.9625 0.37593 0.01823 0.02407
0 0.25573 0.56759 0.01042 0.02407
0 0.20781 0.54907 0.01146 0.02593
0 0.29271 0.58333 0.00937 0.02593
0 0.65365 0.15741 0.0125 0.01574
0 0.12135 0.4963 0.01458 0.01852
0 0.27135 0.5787 0.01042 0.02315
0 0.54219 0.96944 0.01719 0.01944
0 0.14792 0.51111 0.01146 0.03148
0 0.13802 0.63796 0.0125 0.02222
0 0.28177 0.58241 0.00937 0.02778
0 0.95625 0.52685 0.01458 0.01667
0 0.13437 0.50833 0.00937 0.02778
0 0.6401 0.22037 0.01354 0.01667
0 0.63542 0.26574 0.01146 0.01574
0 0.19115 0.53426 0.00937 0.0287
0 0.65052 0.18333 0.0125 0.01574
0 0.41458 0.03704 0.00937 0.02778
0 0.88698 0.87685 0.01042 0.02407
0 0.22448 0.55278 0.01042 0.02593
0 0.77969 0.27593 0.00781 0.02037
0 0.03698 0.33241 0.01562 0.01574
0 0.3474 0.99352 0.01146 0.01019
0 0.07396 0.47222 0.02708 0.02037
0 0.71667 0.29259 0.01615 0.01852
0 0.2099 0.26944 0.01562 0.01852
0 0.29844 0.6213 0.01146 0.02222
0 0.21979 0.72315 0.0125 0.02407
0 0.83385 0.25185 0.01146 0.02407
0 0.86406 0.73796 0.01146 0.02593
0 0.4625 0.98796 0.01146 0.01944
0 0.4901 0.34815 0.02396 0.025
0 0.12552 0.58241 0.01354 0.02407
0 0.34427 0.95556 0.03125 0.03889
