0 0.376823 0.421296 0.017188 0.016667
0 0.136979 0.666204 0.012500 0.021296
0 0.880990 0.408333 0.017188 0.016667
0 0.341406 0.385185 0.016146 0.016667
0 0.872396 0.836574 0.013542 0.034259
0 0.411719 0.397685 0.018229 0.015741
0 0.380469 0.397685 0.015104 0.013889
0 0.401823 0.840278 0.016146 0.043519
0 0.859896 0.415278 0.015625 0.017593
0 0.908333 0.376389 0.015625 0.013889
0 0.117448 0.301389 0.017188 0.019444
0 0.497396 0.552778 0.014583 0.024074
0 0.603125 0.523611 0.011458 0.036111
0 0.458854 0.449537 0.012500 0.039815
0 0.227604 0.334259 0.015625 0.018519
0 0.198958 0.737037 0.011458 0.024074
0 0.898698 0.400926 0.015104 0.016667
0 0.455729 0.363889 0.017708 0.025926
0 0.298177 0.330556 0.018229 0.016667
0 0.597656 0.193981 0.009896 0.025000
0 0.208073 0.312037 0.017188 0.016667
0 0.297135 0.391667 0.017188 0.018519
0 0.890885 0.358796 0.016146 0.015741
0 0.262500 0.732407 0.012500 0.025926
0 0.348438 0.410185 0.015625 0.016667
0 0.632812 0.751389 0.013542 0.036111
0 0.535156 0.559722 0.017188 0.019444
0 0.346094 0.916667 0.016146 0.016667
0 0.546875 0.323611 0.015625 0.023148
0 0.211719 0.356019 0.018229 0.017593
0 0.618490 0.392130 0.015104 0.034259
0 0.149219 0.692130 0.010937 0.021296
0 0.434896 0.416667 0.014583 0.016667
0 0.447917 0.573148 0.009375 0.029630
0 0.019792 0.174537 0.011458 0.023148
0 0.864062 0.369907 0.014583 0.019444
0 0.445312 0.610185 0.009375 0.027778
0 0.408854 0.902315 0.010417 0.028704
0 0.570312 0.246296 0.015625 0.033333
0 0.466146 0.296759 0.010417 0.026852
0 0.174219 0.321296 0.018229 0.018519
0 0.260677 0.375463 0.017188 0.015741
0 0.187760 0.713889 0.013021 0.025926
0 0.782292 0.456019 0.013542 0.026852
0 0.185417 0.346296 0.015625 0.018519
0 0.460677 0.524537 0.016146 0.025000
0 0.012760 0.268519 0.017188 0.020370
0 0.169010 0.296759 0.017188 0.015741
0 0.668490 0.253704 0.009896 0.027778
0 0.369010 0.306019 0.019271 0.013889
0 0.269010 0.358796 0.018229 0.015741
0 0.419792 0.246296 0.012500 0.027778
0 0.181510 0.759722 0.014063 0.025000
0 0.243490 0.278241 0.016146 0.015741
0 0.454167 0.629167 0.008333 0.026852
0 0.479167 0.234722 0.013542 0.026852
0 0.341927 0.340278 0.019271 0.019444
0 0.245573 0.348148 0.016146 0.016667
0 0.292448 0.916667 0.015104 0.022222
0 0.753125 0.744907 0.012500 0.026852
0 0.243490 0.754167 0.011979 0.026852
0 0.748958 0.182407 0.013542 0.024074
0 0.843490 0.396296 0.016146 0.016667
0 0.451562 0.212963 0.013542 0.029630
0 0.585417 0.466204 0.009375 0.032407
0 0.235417 0.746296 0.012500 0.025926
0 0.056510 0.282407 0.017188 0.018519
0 0.547396 0.643056 0.015625 0.026852
0 0.220833 0.611574 0.011458 0.025000
0 0.038802 0.316667 0.016146 0.020370
0 0.213542 0.813426 0.014583 0.023148
0 0.144531 0.250926 0.014063 0.016667
0 0.644792 0.013426 0.011458 0.025000
0 0.425521 0.989352 0.012500 0.015741
0 0.083333 0.225926 0.010417 0.025926
0 0.717448 0.143981 0.015104 0.019444
0 0.632552 0.480556 0.015104 0.020370
0 0.255208 0.625926 0.010417 0.027778
0 0.917708 0.971759 0.013542 0.036111
0 0.327344 0.405556 0.017188 0.018519
0 0.894531 0.902315 0.014063 0.032407
0 0.637240 0.235185 0.013021 0.016667
0 0.226562 0.733796 0.011458 0.026852
0 0.277083 0.646296 0.010417 0.031481
0 0.266146 0.319907 0.015625 0.017593
0 0.555990 0.618519 0.013021 0.024074
0 0.906250 0.933796 0.013542 0.032407
0 0.213021 0.763426 0.013542 0.023148
0 0.040625 0.117130 0.013542 0.026852
0 0.244531 0.620833 0.008854 0.026852
0 0.209896 0.269907 0.015625 0.019444
0 0.320052 0.335648 0.018229 0.017593
0 0.153125 0.591667 0.013542 0.024074
0 0.800781 0.860648 0.014063 0.021296
0 0.351823 0.306944 0.016146 0.013889
0 0.742188 0.710185 0.010417 0.029630
0 0.151562 0.633796 0.013542 0.025000
0 0.295052 0.658796 0.007812 0.026852
0 0.232813 0.362037 0.015625 0.016667
0 0.795312 0.846296 0.015625 0.020370
0 0.758073 0.281019 0.007812 0.023148
0 0.312760 0.680556 0.007812 0.025926
0 0.369271 0.900463 0.011458 0.026852
0 0.113542 0.532407 0.013542 0.022222
0 0.487240 0.932407 0.010937 0.029630
0 0.431771 0.746759 0.011458 0.034259
0 0.678906 0.899074 0.015104 0.029630
0 0.261458 0.673148 0.011458 0.031481
0 0.244531 0.561574 0.008854 0.026852
0 0.278646 0.687037 0.012500 0.031481
0 0.994010 0.330556 0.010937 0.018519
0 0.462760 0.973148 0.014063 0.038889
0 0.804688 0.550463 0.010417 0.026852
0 0.247917 0.657407 0.010417 0.025926
0 0.237760 0.650463 0.011979 0.025000
0 0.884896 0.866204 0.012500 0.034259
0 0.042969 0.805093 0.014063 0.036111
0 0.231771 0.643981 0.011458 0.023148
0 0.794531 0.490278 0.009896 0.028704
0 0.449740 0.668056 0.008854 0.028704
0 0.161719 0.335185 0.016146 0.018519
0 0.139063 0.609722 0.013542 0.023148
0 0.262760 0.632407 0.010937 0.025926
0 0.162240 0.255556 0.017188 0.018519
0 0.767708 0.505556 0.012500 0.031481
0 0.301302 0.589352 0.008854 0.025000
0 0.424219 0.960648 0.016146 0.021296
0 0.499740 0.266667 0.016146 0.027778
0 0.836719 0.686574 0.010937 0.028704
0 0.251042 0.314815 0.013542 0.014815
0 0.141146 0.571296 0.013542 0.024074
0 0.202083 0.539352 0.011458 0.032407
0 0.651042 0.939815 0.012500 0.020370
0 0.834635 0.645370 0.013021 0.029630
0 0.050000 0.743519 0.012500 0.027778
0 0.062500 0.741667 0.012500 0.025926
0 0.250260 0.768056 0.013021 0.026852
0 0.031250 0.147685 0.012500 0.025000
0 0.286198 0.651389 0.007812 0.026852
0 0.864062 0.736574 0.010417 0.026852
0 0.639062 0.219907 0.013542 0.015741
0 0.878646 0.785185 0.011458 0.022222
0 0.433073 0.158796 0.008854 0.026852
0 0.152083 0.515278 0.010417 0.025000
0 0.320573 0.299537 0.017188 0.013889
0 0.083594 0.478241 0.016146 0.013889
0 0.818750 0.667130 0.012500 0.034259
0 0.293229 0.369444 0.027083 0.020370
0 0.298958 0.620833 0.012500 0.021296
0 0.270313 0.676389 0.010417 0.023148
0 0.904167 0.856019 0.010417 0.026852
0 0.292448 0.586574 0.008854 0.026852
0 0.651042 0.168519 0.012500 0.014815
0 0.932813 0.939352 0.013542 0.036111
0 0.142969 0.512037 0.007812 0.025926
0 0.254948 0.566204 0.008854 0.025000
0 0.255469 0.666667 0.010937 0.025926
0 0.576042 0.656019 0.012500 0.023148
0 0.779167 0.244907 0.010417 0.025000
0 0.281771 0.324537 0.014583 0.017593
0 0.789583 0.273611 0.010417 0.026852
0 0.135937 0.508796 0.010417 0.028704
0 0.775000 0.532407 0.010417 0.024074
0 0.542188 0.970370 0.019792 0.020370
0 0.441406 0.657407 0.007812 0.025926
0 0.237240 0.616667 0.010937 0.024074
0 0.304427 0.673611 0.006771 0.025000
0 0.217708 0.554167 0.011458 0.030556
0 0.228646 0.783333 0.015625 0.024074
0 0.766146 0.249537 0.009375 0.026852
0 0.270573 0.578241 0.007812 0.021296
0 0.120833 0.496296 0.014583 0.018519
0 0.133854 0.557407 0.013542 0.022222
0 0.408333 0.078241 0.009375 0.025000
0 0.146875 0.512037 0.011458 0.031481
0 0.347917 0.991667 0.010417 0.011111
0 0.163021 0.522685 0.011458 0.032407
0 0.654167 0.143519 0.013542 0.016667
0 0.652083 0.157407 0.012500 0.014815
0 0.224740 0.553241 0.011979 0.030556
0 0.067708 0.471759 0.014583 0.013889
0 0.181510 0.532407 0.010937 0.027778
0 0.635417 0.266667 0.011458 0.016667
0 0.233594 0.556019 0.007812 0.026852
0 0.130208 0.551389 0.012500 0.023148
0 0.125260 0.581019 0.011979 0.025000
0 0.281510 0.581019 0.008854 0.026852
0 0.654687 0.321296 0.014583 0.018519
0 0.944271 0.973611 0.013542 0.034259
0 0.462500 0.987500 0.012500 0.019444
0 0.407292 0.422685 0.027083 0.023148
0 0.934635 0.206944 0.011979 0.026852
0 0.904427 0.313889 0.015104 0.012963
0 0.922396 0.306944 0.011458 0.006481
0 0.816406 0.321759 0.011979 0.028704
0 0.955729 0.526852 0.016667 0.016667
0 0.811719 0.574537 0.009896 0.019444
0 0.844271 0.675463 0.012500 0.025000
0 0.853646 0.703704 0.013542 0.027778
0 0.827083 0.694444 0.012500 0.027778
0 0.837240 0.726389 0.015104 0.030556
0 0.890365 0.818981 0.016146 0.032407
0 0.958073 0.889352 0.015104 0.013889
0 0.804688 0.880093 0.015625 0.012037
0 0.427083 0.943519 0.017708 0.016667
0 0.251563 0.816204 0.007292 0.013889
0 0.221354 0.726389 0.012500 0.023148
0 0.216667 0.710185 0.011458 0.022222
0 0.211198 0.693519 0.013021 0.027778
0 0.159896 0.712037 0.012500 0.024074
0 0.176302 0.597685 0.011979 0.028704
0 0.163281 0.596296 0.014063 0.024074
0 0.082031 0.662037 0.023438 0.057407
0 0.092969 0.562500 0.052604 0.099074
0 0.037760 0.335185 0.013021 0.009259
0 0.040104 0.228241 0.013542 0.049074
0 0.049740 0.100926 0.005729 0.018519
0 0.226302 0.275926 0.016146 0.016667
0 0.239583 0.311111 0.008333 0.012963
0 0.290104 0.294907 0.011458 0.012037
0 0.303385 0.297685 0.015104 0.015741
0 0.337760 0.306019 0.013021 0.015741
0 0.485677 0.162500 0.009896 0.028704
0 0.494271 0.193519 0.007292 0.022222
0 0.389583 0.064352 0.011458 0.015741
0 0.388021 0.005093 0.007292 0.008333
0 0.488021 0.396759 0.012500 0.025000
0 0.649740 0.186111 0.009896 0.014815
0 0.644792 0.196296 0.012500 0.012963
0 0.643490 0.210648 0.015104 0.017593
0 0.636458 0.251389 0.013542 0.015741
0 0.717969 0.295833 0.018229 0.019444
0 0.717448 0.281481 0.014063 0.014815
0 0.796615 0.259722 0.010937 0.026852
0 0.780469 0.275926 0.007812 0.018519
0 0.791927 0.301852 0.013021 0.016667
0 0.812240 0.257870 0.009896 0.026852
0 0.821615 0.255093 0.008854 0.026852
0 0.826042 0.184722 0.010417 0.025000
0 0.852604 0.285648 0.007292 0.008333
0 0.731250 0.364815 0.008333 0.024074
0 0.748177 0.353241 0.007812 0.019444
0 0.755469 0.343519 0.007812 0.016667
0 0.763802 0.346296 0.007812 0.022222
0 0.809896 0.442593 0.008333 0.011111
0 0.800781 0.787963 0.018229 0.020370
0 0.945573 0.308333 0.009896 0.011111
0 0.208333 0.551389 0.010417 0.026852
0 0.173958 0.527778 0.008333 0.029630
0 0.231771 0.615741 0.009375 0.025926
0 0.272135 0.640741 0.010937 0.025926
0 0.192448 0.536574 0.009896 0.028704
