0 0.942969 0.339352 0.016146 0.015741
0 0.563281 0.276389 0.014063 0.025000
0 0.136458 0.668056 0.011458 0.021296
0 0.536458 0.543056 0.014583 0.019444
0 0.538802 0.285648 0.015104 0.023148
0 0.570833 0.237037 0.014583 0.024074
0 0.554688 0.260648 0.015625 0.028704
0 0.120313 0.305093 0.015625 0.019444
0 0.360677 0.393981 0.015104 0.015741
0 0.167969 0.299537 0.017188 0.017593
0 0.870313 0.835185 0.013542 0.033333
0 0.396094 0.426389 0.016146 0.019444
0 0.859635 0.413889 0.016146 0.016667
0 0.370573 0.421296 0.016146 0.016667
0 0.450781 0.385185 0.015104 0.020370
0 0.224219 0.363889 0.015104 0.018519
0 0.387500 0.906944 0.012500 0.032407
0 0.144010 0.317130 0.015104 0.019444
0 0.879687 0.408796 0.020833 0.019444
0 0.586719 0.218519 0.010937 0.024074
0 0.598437 0.190278 0.011458 0.028704
0 0.636719 0.770833 0.014063 0.037963
0 0.298177 0.331019 0.018229 0.017593
0 0.188542 0.716667 0.013542 0.024074
0 0.667188 0.254167 0.010417 0.026852
0 0.639062 0.011574 0.010417 0.021296
0 0.469792 0.446296 0.011458 0.027778
0 0.199740 0.737500 0.011979 0.023148
0 0.252865 0.377778 0.017188 0.018519
0 0.617969 0.393056 0.017188 0.032407
0 0.632812 0.073148 0.009375 0.027778
0 0.484635 0.357407 0.016146 0.022222
0 0.642188 0.040278 0.009375 0.025000
0 0.534896 0.631944 0.015625 0.025000
0 0.258073 0.354167 0.017188 0.017593
0 0.244271 0.754167 0.011458 0.025000
0 0.636719 0.235185 0.014063 0.018519
0 0.434375 0.418519 0.015625 0.020370
0 0.538281 0.366667 0.017188 0.020370
0 0.207552 0.315278 0.018229 0.019444
0 0.415365 0.399537 0.018229 0.019444
0 0.161198 0.258796 0.017188 0.019444
0 0.304948 0.394907 0.017188 0.017593
0 0.182292 0.653241 0.014583 0.021296
0 0.419792 0.248148 0.012500 0.027778
0 0.752083 0.744907 0.013542 0.026852
0 0.290365 0.368056 0.019271 0.017593
0 0.203906 0.354167 0.018229 0.017593
0 0.563802 0.390278 0.015104 0.025000
0 0.180990 0.761574 0.013021 0.025000
0 0.617969 0.137037 0.010937 0.024074
0 0.610938 0.733796 0.013542 0.032407
0 0.346094 0.918056 0.016146 0.019444
0 0.392188 0.966667 0.011458 0.027778
0 0.221354 0.612500 0.010417 0.025000
0 0.611719 0.165278 0.008854 0.025000
0 0.894531 0.902315 0.014063 0.032407
0 0.182812 0.339815 0.015625 0.020370
0 0.603125 0.545833 0.011458 0.034259
0 0.485677 0.384722 0.019271 0.025000
0 0.340885 0.341667 0.021354 0.020370
0 0.319531 0.337037 0.017188 0.016667
0 0.468750 0.495833 0.012500 0.028704
0 0.244531 0.566667 0.008854 0.025926
0 0.278125 0.688889 0.011458 0.031481
0 0.006510 0.274537 0.011979 0.023148
0 0.227604 0.736574 0.011458 0.025000
0 0.213542 0.816667 0.014583 0.024074
0 0.149219 0.696296 0.010937 0.020370
0 0.235937 0.747685 0.011458 0.026852
0 0.486719 0.238426 0.015104 0.023148
0 0.114583 0.532407 0.013542 0.022222
0 0.499740 0.537037 0.015104 0.022222
0 0.144531 0.254167 0.014063 0.019444
0 0.410417 0.904630 0.010417 0.029630
0 0.266146 0.321296 0.015625 0.016667
0 0.369531 0.306944 0.018229 0.013889
0 0.292448 0.916204 0.015104 0.023148
0 0.312760 0.682407 0.007812 0.025926
0 0.277083 0.648148 0.010417 0.031481
0 0.776042 0.462500 0.010417 0.025000
0 0.050260 0.744907 0.015104 0.032407
0 0.163802 0.338889 0.018229 0.018519
0 0.560937 0.628241 0.012500 0.025000
0 0.758073 0.281019 0.007812 0.023148
0 0.623698 0.098611 0.010937 0.025000
0 0.800781 0.860648 0.014063 0.021296
0 0.151562 0.593056 0.013542 0.025000
0 0.653646 0.143519 0.012500 0.016667
0 0.051302 0.809259 0.018229 0.050000
0 0.040625 0.121296 0.013542 0.025926
0 0.254948 0.626389 0.008854 0.026852
0 0.214062 0.765278 0.013542 0.023148
0 0.013542 0.186574 0.011458 0.021296
0 0.502344 0.573148 0.016146 0.022222
0 0.623437 0.703241 0.012500 0.037963
0 0.655729 0.813889 0.012500 0.029630
0 0.030208 0.151389 0.012500 0.023148
0 0.597396 0.236574 0.009375 0.025000
0 0.884375 0.864352 0.011458 0.032407
0 0.424219 0.963889 0.016146 0.022222
0 0.261458 0.673148 0.011458 0.031481
0 0.609896 0.641204 0.011458 0.043519
0 0.638021 0.221296 0.013542 0.016667
0 0.651042 0.168519 0.012500 0.016667
0 0.243490 0.281019 0.018229 0.015741
0 0.426042 0.990278 0.013542 0.017593
0 0.742969 0.710648 0.010937 0.026852
0 0.247917 0.660185 0.010417 0.025926
0 0.906250 0.933796 0.013542 0.032407
0 0.917708 0.971759 0.013542 0.036111
0 0.263281 0.633796 0.010937 0.025000
0 0.488021 0.932407 0.010417 0.029630
0 0.351823 0.307407 0.016146 0.014815
0 0.370833 0.902315 0.010417 0.026852
0 0.270313 0.677778 0.010417 0.025926
0 0.237240 0.617130 0.010937 0.025000
0 0.697917 0.969907 0.013542 0.039815
0 0.151042 0.637037 0.014583 0.024074
0 0.022917 0.853241 0.031250 0.063889
0 0.652083 0.157407 0.012500 0.016667
0 0.295052 0.658796 0.007812 0.026852
0 0.933854 0.937500 0.013542 0.032407
0 0.651042 0.009722 0.010417 0.017593
0 0.141146 0.571296 0.013542 0.024074
0 0.245312 0.621759 0.009375 0.025000
0 0.237760 0.650463 0.011979 0.025000
0 0.510417 0.271759 0.027083 0.043519
0 0.904167 0.856019 0.011458 0.026852
0 0.153646 0.516204 0.010417 0.025000
0 0.200260 0.539352 0.010937 0.026852
0 0.766146 0.242130 0.009375 0.026852
0 0.250521 0.768519 0.012500 0.024074
0 0.347917 0.993519 0.010417 0.009259
0 0.834896 0.647685 0.012500 0.032407
0 0.804688 0.550463 0.010417 0.026852
0 0.463542 0.973148 0.014583 0.037037
0 0.250260 0.317130 0.016146 0.015741
0 0.796875 0.844907 0.015625 0.021296
0 0.219792 0.726389 0.011458 0.025000
0 0.139583 0.613426 0.013542 0.023148
0 0.278385 0.387037 0.017188 0.016667
0 0.794531 0.260185 0.010937 0.024074
0 0.132812 0.556944 0.013542 0.021296
0 0.649740 0.183796 0.011979 0.017593
0 0.635417 0.266667 0.011458 0.018519
0 0.224219 0.556019 0.010937 0.026852
0 0.957292 0.887037 0.013542 0.016667
0 0.818750 0.750926 0.012500 0.024074
0 0.271615 0.580093 0.007812 0.021296
0 0.747135 0.354630 0.007812 0.024074
0 0.595052 0.695833 0.015104 0.036111
0 0.228646 0.783796 0.014583 0.023148
0 0.181510 0.531944 0.010937 0.028704
0 0.293490 0.587037 0.008854 0.025926
0 0.233333 0.556019 0.009375 0.026852
0 0.576562 0.663889 0.012500 0.025926
0 0.779427 0.275463 0.007812 0.021296
0 0.864583 0.736574 0.010417 0.026852
0 0.301302 0.591667 0.008854 0.025926
0 0.878646 0.785185 0.011458 0.024074
0 0.232031 0.644907 0.010937 0.023148
0 0.207813 0.550463 0.010417 0.025000
0 0.462500 0.988426 0.012500 0.017593
0 0.142969 0.510648 0.011979 0.032407
0 0.134115 0.510648 0.007812 0.028704
0 0.320573 0.301389 0.016146 0.013889
0 0.255469 0.571296 0.010937 0.024074
0 0.767708 0.506019 0.012500 0.032407
0 0.794010 0.488426 0.010937 0.025000
0 0.304427 0.675463 0.006771 0.025000
0 0.652604 0.321296 0.015625 0.018519
0 0.286198 0.652778 0.007812 0.025926
0 0.778646 0.246296 0.010417 0.025926
0 0.788802 0.274537 0.007812 0.021296
0 0.838542 0.726389 0.014583 0.039815
0 0.164062 0.525926 0.011458 0.031481
0 0.217188 0.711574 0.012500 0.023148
0 0.777083 0.537037 0.010417 0.024074
0 0.818750 0.667130 0.012500 0.034259
0 0.423177 0.751389 0.007812 0.021296
0 0.130208 0.552778 0.012500 0.022222
0 0.190885 0.538889 0.007812 0.025926
0 0.761719 0.343519 0.007812 0.018519
0 0.820573 0.252315 0.007812 0.023148
0 0.280990 0.325926 0.015104 0.016667
0 0.254948 0.666667 0.008854 0.025926
0 0.146875 0.580556 0.012500 0.022222
0 0.330990 0.400926 0.028646 0.029630
0 0.934635 0.206944 0.010937 0.032407
0 0.824740 0.184259 0.008854 0.027778
0 0.812240 0.259722 0.011979 0.030556
0 0.903125 0.313426 0.015625 0.013889
0 0.921094 0.306944 0.010937 0.010185
0 0.816927 0.323611 0.013021 0.030556
0 0.809115 0.442130 0.008854 0.012037
0 0.811198 0.575463 0.007812 0.019444
0 0.844792 0.676389 0.013542 0.028704
0 0.827344 0.693519 0.011979 0.025926
0 0.852604 0.704167 0.011458 0.026852
0 0.800781 0.787963 0.017188 0.024074
0 0.890885 0.818519 0.014063 0.029630
0 0.946875 0.973611 0.015625 0.032407
0 0.651823 0.940741 0.007812 0.018519
0 0.544010 0.971296 0.019271 0.020370
0 0.484635 0.162500 0.011979 0.026852
0 0.493490 0.194444 0.007812 0.024074
0 0.040625 0.230093 0.013542 0.050926
0 0.050260 0.101389 0.008854 0.013889
0 0.036719 0.338889 0.015104 0.011111
0 0.210417 0.274537 0.014583 0.015741
0 0.226302 0.276852 0.015104 0.016667
0 0.239323 0.313426 0.009896 0.013889
0 0.289583 0.295370 0.011458 0.016667
0 0.303906 0.300000 0.015104 0.016667
0 0.336719 0.307407 0.014063 0.012963
0 0.641667 0.212500 0.014583 0.015741
0 0.644271 0.199074 0.010417 0.012963
0 0.717708 0.295833 0.018750 0.017593
0 0.716667 0.281481 0.012500 0.014815
0 0.731250 0.364352 0.010417 0.025000
0 0.755208 0.344907 0.009375 0.019444
0 0.955729 0.528241 0.017708 0.019444
0 0.953385 0.303241 0.009896 0.012037
0 0.160417 0.715278 0.013542 0.026852
0 0.253646 0.820833 0.012500 0.021296
0 0.211719 0.693056 0.011979 0.025000
0 0.177344 0.598148 0.010937 0.025926
0 0.164323 0.597685 0.013021 0.025000
0 0.228906 0.614352 0.010937 0.028704
0 0.272135 0.642593 0.007812 0.025926
0 0.283854 0.586574 0.011458 0.036111
0 0.216406 0.554167 0.011979 0.032407
0 0.173437 0.530556 0.008333 0.029630
0 0.121615 0.501389 0.017188 0.019444
0 0.094792 0.564352 0.051042 0.099074
0 0.066927 0.476852 0.011979 0.014815
0 0.083594 0.482407 0.016146 0.018519
0 0.128385 0.588426 0.015104 0.026852
