0 0.417708 0.810185 0.013542 0.037037
0 0.425260 0.425926 0.016146 0.018519
0 0.664583 0.438426 0.014583 0.019444
0 0.383073 0.399537 0.017188 0.017593
0 0.166927 0.299537 0.017188 0.019444
0 0.870313 0.832870 0.013542 0.034259
0 0.205469 0.313889 0.018229 0.018519
0 0.406510 0.404167 0.017188 0.013889
0 0.379688 0.418519 0.015625 0.016667
0 0.185417 0.348148 0.015625 0.018519
0 0.236198 0.346296 0.017188 0.018519
0 0.697396 0.965278 0.012500 0.030556
0 0.859896 0.415278 0.015625 0.019444
0 0.358073 0.413426 0.016146 0.015741
0 0.451562 0.660185 0.010417 0.031481
0 0.661458 0.839352 0.014583 0.034259
0 0.346094 0.918519 0.016146 0.016667
0 0.199479 0.738426 0.012500 0.023148
0 0.617448 0.393519 0.015104 0.033333
0 0.444010 0.631019 0.010937 0.032407
0 0.359635 0.390278 0.016146 0.015741
0 0.187760 0.715278 0.013021 0.025000
0 0.423438 0.843056 0.011458 0.034259
0 0.683333 0.923148 0.014583 0.033333
0 0.879167 0.407870 0.019792 0.019444
0 0.594010 0.501389 0.011979 0.036111
0 0.297656 0.331019 0.018229 0.017593
0 0.388542 0.062037 0.012500 0.016667
0 0.642708 0.452778 0.014583 0.018519
0 0.135417 0.317130 0.015625 0.021296
0 0.554948 0.357407 0.017188 0.033333
0 0.277344 0.385185 0.017188 0.018519
0 0.447917 0.562037 0.009375 0.033333
0 0.212240 0.360185 0.018229 0.018519
0 0.500781 0.260648 0.028646 0.045370
0 0.494531 0.383796 0.016146 0.030556
0 0.244010 0.754167 0.010937 0.025000
0 0.667188 0.251389 0.010417 0.025000
0 0.160156 0.259259 0.017188 0.018519
0 0.621354 0.104167 0.011458 0.023148
0 0.641406 0.781019 0.017188 0.043519
0 0.403125 0.875926 0.011458 0.031481
0 0.548698 0.313889 0.020313 0.029630
0 0.609896 0.118056 0.011458 0.028704
0 0.894531 0.902778 0.014063 0.031481
0 0.142187 0.252778 0.015625 0.016667
0 0.462760 0.507870 0.010937 0.028704
0 0.672917 0.881944 0.012500 0.034259
0 0.268490 0.358796 0.019271 0.021296
0 0.180469 0.762500 0.014063 0.025000
0 0.653646 0.143056 0.014583 0.015741
0 0.427865 0.393519 0.017188 0.016667
0 0.335677 0.407870 0.016146 0.015741
0 0.418750 0.246296 0.012500 0.027778
0 0.591667 0.538426 0.010417 0.034259
0 0.340885 0.340278 0.019271 0.021296
0 0.662240 0.463889 0.014063 0.018519
0 0.452604 0.385185 0.015625 0.020370
0 0.622396 0.721296 0.012500 0.033333
0 0.616146 0.465278 0.013542 0.019444
0 0.212760 0.816667 0.014063 0.024074
0 0.369271 0.902778 0.011458 0.027778
0 0.336198 0.384722 0.019271 0.021296
0 0.161198 0.337037 0.017188 0.018519
0 0.146875 0.665278 0.014583 0.023148
0 0.243490 0.563889 0.008854 0.027778
0 0.134896 0.668519 0.012500 0.022222
0 0.147917 0.694907 0.011458 0.021296
0 0.061198 0.297685 0.018229 0.023148
0 0.226562 0.735648 0.011458 0.025000
0 0.459896 0.410185 0.015625 0.020370
0 0.048177 0.744907 0.015104 0.032407
0 0.220312 0.612500 0.010417 0.025000
0 0.601562 0.590278 0.011458 0.032407
0 0.112760 0.531944 0.013021 0.023148
0 0.752083 0.743056 0.013542 0.026852
0 0.236719 0.371296 0.016146 0.018519
0 0.039583 0.121296 0.014583 0.025926
0 0.640104 0.043519 0.010417 0.025926
0 0.310937 0.374537 0.014583 0.015741
0 0.294010 0.660185 0.007812 0.024074
0 0.262760 0.635185 0.010937 0.027778
0 0.151562 0.593056 0.013542 0.025000
0 0.631510 0.074537 0.010937 0.026852
0 0.318490 0.336574 0.017188 0.015741
0 0.277083 0.688889 0.012500 0.031481
0 0.292187 0.916667 0.014583 0.022222
0 0.742188 0.708796 0.010417 0.030556
0 0.234896 0.747685 0.011458 0.026852
0 0.906250 0.935185 0.013542 0.031481
0 0.254688 0.630556 0.011458 0.031481
0 0.247396 0.658796 0.010417 0.025000
0 0.208333 0.269907 0.015625 0.017593
0 0.800781 0.859722 0.014063 0.021296
0 0.650521 0.168981 0.013542 0.015741
0 0.648698 0.012963 0.008854 0.024074
0 0.249740 0.316204 0.016146 0.015741
0 0.368490 0.306944 0.019271 0.013889
0 0.437760 0.723611 0.011979 0.032407
0 0.277083 0.647685 0.010417 0.030556
0 0.795312 0.846296 0.015625 0.020370
0 0.029687 0.150463 0.012500 0.025000
0 0.242448 0.280556 0.017188 0.018519
0 0.138021 0.612037 0.013542 0.024074
0 0.151042 0.636574 0.014583 0.025000
0 0.636458 0.233796 0.013542 0.015741
0 0.917708 0.969907 0.013542 0.034259
0 0.237240 0.616204 0.011979 0.028704
0 0.802604 0.549537 0.011458 0.025000
0 0.792969 0.488426 0.010937 0.025000
0 0.213021 0.766204 0.013542 0.023148
0 0.884375 0.865278 0.011458 0.032407
0 0.261458 0.673148 0.011458 0.031481
0 0.463542 0.973148 0.014583 0.037037
0 0.264062 0.319907 0.015625 0.015741
0 0.778385 0.275926 0.007812 0.020370
0 0.904167 0.855093 0.011458 0.026852
0 0.424219 0.961574 0.016146 0.021296
0 0.151042 0.518056 0.010417 0.026852
0 0.487240 0.932407 0.010937 0.029630
0 0.617188 0.658796 0.010417 0.036111
0 0.638021 0.219907 0.013542 0.013889
0 0.351823 0.306944 0.017188 0.013889
0 0.236719 0.651389 0.011979 0.025000
0 0.197917 0.539352 0.011458 0.032407
0 0.425521 0.990278 0.012500 0.013889
0 0.255469 0.666667 0.010937 0.025926
0 0.082552 0.480093 0.016146 0.015741
0 0.620573 0.487963 0.016146 0.022222
0 0.757552 0.279630 0.008854 0.027778
0 0.651563 0.156944 0.013542 0.015741
0 0.249740 0.768056 0.011979 0.025000
0 0.223958 0.556019 0.010417 0.026852
0 0.404167 0.424537 0.023958 0.021296
0 0.347917 0.993056 0.010417 0.010185
0 0.207292 0.550926 0.011458 0.025926
0 0.134896 0.558796 0.012500 0.021296
0 0.587760 0.163889 0.010937 0.027778
0 0.834896 0.646759 0.013542 0.032407
0 0.761719 0.341204 0.007812 0.019444
0 0.609896 0.565278 0.011458 0.037963
0 0.933854 0.937500 0.013542 0.032407
0 0.270573 0.580093 0.007812 0.021296
0 0.820312 0.251389 0.009375 0.023148
0 0.767188 0.501389 0.011458 0.026852
0 0.764583 0.241204 0.009375 0.026852
0 0.176302 0.598148 0.015104 0.029630
0 0.864062 0.737037 0.010417 0.025926
0 0.269271 0.677778 0.010417 0.025926
0 0.411719 0.086574 0.010937 0.026852
0 0.776823 0.323148 0.006771 0.014815
0 0.957812 0.887037 0.012500 0.016667
0 0.818750 0.666204 0.012500 0.034259
0 0.649479 0.182407 0.012500 0.014815
0 0.291667 0.586574 0.009375 0.026852
0 0.141927 0.512500 0.007812 0.026852
0 0.285156 0.651389 0.007812 0.025000
0 0.127604 0.552778 0.012500 0.022222
0 0.729948 0.363889 0.007812 0.022222
0 0.245052 0.623148 0.011979 0.031481
0 0.255208 0.571296 0.010417 0.024074
0 0.838542 0.726389 0.014583 0.039815
0 0.231510 0.644907 0.010937 0.023148
0 0.817969 0.375926 0.015104 0.018519
0 0.794531 0.260185 0.010937 0.024074
0 0.401042 0.979167 0.010417 0.026852
0 0.646354 0.192130 0.012500 0.015741
0 0.634375 0.265278 0.011458 0.017593
0 0.279948 0.324537 0.015104 0.017593
0 0.223177 0.273148 0.018229 0.016667
0 0.216146 0.713426 0.012500 0.023148
0 0.879687 0.783796 0.011458 0.023148
0 0.163542 0.525926 0.012500 0.031481
0 0.787240 0.271296 0.007812 0.022222
0 0.133333 0.510185 0.010417 0.033333
0 0.227083 0.785648 0.014583 0.021296
0 0.180208 0.533796 0.011458 0.030556
0 0.650000 0.938889 0.012500 0.020370
0 0.715365 0.291204 0.016146 0.019444
0 0.776042 0.535648 0.010417 0.023148
0 0.542448 0.971296 0.016146 0.018519
0 0.311719 0.682407 0.007812 0.025926
0 0.300260 0.591667 0.007812 0.024074
0 0.810417 0.256019 0.011458 0.030556
0 0.141667 0.572222 0.017708 0.022222
0 0.319531 0.300926 0.017188 0.014815
0 0.823958 0.181944 0.011458 0.023148
0 0.220312 0.776389 0.023958 0.036111
0 0.304688 0.390278 0.026042 0.030556
0 0.946354 0.972685 0.013542 0.032407
0 0.891927 0.818519 0.014063 0.033333
0 0.844271 0.675000 0.013542 0.027778
0 0.852865 0.703241 0.013021 0.026852
0 0.827604 0.693519 0.010417 0.027778
0 0.811458 0.573611 0.010417 0.019444
0 0.955469 0.525000 0.018229 0.016667
0 0.809635 0.440741 0.007812 0.012963
0 0.483854 0.161111 0.009375 0.025926
0 0.491406 0.192593 0.009896 0.025926
0 0.288281 0.294444 0.013021 0.012963
0 0.302865 0.299074 0.015104 0.018519
0 0.335417 0.308796 0.015625 0.017593
0 0.036458 0.337963 0.014583 0.012963
0 0.039583 0.232870 0.018750 0.045370
0 0.048958 0.102315 0.007292 0.017593
0 0.601823 0.186111 0.010937 0.024074
0 0.641927 0.208333 0.016146 0.018519
0 0.635677 0.248611 0.013021 0.013889
0 0.655990 0.318981 0.017188 0.015741
0 0.747656 0.353704 0.007812 0.024074
0 0.756510 0.343519 0.008854 0.020370
0 0.815104 0.320833 0.013542 0.028704
0 0.717708 0.279630 0.014583 0.012963
0 0.779948 0.244907 0.008854 0.028704
0 0.903385 0.312500 0.015104 0.013889
0 0.922656 0.306481 0.014063 0.011111
0 0.934115 0.204167 0.010937 0.026852
0 0.603125 0.275463 0.009375 0.030556
0 0.066667 0.477778 0.014583 0.016667
0 0.092969 0.564815 0.051562 0.098148
0 0.159375 0.717130 0.013542 0.025000
0 0.050260 0.808333 0.020313 0.042593
0 0.162240 0.597685 0.014063 0.025000
0 0.147917 0.584259 0.014583 0.022222
0 0.120573 0.500463 0.017188 0.017593
0 0.172396 0.529630 0.009375 0.031481
0 0.191406 0.538889 0.009896 0.027778
0 0.214583 0.554167 0.009375 0.030556
0 0.232813 0.559259 0.009375 0.025926
0 0.281250 0.585648 0.012500 0.032407
0 0.230208 0.616667 0.011458 0.029630
0 0.271094 0.643056 0.009896 0.026852
0 0.303385 0.673611 0.007812 0.023148
0 0.210677 0.695370 0.013021 0.025926
0 0.220312 0.727315 0.013542 0.021296
0 0.253125 0.820833 0.012500 0.023148
0 0.800000 0.789352 0.019792 0.023148
0 0.127083 0.588426 0.014583 0.028704
0 0.006771 0.908333 0.012500 0.055556
