0 0.688542 0.939352 0.013542 0.034259
0 0.472917 0.358796 0.014583 0.019444
0 0.360156 0.416667 0.017188 0.018519
0 0.860677 0.418519 0.016146 0.018519
0 0.394531 0.426389 0.017188 0.019444
0 0.137240 0.666667 0.011979 0.022222
0 0.310417 0.393519 0.013542 0.018519
0 0.119531 0.300926 0.016146 0.018519
0 0.657292 0.898148 0.013542 0.037037
0 0.150260 0.691204 0.010937 0.021296
0 0.870313 0.837500 0.013542 0.036111
0 0.409635 0.396296 0.016146 0.016667
0 0.899740 0.404167 0.015104 0.019444
0 0.322135 0.377778 0.017188 0.018519
0 0.346094 0.916667 0.016146 0.016667
0 0.878906 0.410185 0.017188 0.018519
0 0.359635 0.374537 0.016146 0.015741
0 0.176302 0.316667 0.018229 0.016667
0 0.188542 0.712500 0.013542 0.025000
0 0.987240 0.350463 0.019271 0.019444
0 0.349219 0.390278 0.017188 0.017593
0 0.508073 0.274537 0.017188 0.026852
0 0.200000 0.737037 0.012500 0.024074
0 0.258073 0.355556 0.019271 0.022222
0 0.144792 0.250926 0.015625 0.018519
0 0.572656 0.362037 0.016146 0.029630
0 0.630729 0.485648 0.013542 0.021296
0 0.618490 0.393056 0.015104 0.034259
0 0.748437 0.307870 0.014583 0.015741
0 0.449740 0.672685 0.011979 0.032407
0 0.340885 0.407407 0.017188 0.018519
0 0.270573 0.379167 0.017188 0.019444
0 0.541667 0.284722 0.015625 0.025000
0 0.099219 0.292130 0.015104 0.019444
0 0.292448 0.915278 0.015104 0.021296
0 0.792448 0.402778 0.016146 0.016667
0 0.487240 0.230093 0.014063 0.025000
0 0.203906 0.332407 0.018229 0.018519
0 0.299740 0.329630 0.018229 0.016667
0 0.965104 0.381944 0.015625 0.021296
0 0.588021 0.675926 0.013542 0.025926
0 0.413021 0.834722 0.011458 0.030556
0 0.429948 0.493981 0.017188 0.025000
0 0.753125 0.745833 0.012500 0.026852
0 0.606510 0.552315 0.008854 0.032407
0 0.244271 0.752315 0.011458 0.025000
0 0.181510 0.758796 0.014063 0.025000
0 0.771354 0.245833 0.009375 0.025000
0 0.244531 0.277778 0.016146 0.016667
0 0.907031 0.937500 0.014063 0.032407
0 0.714583 0.437037 0.014583 0.016667
0 0.834896 0.648148 0.012500 0.031481
0 0.425521 0.988426 0.012500 0.017593
0 0.214583 0.762500 0.014583 0.023148
0 0.222396 0.612037 0.011458 0.025926
0 0.947135 0.343056 0.020313 0.015741
0 0.146615 0.310185 0.017188 0.016667
0 0.369010 0.306019 0.019271 0.013889
0 0.342969 0.339352 0.019271 0.021296
0 0.639844 0.050000 0.010937 0.027778
0 0.669010 0.253241 0.010937 0.025000
0 0.747917 0.416667 0.015625 0.018519
0 0.234896 0.746296 0.011458 0.025926
0 0.646354 0.012963 0.009375 0.024074
0 0.280208 0.647222 0.010417 0.033333
0 0.789583 0.272685 0.010417 0.025000
0 0.213542 0.815278 0.014583 0.023148
0 0.595313 0.518519 0.010417 0.031481
0 0.233073 0.363426 0.016146 0.017593
0 0.893229 0.907407 0.013542 0.031481
0 0.757812 0.281944 0.009375 0.025000
0 0.266406 0.320370 0.017188 0.016667
0 0.019792 0.172685 0.011458 0.023148
0 0.163802 0.255556 0.018229 0.018519
0 0.768229 0.501389 0.011458 0.025000
0 0.762760 0.344907 0.007812 0.019444
0 0.554688 0.618519 0.014583 0.029630
0 0.767969 0.297685 0.008854 0.025000
0 0.202865 0.348148 0.018229 0.016667
0 0.419792 0.246296 0.011458 0.025926
0 0.152083 0.633796 0.014583 0.025000
0 0.081771 0.677778 0.012500 0.025926
0 0.153125 0.591204 0.013542 0.023148
0 0.917188 0.973148 0.014583 0.037037
0 0.208073 0.310185 0.017188 0.016667
0 0.455469 0.631944 0.008854 0.030556
0 0.476823 0.393519 0.016146 0.020370
0 0.655208 0.143981 0.013542 0.015741
0 0.457813 0.594907 0.009375 0.028704
0 0.245312 0.561574 0.009375 0.026852
0 0.442969 0.201389 0.009896 0.026852
0 0.177865 0.340278 0.017188 0.017593
0 0.435417 0.237500 0.010417 0.026852
0 0.804167 0.550463 0.011458 0.025000
0 0.255208 0.625926 0.010417 0.027778
0 0.487240 0.932407 0.010937 0.029630
0 0.245312 0.621296 0.009375 0.025926
0 0.742969 0.711574 0.010937 0.026852
0 0.227604 0.733796 0.011458 0.026852
0 0.211198 0.268519 0.016146 0.016667
0 0.369792 0.901389 0.010417 0.026852
0 0.114583 0.529167 0.013542 0.021296
0 0.352344 0.307407 0.017188 0.014815
0 0.169531 0.296296 0.018229 0.014815
0 0.800781 0.861574 0.014063 0.023148
0 0.322656 0.338426 0.017188 0.017593
0 0.795312 0.848148 0.015625 0.020370
0 0.252604 0.316204 0.014583 0.015741
0 0.295052 0.657407 0.007812 0.025926
0 0.436979 0.422685 0.014583 0.017593
0 0.051823 0.744444 0.013021 0.031481
0 0.682813 0.983333 0.015625 0.033333
0 0.630729 0.525926 0.013542 0.022222
0 0.462760 0.973148 0.014063 0.038889
0 0.800260 0.578241 0.013021 0.034259
0 0.617188 0.750000 0.011458 0.027778
0 0.637240 0.235648 0.013021 0.015741
0 0.821615 0.253241 0.007812 0.023148
0 0.606510 0.635185 0.014063 0.048148
0 0.424219 0.960648 0.016146 0.021296
0 0.238542 0.650463 0.011458 0.025000
0 0.655469 0.321296 0.014063 0.018519
0 0.904167 0.860648 0.010417 0.028704
0 0.904427 0.313426 0.017188 0.013889
0 0.639583 0.287037 0.014583 0.018519
0 0.231771 0.643519 0.011458 0.024074
0 0.321094 0.299537 0.017188 0.015741
0 0.312760 0.681019 0.007812 0.026852
0 0.141146 0.567130 0.013542 0.023148
0 0.262240 0.673148 0.011979 0.031481
0 0.776042 0.533796 0.011458 0.025000
0 0.197917 0.535648 0.011458 0.032407
0 0.794010 0.491204 0.010937 0.026852
0 0.227604 0.781944 0.015625 0.023148
0 0.262760 0.632407 0.010937 0.025926
0 0.282552 0.325926 0.015104 0.016667
0 0.247917 0.656944 0.010417 0.026852
0 0.656510 0.500463 0.017188 0.026852
0 0.301563 0.589352 0.009375 0.025000
0 0.121094 0.625000 0.036979 0.024074
0 0.216667 0.706944 0.011458 0.021296
0 0.237240 0.613889 0.010937 0.024074
0 0.139583 0.609722 0.013542 0.023148
0 0.233594 0.555556 0.007812 0.025926
0 0.278646 0.687037 0.012500 0.031481
0 0.955469 0.527315 0.015104 0.013889
0 0.144010 0.510185 0.008854 0.025926
0 0.229948 0.815278 0.028646 0.043519
0 0.864062 0.738426 0.010417 0.026852
0 0.153646 0.515278 0.010417 0.025000
0 0.220573 0.724074 0.015104 0.022222
0 0.812760 0.257870 0.011979 0.026852
0 0.287240 0.650463 0.007812 0.026852
0 0.818750 0.751389 0.012500 0.025000
0 0.396615 0.023611 0.008854 0.019444
0 0.254948 0.566667 0.008854 0.025926
0 0.271615 0.578241 0.007812 0.021296
0 0.651563 0.168981 0.011458 0.015741
0 0.250260 0.766204 0.013021 0.025000
0 0.031510 0.146296 0.013021 0.025926
0 0.270833 0.675463 0.010417 0.025000
0 0.956510 0.890278 0.013021 0.017593
0 0.282552 0.581019 0.008854 0.026852
0 0.043490 0.118519 0.011979 0.020370
0 0.305469 0.672685 0.006771 0.025000
0 0.256771 0.665278 0.011458 0.030556
0 0.636458 0.266204 0.011458 0.015741
0 0.135937 0.508796 0.010417 0.028704
0 0.639583 0.221759 0.013542 0.015741
0 0.134896 0.555556 0.014583 0.022222
0 0.650521 0.941667 0.011458 0.022222
0 0.932813 0.941204 0.013542 0.034259
0 0.208333 0.550463 0.012500 0.032407
0 0.182552 0.531481 0.011979 0.031481
0 0.541927 0.968981 0.017188 0.019444
0 0.193750 0.533796 0.008333 0.028704
0 0.462500 0.988889 0.012500 0.018519
0 0.885938 0.875463 0.010417 0.025000
0 0.797917 0.260648 0.010417 0.026852
0 0.834896 0.252315 0.010417 0.023148
0 0.121354 0.496296 0.015625 0.018519
0 0.892188 0.361111 0.025000 0.020370
0 0.747917 0.354630 0.010417 0.020370
0 0.654687 0.157407 0.012500 0.014815
0 0.224740 0.552315 0.011979 0.030556
0 0.515104 0.594907 0.028125 0.041667
0 0.936198 0.209259 0.009896 0.027778
0 0.923177 0.309722 0.013021 0.008333
0 0.818229 0.324074 0.013542 0.029630
0 0.854427 0.288889 0.007812 0.009259
0 0.811198 0.443981 0.009896 0.013889
0 0.812240 0.576389 0.008854 0.021296
0 0.845313 0.679167 0.012500 0.026852
0 0.820052 0.668519 0.013021 0.027778
0 0.828125 0.695370 0.010417 0.027778
0 0.838542 0.728704 0.012500 0.031481
0 0.854167 0.706944 0.011458 0.030556
0 0.800521 0.791204 0.017708 0.021296
0 0.804427 0.881019 0.017188 0.013889
0 0.879167 0.782870 0.013542 0.030556
0 0.891667 0.823148 0.014583 0.033333
0 0.945833 0.974537 0.013542 0.036111
0 0.732812 0.367130 0.010417 0.025000
0 0.718229 0.296296 0.017708 0.018519
0 0.720052 0.283333 0.014063 0.014815
0 0.756771 0.345370 0.007292 0.016667
0 0.826302 0.187037 0.009896 0.024074
0 0.781771 0.246296 0.010417 0.027778
0 0.781250 0.276852 0.008333 0.020370
0 0.650521 0.185648 0.011458 0.013889
0 0.646094 0.199537 0.013021 0.012037
0 0.644010 0.209722 0.016146 0.015741
0 0.637760 0.250463 0.014063 0.015741
0 0.613021 0.178704 0.008333 0.020370
0 0.426563 0.942130 0.020833 0.017593
0 0.397917 0.826389 0.008333 0.032407
0 0.434635 0.743056 0.009896 0.026852
0 0.486458 0.162500 0.011458 0.026852
0 0.495573 0.192593 0.007812 0.025926
0 0.429688 0.140741 0.010417 0.027778
0 0.291146 0.293056 0.012500 0.013889
0 0.304167 0.297222 0.015625 0.016667
0 0.337760 0.305556 0.013021 0.016667
0 0.240625 0.311111 0.011458 0.014815
0 0.375521 0.396296 0.027083 0.022222
0 0.227604 0.274537 0.016667 0.017593
0 0.039323 0.333333 0.015104 0.009259
0 0.042448 0.229167 0.016146 0.047222
0 0.050781 0.098611 0.005729 0.017593
0 0.063281 0.283333 0.018229 0.016667
0 0.067969 0.472222 0.014063 0.014815
0 0.083854 0.479167 0.015625 0.015741
0 0.083594 0.537500 0.028646 0.050926
0 0.128646 0.583796 0.013542 0.025000
0 0.160417 0.710648 0.011458 0.026852
0 0.176563 0.597222 0.013542 0.027778
0 0.163802 0.593519 0.013021 0.024074
0 0.149219 0.580556 0.014063 0.024074
0 0.165104 0.524537 0.011458 0.026852
0 0.130469 0.548611 0.013021 0.023148
0 0.051823 0.804630 0.019271 0.042593
0 0.047396 0.787037 0.013542 0.027778
0 0.251823 0.815278 0.007812 0.013889
0 0.282031 0.725463 0.008854 0.017593
0 0.211198 0.692130 0.013021 0.026852
0 0.272656 0.641204 0.010937 0.023148
0 0.232031 0.614352 0.009896 0.026852
0 0.294531 0.584722 0.010937 0.026852
0 0.173958 0.526852 0.008333 0.033333
0 0.217188 0.553704 0.009375 0.029630
