0 0.570833 0.257870 0.014583 0.025000
0 0.137240 0.667130 0.011979 0.021296
0 0.689844 0.415278 0.018229 0.017593
0 0.415625 0.394907 0.015625 0.017593
0 0.521354 0.312500 0.012500 0.023148
0 0.235677 0.344907 0.016146 0.019444
0 0.478125 0.487500 0.011458 0.026852
0 0.581250 0.235185 0.012500 0.025926
0 0.861719 0.415278 0.015104 0.019444
0 0.436198 0.387037 0.016146 0.016667
0 0.351302 0.391204 0.015104 0.015741
0 0.366406 0.415278 0.019271 0.017593
0 0.169531 0.298148 0.018229 0.016667
0 0.390365 0.398148 0.016146 0.016667
0 0.370312 0.398611 0.015625 0.015741
0 0.410938 0.427778 0.015625 0.016667
0 0.873437 0.835648 0.012500 0.032407
0 0.605729 0.161574 0.012500 0.030556
0 0.459896 0.579167 0.010417 0.034259
0 0.487240 0.641667 0.017188 0.025926
0 0.199740 0.737037 0.011979 0.024074
0 0.568229 0.391667 0.013542 0.025926
0 0.678646 0.898148 0.015625 0.040741
0 0.377604 0.968981 0.014583 0.039815
0 0.188542 0.714352 0.013542 0.025000
0 0.150260 0.692130 0.010937 0.021296
0 0.273177 0.377778 0.016146 0.016667
0 0.586458 0.443981 0.011458 0.026852
0 0.180990 0.652778 0.013021 0.020370
0 0.298177 0.330556 0.018229 0.016667
0 0.618490 0.393519 0.015104 0.033333
0 0.203906 0.350926 0.017188 0.016667
0 0.265885 0.319907 0.016146 0.017593
0 0.651563 0.806019 0.013542 0.037963
0 0.665625 0.852778 0.013542 0.031481
0 0.515365 0.259722 0.020313 0.030556
0 0.208594 0.313426 0.018229 0.017593
0 0.181510 0.759722 0.014063 0.025000
0 0.048177 0.318519 0.016146 0.020370
0 0.429948 0.421759 0.017188 0.019444
0 0.612760 0.646759 0.013021 0.058333
0 0.669010 0.252778 0.010937 0.025926
0 0.346094 0.916667 0.016146 0.016667
0 0.639583 0.768056 0.013542 0.037963
0 0.265885 0.358796 0.017188 0.017593
0 0.251563 0.316667 0.014583 0.016667
0 0.879948 0.410185 0.017188 0.018519
0 0.342448 0.339352 0.020313 0.021296
0 0.244531 0.277778 0.016146 0.016667
0 0.753646 0.744907 0.013542 0.026852
0 0.595313 0.210185 0.012500 0.027778
0 0.302865 0.375463 0.017188 0.015741
0 0.655208 0.143519 0.013542 0.016667
0 0.293490 0.916204 0.015104 0.023148
0 0.908333 0.937500 0.013542 0.030556
0 0.456510 0.627778 0.008854 0.027778
0 0.623698 0.032407 0.010937 0.027778
0 0.244271 0.753241 0.011458 0.025000
0 0.420312 0.246296 0.012500 0.027778
0 0.450260 0.670833 0.008854 0.026852
0 0.639062 0.045833 0.010417 0.026852
0 0.340885 0.407407 0.017188 0.016667
0 0.222917 0.611574 0.010417 0.025000
0 0.514583 0.569907 0.013542 0.026852
0 0.596875 0.536574 0.010417 0.034259
0 0.442708 0.714352 0.010417 0.028704
0 0.598958 0.582870 0.010417 0.036111
0 0.213542 0.815278 0.014583 0.023148
0 0.896354 0.907407 0.012500 0.031481
0 0.988802 0.329167 0.016146 0.013889
0 0.465625 0.183796 0.011458 0.032407
0 0.638021 0.235185 0.013542 0.016667
0 0.235937 0.746296 0.011458 0.025926
0 0.145313 0.252778 0.014583 0.016667
0 0.742448 0.712037 0.008854 0.027778
0 0.369531 0.306944 0.020313 0.013889
0 0.819010 0.207407 0.018229 0.024074
0 0.278125 0.687037 0.011458 0.031481
0 0.389844 0.421296 0.017188 0.018519
0 0.325781 0.380556 0.018229 0.022222
0 0.801562 0.861574 0.014583 0.021296
0 0.277083 0.646759 0.010417 0.032407
0 0.498958 0.378241 0.013542 0.025000
0 0.227604 0.735648 0.011458 0.026852
0 0.245312 0.563426 0.009375 0.026852
0 0.805208 0.551389 0.011458 0.025000
0 0.796875 0.846296 0.015625 0.020370
0 0.625000 0.108796 0.012500 0.021296
0 0.319010 0.400463 0.018229 0.015741
0 0.424219 0.962037 0.016146 0.022222
0 0.935937 0.938889 0.014583 0.033333
0 0.427083 0.990278 0.013542 0.015741
0 0.320052 0.335648 0.018229 0.015741
0 0.628646 0.731019 0.013542 0.032407
0 0.256510 0.629167 0.010937 0.030556
0 0.115625 0.532407 0.014583 0.022222
0 0.066927 0.293519 0.020313 0.024074
0 0.151562 0.637037 0.013542 0.024074
0 0.822396 0.252778 0.010417 0.025926
0 0.488021 0.932407 0.010417 0.029630
0 0.211198 0.269907 0.015104 0.017593
0 0.139583 0.611574 0.013542 0.023148
0 0.509896 0.277778 0.014583 0.025926
0 0.885417 0.868056 0.011458 0.032407
0 0.620833 0.698611 0.014583 0.032407
0 0.919271 0.973611 0.013542 0.037963
0 0.214062 0.765278 0.013542 0.023148
0 0.295052 0.657870 0.007812 0.026852
0 0.281510 0.324537 0.015104 0.017593
0 0.834896 0.648148 0.013542 0.031481
0 0.238281 0.616204 0.010937 0.025000
0 0.050260 0.743056 0.015104 0.032407
0 0.312760 0.682407 0.008854 0.025926
0 0.370833 0.902778 0.010417 0.027778
0 0.352344 0.306944 0.017188 0.013889
0 0.759115 0.281019 0.007812 0.023148
0 0.246875 0.622685 0.009375 0.026852
0 0.141667 0.571296 0.012500 0.024074
0 0.652083 0.168519 0.012500 0.016667
0 0.404687 0.276389 0.014583 0.021296
0 0.639583 0.219907 0.013542 0.017593
0 0.789583 0.273148 0.010417 0.024074
0 0.270833 0.676389 0.010417 0.026852
0 0.163281 0.259259 0.017188 0.018519
0 0.456771 0.238426 0.012500 0.041667
0 0.232031 0.643981 0.010937 0.023148
0 0.238542 0.650463 0.011458 0.025000
0 0.023698 0.275926 0.015104 0.022222
0 0.197917 0.537500 0.011458 0.032407
0 0.464583 0.973148 0.014583 0.037037
0 0.249479 0.768519 0.014583 0.027778
0 0.247917 0.657870 0.010417 0.026852
0 0.653646 0.157407 0.012500 0.016667
0 0.217188 0.706019 0.012500 0.023148
0 0.153646 0.516667 0.010417 0.025926
0 0.617969 0.513889 0.018229 0.027778
0 0.262240 0.671296 0.011979 0.031481
0 0.904687 0.858796 0.011458 0.026852
0 0.453646 0.227778 0.011458 0.027778
0 0.167187 0.629167 0.012500 0.026852
0 0.302083 0.590278 0.010417 0.025000
0 0.234896 0.555093 0.009375 0.026852
0 0.153646 0.591667 0.012500 0.024074
0 0.620313 0.564352 0.011458 0.023148
0 0.220312 0.722685 0.012500 0.023148
0 0.041667 0.119907 0.013542 0.026852
0 0.182292 0.531944 0.010417 0.028704
0 0.321094 0.300926 0.017188 0.014815
0 0.229167 0.785185 0.015625 0.022222
0 0.463542 0.988889 0.012500 0.018519
0 0.880729 0.785185 0.011458 0.025926
0 0.794010 0.488889 0.010937 0.025926
0 0.262760 0.632870 0.008854 0.026852
0 0.946875 0.975463 0.015625 0.036111
0 0.135937 0.507870 0.010417 0.032407
0 0.179167 0.685185 0.011458 0.022222
0 0.287240 0.652778 0.007812 0.025926
0 0.083333 0.479167 0.015625 0.013889
0 0.256510 0.665278 0.010937 0.030556
0 0.133854 0.557407 0.013542 0.022222
0 0.777083 0.534722 0.010417 0.025000
0 0.144010 0.512500 0.007812 0.025000
0 0.763281 0.341204 0.007812 0.019444
0 0.543490 0.968981 0.016146 0.019444
0 0.271615 0.579167 0.007812 0.021296
0 0.293490 0.587037 0.008854 0.025926
0 0.254948 0.567130 0.008854 0.025000
0 0.769010 0.501389 0.011979 0.026852
0 0.067708 0.472685 0.014583 0.015741
0 0.753906 0.344907 0.007812 0.019444
0 0.864583 0.735648 0.011458 0.025000
0 0.164062 0.522685 0.011458 0.032407
0 0.120833 0.499537 0.014583 0.019444
0 0.192708 0.534722 0.010417 0.025000
0 0.293750 0.390278 0.025000 0.021296
0 0.210417 0.549537 0.011458 0.030556
0 0.717448 0.292130 0.015104 0.019444
0 0.168229 0.596296 0.012500 0.024074
0 0.176563 0.594907 0.014583 0.025000
0 0.719531 0.148611 0.017188 0.021296
0 0.748698 0.352778 0.007812 0.018519
0 0.226823 0.273148 0.016146 0.016667
0 0.654948 0.319907 0.015104 0.019444
0 0.657292 0.009259 0.009375 0.016667
0 0.650781 0.182870 0.013021 0.015741
0 0.647135 0.196296 0.011979 0.012963
0 0.642708 0.210185 0.018750 0.012963
0 0.635938 0.250926 0.014583 0.016667
0 0.635156 0.268981 0.013021 0.017593
0 0.718750 0.282870 0.017708 0.017593
0 0.731771 0.364352 0.011458 0.030556
0 0.780990 0.244907 0.011979 0.028704
0 0.797656 0.260185 0.009896 0.025926
0 0.816667 0.321296 0.011458 0.027778
0 0.904948 0.312963 0.016146 0.016667
0 0.922656 0.306019 0.013021 0.013889
0 0.936198 0.207870 0.011979 0.036111
0 0.827083 0.184722 0.010417 0.026852
0 0.781771 0.275926 0.010417 0.022222
0 0.811198 0.443519 0.009896 0.018519
0 0.956771 0.527778 0.020833 0.018519
0 0.813021 0.575463 0.009375 0.021296
0 0.820833 0.667593 0.013542 0.027778
0 0.828385 0.693519 0.015104 0.029630
0 0.839844 0.728704 0.014063 0.033333
0 0.828385 0.693519 0.015104 0.029630
0 0.846615 0.678241 0.011979 0.032407
0 0.855208 0.704630 0.013542 0.027778
0 0.892448 0.821759 0.016146 0.036111
0 0.959635 0.890278 0.017188 0.019444
0 0.694271 0.954630 0.012500 0.037037
0 0.666927 0.937500 0.011979 0.028704
0 0.651823 0.943056 0.010937 0.019444
0 0.618229 0.773611 0.032292 0.078704
0 0.801302 0.789352 0.018229 0.023148
0 0.427344 0.941667 0.019271 0.016667
0 0.428906 0.759259 0.017188 0.035185
0 0.414583 0.031481 0.010417 0.031481
0 0.423698 0.125926 0.011979 0.029630
0 0.484896 0.162037 0.011458 0.027778
0 0.493229 0.192593 0.010417 0.024074
0 0.470573 0.407870 0.009896 0.023148
0 0.462760 0.700000 0.025521 0.053704
0 0.051042 0.102778 0.005208 0.014815
0 0.039062 0.337037 0.014583 0.011111
0 0.243750 0.397685 0.013542 0.010185
0 0.095052 0.562500 0.051562 0.099074
0 0.128385 0.588426 0.016146 0.025000
0 0.216406 0.554630 0.011979 0.035185
0 0.226823 0.554167 0.011979 0.034259
0 0.282552 0.584259 0.011979 0.033333
0 0.271875 0.642130 0.008333 0.028704
0 0.230729 0.615741 0.009375 0.029630
0 0.211719 0.691667 0.013021 0.025926
0 0.254427 0.819907 0.010937 0.021296
0 0.158594 0.713426 0.015104 0.023148
0 0.051562 0.806019 0.018750 0.043519
