0 0.613802 0.190046 0.015625 0.023611
0 0.571745 0.611806 0.009635 0.023611
0 0.073307 0.386806 0.015885 0.016204
0 0.675651 0.814583 0.008594 0.018981
0 0.107292 0.243287 0.014583 0.014352
0 0.032943 0.250231 0.015365 0.015278
0 0.616927 0.112037 0.011979 0.029630
0 0.756510 0.676620 0.013542 0.017130
0 0.505469 0.612269 0.013542 0.014352
0 0.567708 0.269213 0.013021 0.020833
0 0.831250 0.630324 0.011458 0.027315
0 0.161979 0.408333 0.018229 0.017593
0 0.173568 0.237963 0.014323 0.015741
0 0.218750 0.255093 0.014583 0.016667
0 0.616797 0.700694 0.013802 0.024537
0 0.650911 0.155324 0.015365 0.015278
0 0.216797 0.413657 0.019531 0.017130
0 0.544141 0.294907 0.013802 0.023148
0 0.805078 0.615741 0.012760 0.021296
0 0.660547 0.780324 0.011198 0.020833
0 0.437500 0.256250 0.014583 0.018981
2 0.821745 0.238657 0.023698 0.046759
0 0.620833 0.028704 0.010417 0.022222
0 0.532161 0.243056 0.016927 0.016667
0 0.724740 0.697454 0.016667 0.015278
0 0.707031 0.023611 0.009375 0.027778
0 0.715365 0.053704 0.009375 0.027778
0 0.726042 0.088194 0.010417 0.026389
2 0.735938 0.056713 0.024479 0.064352
0 0.821745 0.182639 0.015885 0.021759
2 0.766146 0.174074 0.027083 0.037037
0 0.684245 0.138657 0.017448 0.019907
0 0.754297 0.365509 0.017448 0.019907
0 0.513672 0.247685 0.016927 0.016667
0 0.491797 0.250926 0.016927 0.016667
0 0.468490 0.255324 0.014063 0.015278
0 0.398958 0.260185 0.017708 0.017593
0 0.008073 0.523843 0.015625 0.016204
0 0.169661 0.387731 0.015885 0.016204
0 0.679167 0.917130 0.009375 0.025926
0 0.690625 0.905093 0.009375 0.025926
0 0.757812 0.938426 0.009375 0.025926
0 0.817448 0.678935 0.010937 0.024537
