0 0.617969 0.613194 0.017708 0.023611
0 0.854948 0.614352 0.020833 0.026852
0 0.872526 0.162269 0.013802 0.031019
0 0.636068 0.054167 0.011198 0.022222
0 0.175521 0.390741 0.022396 0.015741
0 0.648698 0.631019 0.013021 0.022222
0 0.797396 0.109491 0.018229 0.021759
0 0.562370 0.190278 0.016406 0.014815
0 0.691797 0.696759 0.013281 0.022222
0 0.434115 0.470370 0.019271 0.015741
0 0.012500 0.342593 0.015625 0.016667
0 0.569792 0.284491 0.012500 0.031019
0 0.601172 0.631944 0.016406 0.021296
0 0.639844 0.675694 0.015625 0.021759
0 0.641667 0.140741 0.016146 0.025000
2 0.319922 0.471296 0.032031 0.015741
0 0.713672 0.793519 0.011719 0.026852
0 0.542448 0.600231 0.021875 0.017130
0 0.601042 0.223380 0.012500 0.026389
0 0.722396 0.772454 0.011458 0.027315
0 0.791146 0.035880 0.015104 0.027315
0 0.684896 0.720370 0.016146 0.030556
0 0.769922 0.415278 0.020052 0.012963
0 0.047917 0.540278 0.018750 0.016667
0 0.533073 0.198148 0.016146 0.014815
0 0.707292 0.090509 0.016146 0.015278
0 0.606771 0.156019 0.015104 0.031481
0 0.837240 0.146065 0.017708 0.027315
0 0.766146 0.014583 0.015104 0.027315
0 0.973047 0.118519 0.016406 0.015741
0 0.737370 0.830093 0.011198 0.027778
0 0.724870 0.842593 0.011198 0.027778
0 0.742969 0.873843 0.011458 0.027315
0 0.857422 0.784028 0.013281 0.029167
