0 0.291667 0.455787 0.017708 0.012500
0 0.514323 0.612731 0.014583 0.015278
0 0.228646 0.571991 0.012500 0.015278
0 0.769271 0.121991 0.015104 0.018981
0 0.162630 0.556481 0.016927 0.017593
0 0.624479 0.666204 0.018229 0.020370
0 0.052865 0.528009 0.018229 0.019907
0 0.688411 0.885880 0.008594 0.026389
0 0.740234 0.113889 0.010677 0.024074
0 0.060677 0.357639 0.019271 0.017130
0 0.727604 0.024769 0.010417 0.023611
0 0.641927 0.728704 0.013021 0.024074
0 0.617969 0.098843 0.012500 0.025463
0 0.903646 0.539815 0.017708 0.022222
1 0.716536 0.036343 0.021615 0.064352
0 0.582812 0.211806 0.015104 0.019907
0 0.728255 0.388194 0.016927 0.014352
0 0.681250 0.838889 0.008854 0.023148
0 0.648307 0.156944 0.015885 0.018519
0 0.660677 0.771991 0.011979 0.019907
0 0.987760 0.951620 0.015625 0.036574
0 0.060156 0.243750 0.019271 0.017130
0 0.312109 0.247917 0.016927 0.016204
0 0.184635 0.396528 0.019271 0.017130
0 0.230859 0.406250 0.019010 0.014352
0 0.380599 0.252083 0.016927 0.016204
0 0.420703 0.225694 0.016927 0.016204
0 0.409245 0.249769 0.016927 0.016204
0 0.432161 0.252546 0.016927 0.016204
0 0.456120 0.253009 0.016927 0.016204
0 0.484245 0.248843 0.016927 0.016204
0 0.505859 0.244213 0.014323 0.011574
0 0.535286 0.234954 0.013281 0.014352
0 0.395443 0.419676 0.014844 0.012500
0 0.462370 0.401620 0.014844 0.012500
0 0.551432 0.330556 0.012760 0.022222
0 0.531901 0.344444 0.012760 0.022222
0 0.557031 0.153935 0.015104 0.019907
0 0.740885 0.068750 0.010417 0.023611
0 0.524089 0.415046 0.016927 0.014352
0 0.809115 0.168750 0.015104 0.018981
0 0.807031 0.652315 0.014583 0.019444
0 0.837370 0.695139 0.015365 0.029167
0 0.783464 0.811574 0.013281 0.028704
0 0.661458 0.731481 0.013021 0.024074
0 0.680078 0.779630 0.010677 0.020370
0 0.674219 0.803704 0.008854 0.023148
0 0.688802 0.809722 0.008854 0.023148
0 0.673307 0.871528 0.008594 0.026389
0 0.698828 0.891898 0.008594 0.026389
0 0.689714 0.926620 0.008594 0.026389
0 0.702474 0.969676 0.008594 0.026389
