1 0.796875 0.666667 0.022917 0.032407
0 0.599740 0.666898 0.013542 0.017130
0 0.669010 0.758102 0.010937 0.022685
0 0.690495 0.837037 0.009115 0.023148
0 0.635156 0.717593 0.014583 0.025926
0 0.690365 0.971759 0.007812 0.028704
2 0.855208 0.532176 0.014583 0.037500
0 0.188672 0.404167 0.016406 0.012963
0 0.613411 0.114583 0.011198 0.023611
0 0.048307 0.228472 0.014844 0.013426
0 0.008594 0.238426 0.016667 0.013889
0 0.692578 0.140741 0.016927 0.022222
0 0.565885 0.220833 0.015625 0.017593
0 0.124219 0.221991 0.021354 0.015278
0 0.688672 0.913426 0.008594 0.025000
0 0.032031 0.562963 0.016667 0.015741
0 0.323568 0.584028 0.013802 0.015278
0 0.281380 0.584491 0.013802 0.018056
0 0.725651 0.028009 0.009115 0.021759
0 0.023307 0.346296 0.017448 0.017593
0 0.540755 0.545370 0.009635 0.023148
0 0.627344 0.032176 0.010417 0.024537
0 0.684245 0.868981 0.008073 0.025926
0 0.066406 0.531944 0.015104 0.015741
0 0.442578 0.257407 0.012240 0.013889
2 0.399479 0.249537 0.031250 0.024074
2 0.484635 0.246759 0.031250 0.024074
0 0.519141 0.241898 0.014844 0.012500
0 0.558333 0.157176 0.015625 0.022685
0 0.715234 0.045602 0.009115 0.021759
0 0.725911 0.089120 0.009115 0.021759
0 0.737630 0.065046 0.009115 0.021759
0 0.752734 0.095602 0.009115 0.021759
0 0.775521 0.183333 0.014063 0.021296
0 0.840234 0.257176 0.010677 0.024537
0 0.647917 0.713194 0.013021 0.022685
0 0.669271 0.798843 0.010417 0.024537
0 0.698568 0.898611 0.008594 0.025000
0 0.773698 0.868750 0.009896 0.025463
0 0.700260 0.962500 0.008333 0.024074
