0 0.655078 0.765046 0.010677 0.018981
0 0.591667 0.657870 0.013021 0.018519
0 0.113021 0.246296 0.016146 0.014815
0 0.670443 0.796528 0.009635 0.020833
0 0.687891 0.700000 0.014844 0.016667
0 0.719922 0.693287 0.016406 0.015278
0 0.652214 0.157870 0.015885 0.015741
0 0.246875 0.236574 0.014063 0.015741
0 0.565755 0.229861 0.012240 0.023611
0 0.671615 0.856944 0.009375 0.028704
0 0.687240 0.146065 0.015625 0.015278
0 0.721094 0.140046 0.016667 0.017130
0 0.177344 0.409491 0.016667 0.013426
0 0.869922 0.189352 0.017448 0.014815
0 0.599870 0.209954 0.012760 0.022685
0 0.980208 0.479398 0.016146 0.018981
0 0.770182 0.663426 0.015365 0.020370
0 0.707812 0.025926 0.009375 0.025000
0 0.532161 0.244444 0.015365 0.018519
0 0.456250 0.601620 0.014063 0.014352
0 0.179688 0.241667 0.013021 0.013889
0 0.406120 0.259259 0.016406 0.019444
0 0.642188 0.029630 0.009375 0.025000
0 0.716146 0.056481 0.008854 0.023148
0 0.725000 0.086111 0.008854 0.023148
0 0.718620 0.010648 0.008594 0.020370
2 0.736589 0.057870 0.024219 0.063889
2 0.793620 0.198380 0.025260 0.040278
2 0.839193 0.279630 0.023698 0.043519
0 0.853385 0.335185 0.014063 0.014815
0 0.813411 0.716204 0.010677 0.025000
0 0.795182 0.756481 0.010677 0.025000
0 0.688281 0.877778 0.009375 0.028704
0 0.553516 0.564815 0.010677 0.023148
0 0.260937 0.399769 0.016667 0.013426
0 0.263932 0.423380 0.017448 0.016204
0 0.317578 0.423843 0.017448 0.016204
0 0.255859 0.255093 0.017448 0.015741
0 0.443359 0.256481 0.014844 0.016667
0 0.470313 0.253935 0.014063 0.015278
0 0.491667 0.251157 0.015104 0.015278
0 0.513021 0.247917 0.015104 0.015278
