0 0.610156 0.677083 0.013021 0.019907
0 0.735677 0.137963 0.016146 0.016667
0 0.640625 0.697454 0.013021 0.018981
0 0.809896 0.170602 0.013542 0.015278
0 0.430990 0.600000 0.015625 0.013889
0 0.559635 0.582176 0.013021 0.028241
0 0.584766 0.114583 0.013802 0.027315
0 0.668620 0.747685 0.010677 0.025000
0 0.235807 0.486574 0.017448 0.016667
0 0.692969 0.820139 0.010417 0.025463
0 0.832812 0.163889 0.014583 0.013889
0 0.083203 0.453241 0.015885 0.017593
0 0.693229 0.899074 0.009375 0.020370
0 0.584245 0.410648 0.016927 0.014815
0 0.663411 0.148148 0.014844 0.018519
0 0.933984 0.495833 0.013802 0.016667
0 0.825911 0.570139 0.012760 0.024537
0 0.582682 0.199074 0.013802 0.017593
0 0.535026 0.403241 0.016927 0.014815
0 0.525260 0.235648 0.012500 0.014815
0 0.500781 0.244444 0.012500 0.014815
0 0.489323 0.216204 0.012500 0.014815
0 0.455208 0.261574 0.012500 0.014815
0 0.409766 0.262037 0.013281 0.013889
0 0.413672 0.233333 0.015885 0.014815
0 0.587630 0.607176 0.016927 0.024537
0 0.652214 0.742824 0.012760 0.022685
0 0.702344 0.870833 0.007292 0.025000
0 0.695573 0.955556 0.008854 0.028704
0 0.705469 0.969907 0.008854 0.028704
0 0.788672 0.897917 0.009635 0.027315
0 0.806641 0.810648 0.008594 0.023148
0 0.830990 0.724306 0.010937 0.022685
0 0.846745 0.563657 0.012760 0.024537
0 0.829297 0.348611 0.015885 0.017593
0 0.867318 0.339815 0.015885 0.017593
0 0.953776 0.282870 0.015885 0.017593
0 0.774609 0.141667 0.011198 0.012963
0 0.989453 0.491435 0.015365 0.018981
0 0.853255 0.455324 0.009635 0.021759
