0 0.709896 0.931250 0.011979 0.030093
0 0.594010 0.263889 0.015104 0.029630
0 0.616146 0.230324 0.015104 0.025463
0 0.845964 0.753472 0.016927 0.030093
0 0.816797 0.190741 0.020573 0.019444
0 0.672786 0.762269 0.014323 0.027315
0 0.656641 0.182870 0.017448 0.022222
0 0.864844 0.537731 0.013542 0.028241
0 0.534896 0.506250 0.021354 0.016204
0 0.606380 0.673611 0.014323 0.023148
0 0.740234 0.162269 0.020573 0.019907
0 0.579167 0.260648 0.015104 0.029630
0 0.497396 0.265741 0.018229 0.019444
0 0.552474 0.260417 0.021615 0.020833
0 0.891276 0.215741 0.020573 0.019444
0 0.944922 0.220370 0.020573 0.019444
0 0.765104 0.084028 0.011458 0.021759
0 0.774089 0.111574 0.014323 0.029630
0 0.600130 0.631481 0.014844 0.026852
0 0.686068 0.797454 0.014323 0.027315
