0 0.633464 0.674537 0.018490 0.017593
0 0.709505 0.138426 0.014323 0.017593
0 0.664583 0.740278 0.011979 0.016667
0 0.629557 0.165278 0.016927 0.024074
0 0.568620 0.149306 0.013281 0.023611
0 0.476562 0.604630 0.014583 0.015741
0 0.676693 0.825926 0.010156 0.027778
0 0.353255 0.484722 0.014844 0.012037
0 0.330599 0.419444 0.016406 0.015741
0 0.700260 0.907870 0.007292 0.023148
0 0.751302 0.099537 0.010417 0.024074
1 0.834896 0.549769 0.025521 0.067130
0 0.684115 0.798611 0.009896 0.024074
0 0.602474 0.203704 0.013802 0.023148
0 0.729297 0.090046 0.010156 0.022685
0 0.865365 0.573148 0.014583 0.016667
0 0.569401 0.224074 0.013281 0.024074
0 0.306120 0.230093 0.013281 0.015741
0 0.555469 0.306944 0.009896 0.021296
0 0.984896 0.965278 0.019792 0.042593
0 0.573307 0.469676 0.020573 0.013426
0 0.813542 0.676157 0.011458 0.020833
0 0.041406 0.371991 0.015625 0.019907
0 0.058594 0.534954 0.015625 0.019907
0 0.202214 0.401852 0.015365 0.014815
0 0.335286 0.253241 0.016927 0.017593
0 0.362630 0.252083 0.014323 0.014352
0 0.401042 0.254398 0.020833 0.015278
0 0.461458 0.253935 0.017188 0.015278
0 0.482812 0.250926 0.015104 0.016667
0 0.511198 0.244444 0.016667 0.015741
0 0.535547 0.235880 0.014844 0.013426
0 0.545312 0.415278 0.014583 0.015741
0 0.712500 0.026157 0.011458 0.030093
0 0.719010 0.058565 0.009896 0.024537
0 0.769271 0.176389 0.013542 0.021296
0 0.890104 0.194213 0.015625 0.015278
0 0.954688 0.182176 0.015625 0.015278
0 0.881250 0.541898 0.016667 0.018981
0 0.989583 0.506713 0.016667 0.018981
0 0.765885 0.869444 0.012500 0.023148
0 0.550130 0.566204 0.011719 0.023148
0 0.573568 0.578241 0.011719 0.023148
0 0.695573 0.844444 0.009896 0.024074
0 0.700521 0.969444 0.007292 0.023148
