0 0.688672 0.666667 0.017969 0.023148
0 0.826823 0.136343 0.017188 0.019907
0 0.789193 0.091204 0.015885 0.033333
0 0.784766 0.124306 0.016927 0.018056
0 0.404948 0.570370 0.016146 0.017593
0 0.153646 0.574769 0.019792 0.017130
0 0.731641 0.766667 0.012760 0.026852
0 0.450521 0.577083 0.016146 0.015278
0 0.553125 0.465972 0.021875 0.015278
0 0.071615 0.237269 0.017708 0.015278
0 0.697396 0.753472 0.013542 0.023611
0 0.731120 0.821296 0.010677 0.032407
0 0.683594 0.700231 0.016667 0.029167
0 0.625651 0.234954 0.016927 0.028241
0 0.711719 0.750926 0.011979 0.025000
0 0.868620 0.212731 0.016406 0.029167
0 0.950651 0.518981 0.019010 0.026852
0 0.849870 0.613657 0.014844 0.029167
0 0.740495 0.990046 0.011198 0.018981
0 0.234245 0.393519 0.019531 0.016667
0 0.738021 0.872917 0.010417 0.033796
0 0.264844 0.240046 0.022396 0.017130
0 0.750651 0.873843 0.012240 0.029167
0 0.650651 0.177083 0.015365 0.022685
0 0.873047 0.625694 0.013802 0.031019
1 0.197917 0.448843 0.031250 0.023611
0 0.194922 0.371065 0.016406 0.017130
0 0.025000 0.325231 0.018229 0.017130
0 0.565495 0.404861 0.017969 0.011574
0 0.658724 0.393519 0.014844 0.017593
0 0.732422 0.359954 0.014844 0.018056
0 0.598568 0.314583 0.013281 0.027315
0 0.603646 0.551157 0.013021 0.026389
0 0.632292 0.582176 0.013021 0.026389
0 0.740365 0.929630 0.010417 0.033333
0 0.801042 0.914583 0.012500 0.029167
0 0.825651 0.905556 0.012240 0.029630
0 0.900391 0.453935 0.008594 0.025463
0 0.578125 0.223380 0.021875 0.018981
0 0.551042 0.188194 0.021875 0.018981
0 0.487370 0.237731 0.016406 0.018056
0 0.522266 0.233333 0.016406 0.017593
0 0.544922 0.231481 0.016406 0.017593
0 0.414714 0.236343 0.016406 0.018056
0 0.345573 0.235880 0.018229 0.018056
0 0.268620 0.214120 0.017969 0.018056
0 0.223568 0.236343 0.019531 0.018981
0 0.127214 0.221296 0.019531 0.018519
0 0.047396 0.224769 0.017708 0.015278
