0 0.632161 0.611343 0.017969 0.021759
0 0.915495 0.525694 0.015885 0.022685
0 0.686068 0.702315 0.014844 0.025000
0 0.926432 0.567130 0.014844 0.025926
0 0.718620 0.652315 0.018490 0.020370
0 0.838542 0.748148 0.016146 0.026852
0 0.707682 0.712269 0.012240 0.024537
0 0.270573 0.582639 0.020833 0.014352
0 0.815625 0.112037 0.019271 0.023148
0 0.692969 0.115972 0.015625 0.022685
0 0.635286 0.160417 0.018490 0.024537
0 0.805208 0.072917 0.016667 0.032870
0 0.736589 0.797917 0.013802 0.027315
0 0.364193 0.582870 0.020052 0.021296
0 0.742448 0.838194 0.009896 0.027315
0 0.560026 0.208796 0.019531 0.020370
0 0.783464 0.021991 0.015365 0.028241
0 0.328125 0.582176 0.015625 0.017130
0 0.164844 0.387269 0.019271 0.022685
0 0.600130 0.193287 0.014323 0.020833
2 0.485286 0.573380 0.023177 0.024537
0 0.343099 0.214120 0.013802 0.018056
0 0.053255 0.245833 0.023177 0.016667
0 0.978516 0.460185 0.017448 0.022222
2 0.310677 0.238426 0.025521 0.024074
0 0.355339 0.233796 0.016927 0.018519
0 0.988021 0.490972 0.016667 0.024537
0 0.841667 0.596065 0.018750 0.026389
0 0.243620 0.402083 0.019531 0.018056
0 0.963802 0.132176 0.019271 0.017130
0 0.303646 0.381019 0.018750 0.016667
0 0.408724 0.383565 0.018490 0.015278
0 0.619792 0.096065 0.017188 0.031944
0 0.923177 0.131250 0.019271 0.017130
0 0.923958 0.278009 0.017188 0.018981
0 0.826562 0.331250 0.017188 0.018981
0 0.962109 0.518981 0.016927 0.024074
0 0.876432 0.602778 0.013281 0.030556
0 0.815885 0.833333 0.015104 0.035185
0 0.613672 0.526389 0.012240 0.025926
0 0.757682 0.976389 0.009115 0.031481
0 0.748047 0.984259 0.009115 0.031481
0 0.757422 0.924074 0.009115 0.031481
0 0.748568 0.918056 0.009115 0.031481
0 0.756380 0.881481 0.009115 0.031481
0 0.753516 0.830093 0.009115 0.031481
0 0.743880 0.779861 0.013802 0.027315
0 0.736068 0.751620 0.013802 0.027315
0 0.727474 0.769213 0.013802 0.027315
0 0.716276 0.740509 0.013802 0.027315
2 0.724870 0.719676 0.019010 0.039352
0 0.746094 0.878935 0.009375 0.019907
