0 0.702604 0.733102 0.014583 0.028241
0 0.669531 0.673843 0.017188 0.027315
0 0.252604 0.571991 0.018229 0.015278
0 0.554818 0.463194 0.020052 0.013426
0 0.734115 0.854398 0.010417 0.028241
0 0.852604 0.132639 0.017188 0.027315
0 0.651953 0.682870 0.013281 0.025000
0 0.394401 0.402546 0.019010 0.014352
0 0.576042 0.319213 0.010937 0.028241
0 0.789583 0.034028 0.015625 0.029167
0 0.728125 0.815972 0.012500 0.028241
0 0.843490 0.336806 0.021875 0.017130
0 0.398047 0.195602 0.019010 0.014352
0 0.311849 0.202083 0.019010 0.014352
0 0.576432 0.390509 0.019010 0.014352
0 0.563151 0.191204 0.015365 0.021296
0 0.563802 0.259491 0.010937 0.028241
0 0.592708 0.256713 0.010937 0.028241
2 0.461458 0.378009 0.026042 0.019907
0 0.874219 0.315046 0.021875 0.017130
0 0.797656 0.097222 0.015625 0.023148
0 0.883984 0.200694 0.015365 0.029167
1 0.652865 0.077778 0.030208 0.075000
2 0.746224 0.343519 0.029427 0.025000
0 0.898698 0.453241 0.012500 0.029630
0 0.627344 0.610880 0.017188 0.027315
0 0.603125 0.556713 0.017188 0.027315
0 0.845573 0.704861 0.014583 0.028241
0 0.793750 0.975463 0.012500 0.027778
0 0.741016 0.911111 0.009635 0.029630
0 0.742839 0.949074 0.009635 0.029630
0 0.730859 0.979630 0.009635 0.029630
0 0.685026 0.735648 0.011719 0.024074
