0 0.707422 0.672454 0.015885 0.017130
0 0.771875 0.094444 0.015625 0.013889
0 0.627474 0.151852 0.014323 0.030556
0 0.689193 0.124074 0.014323 0.023148
0 0.721354 0.717824 0.013021 0.025463
0 0.664714 0.146759 0.014323 0.023148
0 0.701562 0.708333 0.013021 0.023148
0 0.852344 0.175926 0.016146 0.025926
0 0.290495 0.441667 0.017448 0.013889
0 0.614062 0.560185 0.012500 0.022222
0 0.038021 0.396296 0.021354 0.015741
0 0.640234 0.587269 0.015365 0.025463
0 0.071875 0.364352 0.018750 0.016667
0 0.730208 0.778935 0.011458 0.024537
0 0.711589 0.766898 0.013281 0.025463
0 0.757552 0.957176 0.009896 0.031019
0 0.886719 0.671991 0.012500 0.022685
0 0.553255 0.450463 0.026823 0.016667
0 0.757422 0.894676 0.009635 0.030093
0 0.842969 0.716204 0.012500 0.026852
0 0.750130 0.825000 0.009635 0.030556
0 0.308333 0.379167 0.018229 0.013889
0 0.747005 0.961574 0.009115 0.029630
0 0.028385 0.336574 0.018750 0.016667
0 0.098958 0.233333 0.018750 0.016667
0 0.373177 0.204167 0.018229 0.013889
0 0.466146 0.199537 0.018229 0.013889
0 0.513021 0.189583 0.016146 0.018056
0 0.577604 0.214352 0.015104 0.014815
0 0.557813 0.222917 0.017708 0.016204
0 0.531250 0.221296 0.015104 0.015741
0 0.602734 0.281944 0.014323 0.030556
0 0.898828 0.136806 0.015885 0.015278
0 0.835677 0.332176 0.016146 0.015278
0 0.827734 0.858796 0.011719 0.029630
0 0.717448 0.743519 0.012500 0.023148
0 0.737240 0.758565 0.011458 0.027315
0 0.741016 0.842130 0.010156 0.026852
0 0.745443 0.896296 0.008073 0.025926
