0 0.926042 0.507407 0.011979 0.016667
0 0.743880 0.813889 0.010156 0.026852
0 0.636068 0.156019 0.017448 0.018519
0 0.653906 0.621296 0.013021 0.016667
0 0.954688 0.474306 0.015625 0.018056
0 0.732161 0.648611 0.015365 0.013889
0 0.732161 0.769213 0.010677 0.024537
0 0.906250 0.452315 0.010937 0.027778
0 0.158594 0.575926 0.012500 0.012037
0 0.695182 0.103241 0.013281 0.019444
0 0.807161 0.095139 0.013802 0.018981
0 0.571875 0.200463 0.016146 0.015741
0 0.915365 0.125231 0.014063 0.012500
0 0.104688 0.364352 0.016146 0.016667
0 0.241927 0.565046 0.016667 0.017130
0 0.726823 0.709259 0.012500 0.021296
0 0.799089 0.038657 0.011719 0.025463
0 0.748568 0.850926 0.008594 0.026852
0 0.715885 0.719907 0.012500 0.021296
0 0.332422 0.211111 0.016927 0.014815
0 0.781901 0.011343 0.012240 0.021759
0 0.486849 0.193056 0.015885 0.013889
0 0.753516 0.890741 0.005990 0.025926
0 0.982031 0.445602 0.015104 0.015278
1 0.861979 0.749769 0.022396 0.059722
0 0.741797 0.746065 0.008594 0.024537
0 0.749870 0.780787 0.006510 0.018981
0 0.756120 0.814815 0.007552 0.023148
0 0.753255 0.924074 0.008073 0.026852
0 0.763281 0.928704 0.005208 0.023148
0 0.764453 0.979398 0.006510 0.025463
0 0.825781 0.814583 0.010937 0.025463
0 0.596094 0.514352 0.009896 0.022222
0 0.613411 0.498380 0.010677 0.022685
0 0.855339 0.569907 0.012240 0.018519
0 0.886979 0.301852 0.015104 0.015741
0 0.966536 0.248843 0.013802 0.013426
0 0.962500 0.120139 0.014583 0.012500
0 0.840495 0.137500 0.012760 0.023148
0 0.604297 0.267824 0.009115 0.024537
0 0.487370 0.224769 0.022135 0.015278
0 0.426042 0.228704 0.014583 0.009259
0 0.304948 0.460185 0.014063 0.009259
0 0.440885 0.568056 0.016146 0.012963
