0 0.728516 0.664583 0.019531 0.018056
0 0.678776 0.637963 0.019010 0.027778
0 0.857161 0.133333 0.016406 0.025926
0 0.943099 0.494676 0.019531 0.020833
0 0.673177 0.139120 0.015104 0.025463
0 0.727083 0.765509 0.013021 0.029167
0 0.676562 0.663889 0.015625 0.024074
0 0.783073 0.100000 0.017708 0.017593
0 0.969922 0.260880 0.017448 0.018981
0 0.313151 0.569444 0.017448 0.017593
0 0.722266 0.716435 0.013802 0.027315
0 0.607161 0.211806 0.012240 0.031019
0 0.019401 0.236574 0.020052 0.020370
0 0.840625 0.151389 0.017188 0.026852
0 0.130990 0.221759 0.016667 0.017593
1 0.156120 0.359954 0.046094 0.028241
0 0.588542 0.142824 0.014583 0.021759
0 0.792188 0.026852 0.013542 0.026852
0 0.742318 0.763194 0.012760 0.029167
0 0.736458 0.814583 0.010937 0.031944
0 0.083333 0.225000 0.016667 0.017593
0 0.187240 0.387500 0.016667 0.017593
0 0.458464 0.396991 0.016406 0.016204
0 0.587109 0.196759 0.017969 0.018519
0 0.564714 0.207407 0.017969 0.018519
0 0.466667 0.197685 0.018229 0.016667
0 0.639453 0.379861 0.016406 0.016204
0 0.617448 0.521991 0.013542 0.030093
0 0.613672 0.556019 0.013281 0.025000
0 0.731771 0.850463 0.011458 0.028704
0 0.753906 0.861111 0.010417 0.032407
0 0.744922 0.877083 0.008073 0.025463
0 0.739323 0.940278 0.008854 0.030556
0 0.755208 0.981944 0.008854 0.030556
0 0.904036 0.435648 0.010156 0.027778
0 0.941797 0.135880 0.016406 0.017130
