0 0.313542 0.265741 0.016146 0.012037
0 0.562500 0.590278 0.014063 0.027778
0 0.863672 0.244213 0.014844 0.026389
0 0.608073 0.221528 0.015104 0.028241
0 0.385417 0.269444 0.019792 0.012963
0 0.669141 0.176157 0.020052 0.021759
0 0.730469 0.163426 0.019792 0.020370
0 0.966797 0.208102 0.021094 0.014352
0 0.708594 0.889352 0.012500 0.030556
1 0.682943 0.786111 0.033594 0.070370
0 0.713151 0.988194 0.008594 0.023611
0 0.400391 0.440972 0.015365 0.016204
0 0.657682 0.056019 0.011719 0.030556
0 0.796224 0.179861 0.020573 0.021759
0 0.892448 0.362500 0.022917 0.020370
