0 0.930599 0.494907 0.016406 0.024074
0 0.708333 0.672222 0.012500 0.021296
0 0.650911 0.133102 0.015885 0.030093
0 0.588151 0.192824 0.017969 0.021759
0 0.250911 0.579630 0.017969 0.017593
0 0.607292 0.532870 0.013542 0.025926
2 0.688932 0.677778 0.019531 0.032407
0 0.955599 0.130093 0.017969 0.019444
0 0.744922 0.768287 0.010677 0.023611
0 0.752344 0.809259 0.009896 0.025926
0 0.421875 0.569213 0.018750 0.016204
0 0.775391 0.030556 0.015365 0.033333
0 0.676432 0.624074 0.016406 0.019444
0 0.500260 0.569213 0.019271 0.018981
0 0.731120 0.764120 0.010156 0.024537
0 0.384115 0.470139 0.019792 0.018056
0 0.795573 0.032407 0.017708 0.031481
0 0.747135 0.858102 0.009375 0.024537
0 0.857943 0.138426 0.015885 0.024074
0 0.663021 0.071759 0.013542 0.031481
0 0.871615 0.563657 0.015104 0.025463
0 0.761849 0.093519 0.019010 0.018519
0 0.626042 0.209259 0.015104 0.025926
0 0.971224 0.463889 0.017969 0.020370
0 0.953906 0.477315 0.015625 0.018519
0 0.842839 0.715046 0.013281 0.032870
0 0.816797 0.859954 0.013281 0.031019
0 0.751823 0.957870 0.009375 0.027778
0 0.761589 0.928704 0.009115 0.028704
0 0.758333 0.898380 0.008333 0.030093
2 0.757552 0.854630 0.013021 0.037963
2 0.740625 0.891204 0.013021 0.038889
0 0.740104 0.809028 0.009896 0.025463
0 0.728385 0.805324 0.010937 0.029167
0 0.731771 0.721528 0.013021 0.028241
0 0.501953 0.381713 0.017969 0.018056
0 0.454036 0.401389 0.020052 0.018519
0 0.371875 0.403241 0.019271 0.018519
