0 0.935547 0.407176 0.019010 0.018981
0 0.640365 0.697222 0.015625 0.027778
0 0.704167 0.872917 0.010937 0.028241
0 0.556771 0.250694 0.018750 0.019907
0 0.586589 0.498611 0.021094 0.017593
0 0.795443 0.445602 0.020052 0.016204
0 0.631120 0.428009 0.022656 0.014352
0 0.847786 0.188426 0.020052 0.017593
0 0.712500 0.934722 0.008854 0.034259
0 0.296224 0.424306 0.018490 0.013426
0 0.601042 0.670833 0.018750 0.026852
0 0.645182 0.737731 0.015365 0.022685
0 0.711589 0.987731 0.010677 0.024537
0 0.628125 0.213426 0.016667 0.026852
0 0.070052 0.375694 0.018229 0.016204
0 0.352604 0.409954 0.018229 0.016204
0 0.432292 0.261806 0.022917 0.021759
0 0.582031 0.290509 0.014583 0.031944
0 0.659635 0.178472 0.018229 0.023611
0 0.753255 0.032407 0.013281 0.034259
0 0.904297 0.374306 0.019010 0.018981
0 0.688932 0.796296 0.012240 0.035185
0 0.688672 0.916204 0.011198 0.034259
0 0.764323 0.968519 0.013542 0.037963
