0 0.649479 0.716667 0.014063 0.024074
0 0.029427 0.255324 0.018229 0.014352
0 0.571484 0.606713 0.011198 0.018981
0 0.114844 0.257176 0.014583 0.013426
0 0.121224 0.441204 0.018490 0.013889
0 0.689714 0.889583 0.009115 0.023611
0 0.944271 0.307176 0.021354 0.014352
0 0.548177 0.555093 0.010937 0.026852
0 0.246224 0.252083 0.014323 0.011574
0 0.772005 0.125231 0.013802 0.027315
0 0.919271 0.517361 0.014063 0.017130
0 0.741536 0.072222 0.009635 0.023148
0 0.254948 0.588657 0.021875 0.018056
0 0.825911 0.349306 0.017448 0.014352
0 0.680078 0.782639 0.011719 0.025463
0 0.621354 0.078472 0.011979 0.021759
0 0.716927 0.053935 0.014583 0.032870
0 0.752995 0.356250 0.016406 0.012500
0 0.859375 0.183102 0.016667 0.015278
0 0.541276 0.282407 0.012240 0.028704
0 0.622526 0.698611 0.013802 0.020370
2 0.526693 0.235185 0.020052 0.021296
0 0.052604 0.383565 0.014583 0.013426
0 0.257292 0.399537 0.016146 0.014815
0 0.657422 0.762500 0.012760 0.025000
0 0.677734 0.818287 0.011719 0.025463
0 0.755599 0.935417 0.009115 0.023611
0 0.693750 0.960880 0.010417 0.027315
0 0.864453 0.632639 0.010677 0.019907
0 0.316146 0.418981 0.016146 0.014815
0 0.408594 0.405093 0.016146 0.014815
0 0.535417 0.480093 0.016146 0.014815
0 0.433203 0.256250 0.009635 0.012500
0 0.459766 0.257639 0.014323 0.014352
0 0.482422 0.249306 0.014323 0.014352
0 0.500130 0.249769 0.014323 0.014352
0 0.544531 0.348380 0.007812 0.025463
0 0.821224 0.172917 0.014323 0.016204
0 0.782682 0.165509 0.014323 0.016204
