0 0.763672 0.084722 0.017448 0.015741
0 0.657422 0.057407 0.010677 0.020370
0 0.706510 0.674769 0.010937 0.020833
0 0.148568 0.549074 0.016406 0.016667
0 0.675000 0.626620 0.014063 0.019907
0 0.254818 0.563426 0.020052 0.016667
0 0.827604 0.093056 0.016667 0.025926
0 0.812891 0.117130 0.015365 0.022222
0 0.602474 0.536574 0.010156 0.020370
0 0.747917 0.909491 0.008854 0.026389
0 0.736198 0.746528 0.009896 0.023611
0 0.619661 0.578472 0.011198 0.018981
0 0.935286 0.473380 0.014323 0.018056
0 0.579167 0.196528 0.016146 0.014352
0 0.747526 0.800926 0.010156 0.032407
0 0.403255 0.463194 0.020573 0.013426
0 0.586328 0.258796 0.008594 0.025926
0 0.280208 0.462269 0.016146 0.018056
0 0.749479 0.991898 0.006771 0.016204
0 0.291667 0.382176 0.018750 0.016204
0 0.894401 0.117824 0.017969 0.013426
0 0.790234 0.028704 0.013281 0.025926
0 0.220312 0.238889 0.016146 0.012037
0 0.371875 0.395602 0.015104 0.015278
0 0.540495 0.214120 0.013802 0.012500
0 0.758464 0.990972 0.006510 0.017130
0 0.757552 0.909028 0.004687 0.023611
0 0.749609 0.963194 0.006510 0.030093
0 0.740234 0.818287 0.009115 0.021759
0 0.725521 0.756713 0.008333 0.020833
0 0.695833 0.685185 0.013021 0.022222
0 0.605990 0.491898 0.010417 0.019907
0 0.634245 0.174306 0.010156 0.018056
0 0.598828 0.274074 0.008073 0.024074
0 0.560677 0.209491 0.014063 0.013426
0 0.517839 0.218056 0.014844 0.014815
0 0.495052 0.223611 0.016667 0.013889
0 0.327214 0.400694 0.013802 0.014352
0 0.939193 0.121991 0.013802 0.014352
