0 0.628255 0.708333 0.012760 0.020370
0 0.570964 0.606944 0.013802 0.025926
0 0.094531 0.240741 0.016146 0.013889
0 0.728906 0.034722 0.010937 0.025000
0 0.721615 0.074537 0.009375 0.020370
0 0.118750 0.462037 0.016146 0.017593
0 0.665495 0.784259 0.012760 0.025000
0 0.679427 0.830787 0.010417 0.023611
0 0.839844 0.610417 0.014063 0.023611
0 0.707682 0.027083 0.011719 0.025463
0 0.483854 0.247917 0.013021 0.017130
0 0.561719 0.237731 0.010937 0.022685
0 0.579297 0.181944 0.013802 0.026852
0 0.695312 0.370602 0.015625 0.016204
0 0.246875 0.253704 0.016146 0.013889
0 0.316797 0.255556 0.012760 0.014815
0 0.385026 0.251852 0.012760 0.014815
0 0.409766 0.422685 0.012760 0.014815
0 0.536458 0.414352 0.013021 0.014815
0 0.438672 0.257176 0.010156 0.013426
0 0.464323 0.256481 0.014583 0.013889
0 0.499479 0.247917 0.013021 0.017130
0 0.525911 0.234722 0.021094 0.021296
0 0.608854 0.111111 0.011458 0.022222
0 0.657161 0.140972 0.016927 0.019907
0 0.750911 0.092361 0.011719 0.019907
0 0.757031 0.147454 0.017188 0.030093
0 0.768490 0.371528 0.015625 0.016204
0 0.694271 0.943287 0.010417 0.023611
2 0.769661 0.853009 0.017969 0.057870
0 0.856380 0.323380 0.019010 0.018981
