0 0.170573 0.563194 0.015625 0.024537
0 0.430469 0.423843 0.016146 0.014352
0 0.372396 0.262731 0.018229 0.026389
0 0.497396 0.347917 0.019792 0.015278
0 0.388672 0.424306 0.014844 0.015278
0 0.374349 0.461343 0.013802 0.018981
0 0.164193 0.187269 0.017448 0.022685
0 0.121875 0.577546 0.006250 0.025463
0 0.386719 0.646759 0.011458 0.026852
0 0.252474 0.390741 0.010677 0.031481
0 0.447266 0.911343 0.013802 0.017130
0 0.024219 0.345370 0.025000 0.021296
0 0.386719 0.686343 0.009896 0.027315
0 0.328646 0.213194 0.018750 0.024537
0 0.683594 0.123148 0.012500 0.011111
0 0.411849 0.800694 0.011198 0.010648
0 0.252344 0.313194 0.011458 0.029167
0 0.233724 0.943056 0.007552 0.035185
0 0.293099 0.572917 0.014323 0.023611
2 0.542318 0.341204 0.036198 0.018519
0 0.234375 0.852546 0.009375 0.034722
0 0.199219 0.591667 0.019792 0.024074
0 0.474870 0.355093 0.019010 0.014815
0 0.167448 0.213194 0.016146 0.024537
0 0.748698 0.038889 0.015625 0.014815
0 0.431771 0.955556 0.015104 0.011111
0 0.319792 0.549769 0.012500 0.031019
0 0.410417 0.784028 0.015625 0.013426
0 0.376042 0.432870 0.012500 0.018519
0 0.388021 0.760880 0.008854 0.019907
0 0.409896 0.849769 0.014583 0.015278
0 0.412240 0.882407 0.014583 0.015741
0 0.413672 0.834028 0.014323 0.013426
0 0.363672 0.978009 0.008073 0.026389
0 0.436068 0.975926 0.013802 0.013889
0 0.205469 0.181944 0.017188 0.016667
0 0.572917 0.363194 0.021354 0.019907
0 0.731250 0.040046 0.015104 0.018981
0 0.219271 0.568519 0.018750 0.015741
0 0.132943 0.491898 0.016406 0.023611
0 0.256120 0.493519 0.010156 0.026852
0 0.118620 0.243981 0.016927 0.025000
0 0.395443 0.444444 0.014323 0.017593
0 0.384896 0.862269 0.007292 0.021759
0 0.387370 0.722685 0.010677 0.023148
0 0.209245 0.361806 0.010677 0.032870
0 0.365495 0.947917 0.005990 0.022685
0 0.385417 0.937269 0.009375 0.028241
0 0.412370 0.862731 0.013281 0.017130
0 0.456120 0.398148 0.017448 0.011111
0 0.183594 0.634028 0.009896 0.028241
0 0.414193 0.820602 0.014323 0.012500
0 0.385547 0.834028 0.007552 0.021759
0 0.425521 0.892130 0.007292 0.021296
0 0.023047 0.648380 0.013802 0.017130
0 0.021745 0.662269 0.013802 0.017130
0 0.019271 0.681019 0.018229 0.016667
0 0.270443 0.556019 0.014323 0.023148
0 0.239844 0.759491 0.009375 0.034722
0 0.245052 0.899769 0.009375 0.034722
0 0.272917 0.881944 0.012500 0.027778
0 0.251172 0.179167 0.017448 0.016667
0 0.277474 0.190972 0.017448 0.016204
2 0.279167 0.168056 0.027083 0.027778
0 0.276693 0.088194 0.009115 0.026389
0 0.280339 0.123380 0.009115 0.026389
0 0.512370 0.418519 0.017448 0.011111
0 0.684375 0.041204 0.017708 0.018519
0 0.855339 0.154630 0.010677 0.028704
0 0.937891 0.147454 0.010677 0.028241
0 0.948047 0.146991 0.010677 0.028241
