0 0.173698 0.570833 0.016146 0.022222
0 0.387370 0.647222 0.008073 0.026852
0 0.174219 0.103704 0.012500 0.025926
0 0.119922 0.581019 0.008594 0.029630
0 0.686068 0.418056 0.014844 0.016667
0 0.256771 0.353935 0.007812 0.033796
0 0.445964 0.911343 0.014323 0.015278
0 0.411849 0.785648 0.013802 0.014815
0 0.681901 0.128241 0.010677 0.011111
0 0.411849 0.803704 0.014323 0.012037
0 0.790495 0.443056 0.023698 0.020370
0 0.387891 0.687269 0.009115 0.029167
0 0.409245 0.439583 0.014323 0.016204
0 0.296094 0.214815 0.016146 0.023148
0 0.430990 0.956481 0.013542 0.012037
2 0.419271 0.407407 0.022396 0.017593
0 0.386068 0.762269 0.008073 0.021759
0 0.521745 0.403704 0.014844 0.015741
0 0.208073 0.359491 0.008854 0.027315
0 0.049870 0.341204 0.014323 0.013889
0 0.231771 0.987731 0.008333 0.023611
0 0.364974 0.950231 0.007552 0.025463
0 0.441797 0.423380 0.013281 0.014352
0 0.374870 0.437269 0.014844 0.015278
0 0.284896 0.125694 0.012500 0.028241
0 0.413151 0.855324 0.012760 0.012500
0 0.613542 0.427083 0.025000 0.016204
0 0.039714 0.439120 0.016927 0.019907
0 0.411719 0.885417 0.015104 0.014352
0 0.184115 0.844444 0.007812 0.026852
0 0.876823 0.374306 0.017708 0.014352
0 0.385026 0.835880 0.008073 0.021759
0 0.387370 0.723148 0.010156 0.025000
0 0.466016 0.395370 0.013802 0.016667
0 0.335547 0.302083 0.013281 0.031944
0 0.471094 0.419444 0.013021 0.012963
2 0.301172 0.556019 0.014844 0.034259
0 0.385417 0.939815 0.009375 0.027778
0 0.413542 0.870370 0.014583 0.014815
0 0.130469 0.498148 0.015625 0.023148
0 0.243099 0.951389 0.007552 0.026852
0 0.984375 0.457870 0.016667 0.014815
0 0.683073 0.040741 0.016146 0.015741
0 0.435417 0.974074 0.016146 0.012963
0 0.415495 0.840741 0.016406 0.012037
0 0.394792 0.467130 0.013542 0.017593
0 0.369271 0.472454 0.013542 0.019907
0 0.166016 0.528704 0.017969 0.026852
0 0.746615 0.040509 0.011979 0.013426
0 0.385026 0.864120 0.008073 0.022685
0 0.019141 0.683333 0.016927 0.019444
0 0.021615 0.665046 0.013542 0.012500
0 0.022396 0.649769 0.012500 0.012500
0 0.093750 0.306944 0.013542 0.022222
0 0.090365 0.279630 0.016146 0.019444
2 0.127865 0.268519 0.017188 0.025926
0 0.237891 0.845833 0.007552 0.024074
0 0.240365 0.738426 0.007812 0.026852
0 0.268099 0.809954 0.007552 0.018981
0 0.364714 0.979398 0.007552 0.025463
0 0.413672 0.821759 0.014323 0.012037
0 0.329297 0.520833 0.007552 0.019444
0 0.244271 0.516435 0.006250 0.021759
0 0.341146 0.412269 0.008333 0.022685
0 0.381250 0.452083 0.013542 0.019907
0 0.391146 0.422454 0.015104 0.015278
0 0.423568 0.432639 0.013802 0.013426
0 0.733073 0.040509 0.011979 0.013426
0 0.728646 0.174306 0.012500 0.018056
0 0.716276 0.175231 0.010156 0.022685
0 0.854948 0.159491 0.007812 0.022685
0 0.938021 0.144444 0.010417 0.019444
0 0.946875 0.148843 0.012500 0.030093
