0 0.032552 0.393287 0.017188 0.015278
0 0.679688 0.671528 0.011979 0.018056
0 0.794792 0.663889 0.012500 0.013889
0 0.941927 0.505093 0.015625 0.017593
0 0.646615 0.171528 0.012500 0.020833
0 0.746875 0.911343 0.008854 0.021759
0 0.828646 0.109954 0.012500 0.019907
0 0.711198 0.727315 0.008854 0.017593
0 0.608333 0.269907 0.010417 0.022222
0 0.219661 0.571065 0.012240 0.014352
0 0.295182 0.236574 0.014323 0.012963
0 0.014323 0.328472 0.013542 0.016204
0 0.300651 0.568287 0.011198 0.013426
0 0.796224 0.082870 0.011198 0.022222
0 0.726172 0.724769 0.011198 0.020833
0 0.238281 0.240278 0.013542 0.012037
0 0.384245 0.232176 0.014844 0.016204
0 0.835547 0.154167 0.011198 0.020370
0 0.981250 0.145602 0.016667 0.016204
0 0.690755 0.045833 0.014323 0.023148
0 0.918099 0.531250 0.016927 0.019907
0 0.008073 0.234954 0.015625 0.014352
0 0.621615 0.582176 0.011979 0.018056
0 0.748568 0.977546 0.008594 0.020833
0 0.206771 0.387037 0.014583 0.013889
2 0.871224 0.305556 0.027344 0.024074
0 0.765885 0.014120 0.011979 0.013426
0 0.527214 0.440278 0.014323 0.012037
0 0.892448 0.318750 0.016667 0.016204
0 0.900260 0.375231 0.016667 0.016204
0 0.901302 0.424769 0.006771 0.020833
2 0.893880 0.495139 0.020573 0.053241
0 0.632552 0.565972 0.011979 0.018056
0 0.743880 0.777083 0.011198 0.020833
0 0.732682 0.786343 0.011198 0.020833
0 0.751432 0.817824 0.011198 0.020833
0 0.741276 0.839352 0.006510 0.019444
0 0.757031 0.875000 0.006771 0.022222
0 0.759115 0.914583 0.006771 0.022685
0 0.758724 0.945833 0.006510 0.019444
0 0.757682 0.980093 0.006510 0.019444
