0 0.507552 0.572917 0.018750 0.018056
0 0.569922 0.154167 0.014844 0.019444
0 0.746875 0.102546 0.015625 0.014352
0 0.944271 0.496991 0.014583 0.018981
0 0.789974 0.641667 0.016927 0.019444
0 0.735677 0.809028 0.011979 0.026389
0 0.603646 0.108796 0.015625 0.021296
0 0.923698 0.520370 0.016667 0.020370
0 0.750651 0.818056 0.010677 0.028704
0 0.824870 0.139352 0.017969 0.022222
0 0.742969 0.848380 0.009896 0.026389
0 0.719792 0.661343 0.015104 0.017130
0 0.891146 0.521991 0.011979 0.027315
0 0.598568 0.600694 0.016927 0.018981
0 0.563672 0.206019 0.014323 0.015741
0 0.127865 0.433796 0.019271 0.017593
0 0.139714 0.574306 0.015885 0.015278
0 0.781120 0.049769 0.012760 0.028241
0 0.392448 0.573843 0.017708 0.015278
0 0.839323 0.598843 0.016146 0.027315
0 0.448177 0.203009 0.017708 0.015278
0 0.725260 0.760185 0.011979 0.025000
0 0.182422 0.548380 0.018490 0.018981
0 0.297266 0.236111 0.015365 0.013889
0 0.426823 0.463194 0.017188 0.014352
0 0.909375 0.304167 0.017188 0.017593
0 0.901563 0.452778 0.010417 0.026852
0 0.832943 0.866667 0.011198 0.030556
0 0.703776 0.704861 0.013802 0.024537
0 0.714714 0.729861 0.012760 0.025463
0 0.724479 0.719676 0.011979 0.021759
0 0.734245 0.744907 0.013281 0.026852
0 0.743359 0.777083 0.010156 0.024537
0 0.755339 0.856481 0.008594 0.027778
0 0.755859 0.908565 0.008073 0.026389
0 0.744922 0.898843 0.008073 0.026389
0 0.747917 0.931019 0.007812 0.027778
0 0.757812 0.951389 0.007812 0.027778
0 0.748047 0.964583 0.007552 0.031944
0 0.665625 0.434028 0.015104 0.014352
