0 0.652083 0.631481 0.015104 0.022222
0 0.006901 0.554861 0.013281 0.016204
0 0.723698 0.667130 0.015625 0.017593
0 0.716276 0.731713 0.011198 0.022685
0 0.729427 0.777778 0.010937 0.024074
0 0.809115 0.108102 0.016667 0.025463
0 0.817839 0.085880 0.014844 0.025463
0 0.582812 0.204167 0.015625 0.019444
0 0.647005 0.588657 0.012240 0.022685
0 0.166406 0.235880 0.018750 0.017130
0 0.604167 0.120833 0.014583 0.021296
0 0.612500 0.243519 0.012500 0.023148
0 0.841016 0.713889 0.013281 0.025000
0 0.666146 0.143287 0.016146 0.021759
0 0.288411 0.231481 0.017969 0.015741
0 0.616797 0.568750 0.014844 0.026389
0 0.254818 0.213426 0.017448 0.016667
0 0.035937 0.347917 0.019271 0.018981
0 0.858854 0.119213 0.019792 0.018056
0 0.630208 0.204167 0.014063 0.028704
0 0.976693 0.343981 0.021615 0.019444
0 0.738281 0.821065 0.011458 0.026389
0 0.109896 0.565278 0.014063 0.016667
2 0.535026 0.174769 0.021615 0.023611
0 0.636068 0.361806 0.015365 0.017130
0 0.582292 0.321296 0.009896 0.025000
0 0.952344 0.271065 0.015625 0.017130
0 0.877474 0.361343 0.017448 0.018981
0 0.802083 0.050231 0.013021 0.022685
0 0.972917 0.137269 0.017188 0.018981
0 0.758203 0.416435 0.017448 0.018981
0 0.610807 0.505324 0.013281 0.027315
0 0.701562 0.734028 0.013542 0.023611
0 0.725651 0.719676 0.011198 0.022685
0 0.740625 0.769676 0.009896 0.028241
0 0.746094 0.885185 0.009375 0.031481
0 0.757292 0.890509 0.008854 0.027315
0 0.757292 0.960648 0.007812 0.025000
0 0.747656 0.957870 0.007812 0.025000
