0 0.568620 0.655324 0.016406 0.021759
0 0.658073 0.727546 0.013542 0.024537
0 0.619401 0.675694 0.015365 0.017130
0 0.558594 0.590741 0.011458 0.023148
0 0.865495 0.573611 0.016406 0.021296
0 0.466146 0.598380 0.016146 0.018056
0 0.279687 0.578935 0.015104 0.014352
0 0.762760 0.153704 0.013542 0.015741
0 0.613802 0.087731 0.009375 0.021759
0 0.093099 0.235185 0.015885 0.014815
0 0.727214 0.079630 0.011198 0.025926
0 0.812760 0.178009 0.013542 0.016204
0 0.862240 0.502315 0.010417 0.028704
0 0.754427 0.098843 0.012500 0.023611
0 0.660547 0.147454 0.014844 0.015278
0 0.568750 0.561574 0.010937 0.022222
0 0.830078 0.559722 0.013281 0.025000
0 0.739974 0.070833 0.011198 0.025926
0 0.730469 0.037500 0.010417 0.025000
1 0.714193 0.028472 0.019531 0.056019
0 0.822396 0.259491 0.014583 0.028241
0 0.869141 0.328241 0.016927 0.016667
0 0.760807 0.358796 0.013802 0.017593
0 0.798828 0.721296 0.013281 0.025000
0 0.645052 0.734954 0.013542 0.024537
0 0.676562 0.773148 0.010417 0.021296
0 0.669792 0.800694 0.010417 0.026389
0 0.690625 0.825694 0.010417 0.026389
0 0.682161 0.856944 0.009635 0.026852
0 0.688411 0.906250 0.008594 0.027315
0 0.700521 0.898611 0.008333 0.023148
0 0.691667 0.965741 0.008333 0.023148
0 0.700521 0.970370 0.008333 0.025926
0 0.397917 0.403935 0.015104 0.014352
0 0.230208 0.391435 0.015104 0.014352
0 0.385937 0.249769 0.013021 0.014352
0 0.426563 0.252083 0.013021 0.014352
0 0.450521 0.253472 0.013021 0.014352
0 0.493490 0.245602 0.013021 0.014352
0 0.518750 0.242824 0.013021 0.014352
0 0.535677 0.236806 0.013021 0.014352
0 0.567448 0.243056 0.010417 0.021296
0 0.476042 0.253472 0.016667 0.013426
0 0.630208 0.403472 0.015104 0.014352
0 0.178516 0.246296 0.015885 0.014815
