0 0.768099 0.077546 0.013281 0.031944
0 0.591797 0.135417 0.016406 0.019907
0 0.793880 0.092593 0.010677 0.022222
0 0.443099 0.231019 0.016927 0.012963
0 0.688672 0.143056 0.019531 0.024074
0 0.657813 0.684259 0.013542 0.023148
0 0.417969 0.565509 0.018750 0.014352
0 0.903776 0.341204 0.018490 0.018519
0 0.993620 0.328704 0.008594 0.017593
0 0.661458 0.076620 0.013542 0.030093
0 0.705990 0.912500 0.010417 0.035185
0 0.993099 0.188889 0.007031 0.011111
0 0.568750 0.305093 0.011979 0.022222
0 0.760417 0.135185 0.017708 0.017593
0 0.234115 0.196759 0.016667 0.012037
0 0.779036 0.065509 0.011719 0.024537
0 0.709245 0.825231 0.010156 0.024537
0 0.079167 0.308333 0.018750 0.017593
0 0.095573 0.336574 0.018750 0.017593
0 0.373307 0.373611 0.017448 0.014815
0 0.470443 0.385185 0.016927 0.012963
0 0.689453 0.395370 0.016927 0.012963
0 0.595573 0.267130 0.015104 0.028704
0 0.566667 0.221528 0.022917 0.021759
0 0.846875 0.172222 0.017708 0.017593
0 0.695964 0.770602 0.013281 0.030093
0 0.705729 0.973611 0.010417 0.035185
0 0.767188 0.940741 0.010417 0.035185
0 0.881901 0.511343 0.009635 0.027315
0 0.586979 0.530324 0.011458 0.028241
