0 0.667839 0.624074 0.015365 0.019444
0 0.619010 0.559722 0.011979 0.019444
0 0.944401 0.488657 0.014323 0.018981
0 0.712891 0.711574 0.011198 0.027778
0 0.740234 0.740278 0.011198 0.025000
0 0.357812 0.575463 0.016146 0.015741
0 0.885417 0.552546 0.012500 0.024537
0 0.604557 0.183102 0.015365 0.019907
0 0.724089 0.746528 0.011198 0.026389
0 0.716146 0.684722 0.011458 0.021296
0 0.196484 0.450000 0.017969 0.012963
0 0.066276 0.571759 0.011719 0.018519
0 0.453906 0.225463 0.019271 0.018519
0 0.963151 0.462269 0.016406 0.018056
0 0.250651 0.383796 0.015365 0.017593
0 0.799089 0.039120 0.012240 0.026389
0 0.153516 0.550926 0.014323 0.015741
0 0.918099 0.517361 0.014844 0.018981
0 0.804297 0.630093 0.013802 0.015741
0 0.686849 0.114815 0.017448 0.023148
0 0.632682 0.185880 0.013802 0.021759
0 0.781380 0.013657 0.012240 0.026389
0 0.869792 0.114815 0.013021 0.014815
0 0.748828 0.774074 0.008594 0.019444
0 0.742969 0.802083 0.010417 0.026389
0 0.754557 0.804398 0.009115 0.024537
0 0.746745 0.837269 0.008073 0.021759
0 0.752865 0.879398 0.007812 0.021759
0 0.762370 0.904398 0.007031 0.023611
0 0.754427 0.926852 0.007292 0.026852
1 0.842318 0.848148 0.020573 0.060185
0 0.865104 0.728704 0.007292 0.014815
0 0.883854 0.212731 0.010937 0.020833
0 0.744401 0.093519 0.012240 0.012963
0 0.548828 0.172454 0.017969 0.017130
0 0.514974 0.221528 0.023698 0.013426
0 0.418750 0.203935 0.013021 0.010648
0 0.985547 0.119213 0.015885 0.016204
