0 0.925911 0.510185 0.015885 0.021296
0 0.591797 0.192824 0.017969 0.018981
0 0.726172 0.768056 0.011719 0.026852
0 0.633854 0.569213 0.014063 0.023611
0 0.710938 0.721528 0.014583 0.024537
0 0.736719 0.814120 0.010417 0.024537
0 0.189193 0.570833 0.013802 0.014815
0 0.744010 0.782407 0.012500 0.026852
0 0.088411 0.428704 0.015365 0.017593
0 0.617057 0.230324 0.011719 0.024537
0 0.587891 0.149769 0.017448 0.021759
0 0.852083 0.762963 0.012500 0.028704
0 0.735807 0.658333 0.016406 0.015741
0 0.014063 0.231944 0.018229 0.014815
0 0.747005 0.883796 0.009115 0.026852
0 0.642188 0.613426 0.015625 0.027778
0 0.310547 0.396759 0.017969 0.014815
0 0.272786 0.235648 0.017969 0.014815
0 0.616276 0.521759 0.013802 0.024074
0 0.065625 0.234259 0.019271 0.015741
0 0.532031 0.226389 0.016667 0.014815
0 0.686458 0.128704 0.015104 0.019444
0 0.747526 0.925000 0.008594 0.026852
0 0.925521 0.985417 0.028646 0.019907
0 0.072786 0.368981 0.015365 0.017593
0 0.311198 0.464120 0.016667 0.016204
0 0.436068 0.401852 0.017969 0.014815
0 0.455208 0.234722 0.019271 0.014815
0 0.542318 0.184491 0.017969 0.018981
0 0.572526 0.390741 0.017969 0.014815
0 0.605599 0.449074 0.017969 0.014815
0 0.701953 0.410648 0.017969 0.014815
0 0.873177 0.168519 0.014583 0.025926
0 0.977604 0.321296 0.016146 0.016667
0 0.920964 0.582407 0.014844 0.026852
0 0.825781 0.792130 0.012500 0.028704
0 0.600000 0.524306 0.013021 0.023611
0 0.723958 0.714120 0.014583 0.024537
0 0.752083 0.828472 0.010937 0.028241
0 0.757292 0.890972 0.008854 0.031019
0 0.758073 0.940509 0.008333 0.028241
0 0.759115 0.979398 0.008333 0.028241
0 0.748958 0.980324 0.008333 0.028241
