0 0.625260 0.591898 0.014583 0.021759
0 0.263411 0.178472 0.019531 0.013426
0 0.123307 0.495833 0.019531 0.018519
0 0.186979 0.343981 0.018750 0.014815
0 0.755729 0.318981 0.019792 0.015741
0 0.667448 0.661111 0.013021 0.025000
0 0.609505 0.160880 0.014323 0.021759
0 0.671354 0.416435 0.019271 0.015278
0 0.577865 0.423611 0.017708 0.016667
0 0.756771 0.397685 0.021354 0.015741
0 0.629167 0.358102 0.019792 0.016204
0 0.881510 0.136574 0.019271 0.019444
0 0.993099 0.309491 0.013802 0.017130
0 0.365365 0.367593 0.018750 0.014815
0 0.581250 0.499074 0.011979 0.026852
0 0.655990 0.677315 0.013021 0.025000
0 0.694531 0.722685 0.013021 0.025000
0 0.684115 0.740278 0.013021 0.025000
0 0.708073 0.783796 0.010937 0.027778
0 0.697135 0.796759 0.010937 0.027778
0 0.713281 0.827778 0.010937 0.027778
0 0.715755 0.876389 0.009115 0.030556
0 0.705859 0.876389 0.009115 0.030556
0 0.714193 0.931944 0.009115 0.030556
0 0.760286 0.936111 0.009115 0.030556
0 0.714453 0.984722 0.009115 0.030556
