0 0.558854 0.580093 0.015104 0.014815
0 0.593880 0.595370 0.015885 0.017593
0 0.823438 0.640972 0.015104 0.020833
0 0.663542 0.147685 0.014583 0.021296
0 0.159115 0.567130 0.018750 0.014815
0 0.261589 0.580324 0.017448 0.016204
0 0.901823 0.516898 0.013021 0.029167
0 0.169141 0.423843 0.015885 0.016204
0 0.641016 0.607870 0.014323 0.023148
0 0.046745 0.566204 0.017448 0.016667
0 0.109245 0.239583 0.020052 0.017130
0 0.748437 0.797685 0.010417 0.025000
0 0.592318 0.256944 0.011198 0.025000
0 0.466146 0.567593 0.015104 0.015741
0 0.753385 0.836111 0.010417 0.025926
0 0.142057 0.436574 0.016927 0.015741
0 0.985807 0.461343 0.013281 0.014352
0 0.605990 0.365046 0.017708 0.015278
0 0.728906 0.726389 0.010937 0.023148
0 0.587109 0.319213 0.012240 0.030093
0 0.741276 0.767361 0.011198 0.023611
0 0.187370 0.223148 0.016927 0.012963
0 0.025000 0.237500 0.017188 0.016667
0 0.340625 0.382176 0.016667 0.013426
0 0.484375 0.400000 0.016146 0.012963
0 0.836198 0.145139 0.012500 0.020833
0 0.881510 0.229167 0.015104 0.029630
0 0.874219 0.534954 0.013021 0.029167
0 0.899870 0.425231 0.010156 0.024537
0 0.669922 0.621759 0.014323 0.023148
0 0.691276 0.688194 0.014323 0.025463
0 0.712500 0.729167 0.011979 0.026852
0 0.731250 0.783796 0.010937 0.026852
0 0.738021 0.819907 0.009375 0.025926
0 0.757422 0.881713 0.009115 0.029167
0 0.745182 0.872454 0.009115 0.029167
0 0.758984 0.953935 0.008073 0.027315
0 0.748828 0.948380 0.008073 0.027315
0 0.757161 0.986343 0.008073 0.027315
0 0.810026 0.946759 0.008594 0.020370
