0 0.822526 0.730556 0.017448 0.028704
0 0.151823 0.383102 0.022396 0.015278
0 0.697656 0.836111 0.013021 0.027778
0 0.847266 0.207639 0.020573 0.022685
0 0.526172 0.262037 0.021094 0.015741
0 0.683854 0.168981 0.019271 0.021296
0 0.185417 0.413657 0.021354 0.014352
0 0.593490 0.237731 0.021354 0.024537
0 0.782422 0.974769 0.013802 0.033796
0 0.644792 0.103241 0.014063 0.034259
0 0.624740 0.675231 0.016146 0.025463
0 0.296094 0.491898 0.021354 0.014352
0 0.717318 0.161343 0.015885 0.014352
0 0.759505 0.158796 0.017969 0.015741
0 0.927995 0.219444 0.017969 0.015741
0 0.764193 0.083333 0.015365 0.026852
0 0.773828 0.111806 0.015885 0.031944
0 0.640104 0.702083 0.016146 0.025463
