0 0.716016 0.145833 0.015885 0.013889
0 0.491797 0.612963 0.014323 0.017593
0 0.655208 0.684259 0.016146 0.015741
0 0.597917 0.154167 0.012500 0.025000
0 0.006380 0.351157 0.012240 0.020833
0 0.295443 0.596991 0.015885 0.015278
0 0.660807 0.767361 0.012760 0.024537
0 0.187500 0.453935 0.019792 0.015278
0 0.694271 0.974306 0.009896 0.024537
0 0.695182 0.845833 0.010677 0.023148
0 0.738802 0.703704 0.015104 0.015741
0 0.683854 0.791435 0.009375 0.020833
0 0.606510 0.202546 0.011979 0.023611
0 0.722526 0.019213 0.010156 0.023611
0 0.608594 0.396065 0.020313 0.017130
0 0.709115 0.025463 0.009896 0.026852
0 0.717708 0.057176 0.010937 0.026389
0 0.733464 0.053704 0.008594 0.023148
0 0.746224 0.085185 0.012240 0.027778
0 0.731641 0.093519 0.012240 0.027778
0 0.768880 0.164120 0.011198 0.017130
0 0.831901 0.177315 0.014844 0.018519
0 0.873828 0.180556 0.014844 0.018519
2 0.851823 0.275000 0.020313 0.043519
0 0.645182 0.163657 0.013802 0.018981
0 0.615495 0.070139 0.012760 0.031019
2 0.530078 0.239815 0.029948 0.032407
2 0.499740 0.251157 0.027083 0.026389
0 0.660286 0.403935 0.018490 0.018056
2 0.513411 0.423843 0.023698 0.018981
0 0.822526 0.638426 0.010677 0.025000
0 0.826823 0.732407 0.011979 0.025000
0 0.851562 0.467593 0.008854 0.025000
0 0.809375 0.790509 0.014583 0.035648
0 0.691797 0.925926 0.007031 0.028704
0 0.687891 0.871759 0.008594 0.026852
0 0.681380 0.835648 0.010677 0.023148
0 0.670964 0.798611 0.010677 0.023148
0 0.647917 0.774537 0.015104 0.024074
0 0.677734 0.769213 0.012760 0.024537
0 0.073568 0.371065 0.015885 0.015278
0 0.468620 0.262963 0.015885 0.015741
0 0.444661 0.258333 0.015885 0.015741
0 0.420703 0.260648 0.015885 0.015741
0 0.387500 0.258333 0.014063 0.014815
