0 0.665104 0.736574 0.011458 0.024074
0 0.652604 0.156713 0.016146 0.017130
0 0.572266 0.214583 0.013802 0.018981
0 0.426823 0.600000 0.018229 0.016667
0 0.854427 0.518287 0.010937 0.023611
0 0.161589 0.251620 0.019010 0.012500
0 0.619010 0.680324 0.015625 0.018056
0 0.645052 0.738889 0.012500 0.021296
0 0.550911 0.566435 0.010677 0.015278
0 0.733464 0.095139 0.010156 0.022685
0 0.321615 0.254167 0.017188 0.015741
0 0.691406 0.832407 0.008333 0.027778
0 0.678646 0.782639 0.010417 0.023611
0 0.922656 0.191435 0.014583 0.014352
0 0.698177 0.874074 0.008854 0.026852
0 0.053125 0.249074 0.013542 0.014815
0 0.238411 0.254398 0.014844 0.012500
0 0.452865 0.488889 0.017188 0.014815
0 0.775391 0.159028 0.015365 0.018056
0 0.675781 0.811806 0.014063 0.038426
0 0.661198 0.772454 0.011458 0.021759
0 0.380990 0.593750 0.015625 0.014352
0 0.418620 0.257176 0.011198 0.014352
0 0.477865 0.256481 0.017188 0.014815
0 0.472786 0.218750 0.014844 0.017130
0 0.510156 0.246759 0.014583 0.014815
0 0.542188 0.230556 0.014583 0.014815
0 0.568490 0.481481 0.016146 0.014815
0 0.637240 0.062037 0.010417 0.021296
0 0.875260 0.193750 0.014583 0.014352
0 0.583333 0.601620 0.012500 0.023611
0 0.679688 0.900000 0.008333 0.027778
0 0.702083 0.918981 0.008854 0.026852
0 0.694792 0.962037 0.008854 0.026852
0 0.704948 0.958796 0.008854 0.026852
0 0.782943 0.795833 0.009635 0.023148
