0 0.050781 0.218519 0.020833 0.015741
0 0.587109 0.178009 0.016406 0.019907
0 0.211849 0.437500 0.018490 0.013889
0 0.694141 0.676620 0.018490 0.015278
0 0.925521 0.529167 0.015104 0.016667
0 0.696875 0.731713 0.014583 0.028241
0 0.701172 0.783333 0.014323 0.029630
0 0.637240 0.681481 0.015104 0.027778
0 0.336458 0.446065 0.018229 0.014352
0 0.341406 0.469213 0.016667 0.014352
0 0.641016 0.136574 0.016927 0.025000
2 0.892839 0.523611 0.020573 0.057407
0 0.655208 0.034028 0.011979 0.028241
0 0.952344 0.137731 0.018229 0.014352
0 0.355339 0.580093 0.020573 0.016667
0 0.836979 0.118750 0.021354 0.018981
0 0.722917 0.799537 0.012500 0.028704
0 0.658984 0.664815 0.035677 0.054630
0 0.213932 0.388657 0.017448 0.016204
0 0.479167 0.587037 0.020833 0.015741
0 0.573698 0.390741 0.020833 0.015741
0 0.406771 0.198148 0.020833 0.015741
0 0.895182 0.300231 0.016406 0.019907
0 0.863411 0.333565 0.016406 0.019907
0 0.871745 0.184954 0.016927 0.027315
0 0.806380 0.067824 0.016927 0.027315
0 0.679948 0.736806 0.014583 0.028241
0 0.732422 0.853472 0.008594 0.027315
0 0.739714 0.900694 0.008594 0.029167
0 0.738411 0.952546 0.008594 0.029167
0 0.794922 0.947917 0.008594 0.029167
0 0.720703 0.855324 0.008594 0.029167
