0 0.688802 0.651852 0.014583 0.015741
0 0.631120 0.166667 0.013281 0.018519
0 0.806771 0.107639 0.012500 0.018981
0 0.211589 0.572917 0.015365 0.013426
0 0.703385 0.709954 0.012500 0.019907
0 0.474089 0.569907 0.015365 0.015741
0 0.745703 0.909491 0.008594 0.021759
0 0.669010 0.127778 0.013542 0.021296
0 0.923698 0.522454 0.015625 0.018981
0 0.616016 0.612500 0.014323 0.018519
0 0.773307 0.043750 0.014323 0.025463
0 0.757812 0.970602 0.009375 0.024537
0 0.721745 0.715046 0.010677 0.018981
0 0.733594 0.799769 0.009375 0.021759
2 0.403255 0.570833 0.032552 0.018519
0 0.848698 0.623148 0.013542 0.019444
0 0.511849 0.223843 0.015885 0.014352
0 0.652604 0.023611 0.012500 0.023148
0 0.848568 0.789352 0.011198 0.027778
0 0.967187 0.480556 0.014063 0.016667
0 0.634375 0.361806 0.014063 0.016204
0 0.019531 0.243056 0.013021 0.012037
0 0.716797 0.744444 0.009115 0.022222
0 0.738281 0.979167 0.009896 0.020370
0 0.562240 0.587037 0.016146 0.016667
0 0.327214 0.381019 0.012240 0.012037
0 0.348828 0.401852 0.012240 0.012037
0 0.375911 0.230556 0.012240 0.012037
0 0.530078 0.189583 0.015885 0.014352
0 0.569661 0.209028 0.015885 0.014352
0 0.620833 0.443750 0.014063 0.016204
0 0.870573 0.208102 0.012500 0.018981
0 0.992969 0.459491 0.014063 0.017130
0 0.761198 0.656019 0.014583 0.015741
0 0.732161 0.745370 0.009115 0.022222
0 0.726432 0.773611 0.009115 0.022222
0 0.741276 0.772685 0.009115 0.022222
0 0.750000 0.810880 0.009375 0.021759
0 0.739844 0.833102 0.009375 0.021759
0 0.754687 0.848380 0.009375 0.021759
0 0.743750 0.867361 0.009375 0.021759
0 0.756250 0.876620 0.009375 0.021759
0 0.755208 0.913657 0.009375 0.021759
0 0.748958 0.946991 0.009375 0.021759
