0 0.684635 0.664815 0.011979 0.016667
0 0.649479 0.135880 0.014063 0.019907
0 0.630469 0.590509 0.013021 0.018056
0 0.253776 0.579167 0.013281 0.013889
0 0.789844 0.094676 0.016667 0.019907
0 0.744010 0.083796 0.015625 0.012963
0 0.985417 0.450694 0.016146 0.015278
0 0.928906 0.503009 0.012500 0.018056
0 0.729818 0.714120 0.011719 0.022685
1 0.887370 0.658333 0.025781 0.059259
0 0.595573 0.188657 0.018229 0.019907
0 0.723958 0.741667 0.012500 0.025000
0 0.752604 0.891667 0.007812 0.025926
0 0.851302 0.113889 0.013542 0.013889
0 0.551432 0.205556 0.016406 0.017593
0 0.324219 0.571296 0.016146 0.016667
0 0.735547 0.782639 0.011198 0.020833
0 0.521484 0.571759 0.016927 0.012963
0 0.237240 0.221065 0.016146 0.015278
0 0.844922 0.297917 0.015885 0.015278
0 0.741927 0.750694 0.012500 0.024537
0 0.391146 0.230093 0.016146 0.012963
0 0.413802 0.462037 0.016667 0.012037
0 0.752604 0.798843 0.010937 0.026389
0 0.796354 0.037269 0.013021 0.024537
0 0.888932 0.484028 0.011719 0.021759
0 0.896354 0.121065 0.017188 0.016204
0 0.736719 0.350694 0.017188 0.016204
0 0.858984 0.661111 0.012760 0.035185
0 0.781641 0.010880 0.011198 0.020833
0 0.956250 0.117824 0.020833 0.014352
0 0.744271 0.818750 0.008854 0.026389
0 0.758464 0.838194 0.009115 0.025463
0 0.748437 0.856944 0.008854 0.023148
0 0.752474 0.925463 0.007552 0.023148
0 0.763411 0.949306 0.007031 0.019907
0 0.764323 0.989583 0.007812 0.020833
0 0.801042 0.990046 0.009896 0.018056
0 0.795182 0.636111 0.015885 0.014815
0 0.643620 0.571991 0.010156 0.020833
0 0.933333 0.550926 0.010417 0.018519
0 0.458333 0.224769 0.021875 0.014352
0 0.411589 0.201620 0.013802 0.010648
