0 0.843880 0.588889 0.014323 0.022222
0 0.610938 0.559954 0.019792 0.031944
0 0.742578 0.786343 0.009115 0.021759
0 0.774219 0.646528 0.016146 0.014352
0 0.903385 0.523148 0.015625 0.017593
0 0.747005 0.091898 0.016927 0.019907
0 0.252734 0.571065 0.022656 0.018981
0 0.673307 0.686343 0.016406 0.020833
0 0.639193 0.159954 0.014844 0.020833
0 0.634245 0.635648 0.018490 0.023148
0 0.182812 0.566898 0.021875 0.018981
0 0.724740 0.725000 0.009896 0.022222
0 0.120833 0.231019 0.022917 0.015741
0 0.441797 0.565972 0.017448 0.018981
0 0.541146 0.574769 0.015104 0.014352
0 0.816406 0.817593 0.009896 0.022222
0 0.576302 0.200231 0.021354 0.018981
0 0.777995 0.111111 0.013281 0.017593
0 0.799219 0.047685 0.013021 0.022222
0 0.684766 0.674769 0.019010 0.020833
0 0.864453 0.644444 0.011719 0.025000
0 0.815365 0.398611 0.019271 0.016667
0 0.511198 0.218519 0.024479 0.021296
0 0.619271 0.428472 0.021875 0.014352
0 0.538151 0.213889 0.024740 0.021296
0 0.588672 0.304861 0.018490 0.027315
0 0.663802 0.076852 0.015104 0.034259
0 0.876953 0.233333 0.018490 0.022222
0 0.765365 0.333796 0.019792 0.021296
0 0.780469 0.010417 0.014583 0.019907
0 0.805599 0.121759 0.015365 0.018519
1 0.658203 0.610880 0.037240 0.048611
0 0.722396 0.755787 0.013021 0.026389
0 0.735938 0.823380 0.008333 0.026389
0 0.740495 0.859954 0.011719 0.027315
0 0.752734 0.869676 0.008073 0.026389
0 0.734766 0.893287 0.016406 0.041204
0 0.756380 0.961111 0.010677 0.030556
0 0.744661 0.992593 0.012240 0.014815
