0 0.092708 0.255556 0.020833 0.015741
0 0.673958 0.760880 0.010937 0.022685
0 0.614323 0.669444 0.015625 0.017593
0 0.692708 0.929630 0.008333 0.022222
0 0.558464 0.580556 0.012240 0.021296
0 0.688932 0.888426 0.008073 0.022222
0 0.193229 0.236806 0.015625 0.014352
0 0.405339 0.598148 0.014323 0.021296
0 0.726172 0.084722 0.012760 0.025926
0 0.948958 0.181019 0.018229 0.015741
0 0.884896 0.606944 0.013542 0.023148
0 0.464583 0.600463 0.018229 0.016667
0 0.243750 0.239815 0.018750 0.016667
2 0.841146 0.606481 0.023958 0.050926
0 0.795312 0.203241 0.014583 0.023148
0 0.682292 0.846296 0.009375 0.023148
0 0.632812 0.716667 0.015625 0.021296
0 0.645833 0.702778 0.012500 0.017593
0 0.743620 0.071759 0.010156 0.022222
0 0.377734 0.259028 0.014323 0.016204
0 0.815625 0.195370 0.014583 0.022222
0 0.036068 0.536574 0.017448 0.017593
0 0.610026 0.390741 0.017448 0.013889
0 0.764714 0.112500 0.012760 0.025926
0 0.777083 0.176389 0.011979 0.022222
0 0.708464 0.027778 0.011719 0.026852
2 0.600911 0.187963 0.027344 0.033333
2 0.547917 0.231250 0.025521 0.029167
0 0.578906 0.248148 0.014063 0.025926
0 0.682943 0.380093 0.017448 0.013889
0 0.587500 0.615046 0.014583 0.022685
0 0.662240 0.776620 0.010937 0.022685
0 0.690104 0.818287 0.010937 0.022685
0 0.694922 0.967361 0.008073 0.022685
0 0.943229 0.545370 0.013542 0.018519
0 0.900000 0.589352 0.013542 0.018519
0 0.196615 0.412963 0.018229 0.024074
0 0.334505 0.232407 0.013281 0.013889
0 0.398307 0.256713 0.014323 0.016204
0 0.420312 0.259028 0.017188 0.017130
0 0.443099 0.225694 0.013802 0.018056
0 0.456380 0.257639 0.016927 0.018981
0 0.492057 0.259491 0.016927 0.018981
