0 0.850130 0.545139 0.010677 0.022685
0 0.616276 0.706481 0.013281 0.020370
0 0.670052 0.795602 0.011458 0.023611
0 0.672917 0.760185 0.011458 0.024074
0 0.935807 0.173380 0.016927 0.014352
0 0.648307 0.776620 0.012240 0.026389
0 0.638281 0.718981 0.013542 0.020370
0 0.923568 0.511343 0.014844 0.018981
0 0.014453 0.354167 0.015365 0.017593
0 0.440234 0.597454 0.015365 0.016204
0 0.681380 0.839352 0.009115 0.025000
0 0.411328 0.253704 0.014844 0.014815
0 0.581771 0.186806 0.013021 0.026389
0 0.347526 0.406713 0.017969 0.014352
0 0.604948 0.661343 0.013021 0.018981
0 0.739323 0.071759 0.013021 0.025926
0 0.842839 0.408102 0.016406 0.017130
0 0.445052 0.255093 0.013021 0.015741
0 0.983073 0.158565 0.016146 0.014352
0 0.888672 0.369907 0.015885 0.015741
0 0.764453 0.353704 0.015885 0.015741
0 0.805078 0.220370 0.012760 0.024074
0 0.787760 0.153241 0.013021 0.022222
0 0.746615 0.126389 0.013021 0.022222
0 0.715104 0.012037 0.009896 0.023148
0 0.537500 0.229167 0.020313 0.025926
0 0.514453 0.194676 0.014323 0.017130
0 0.500911 0.247917 0.014323 0.017130
0 0.485026 0.246065 0.014323 0.017130
0 0.464453 0.253472 0.014323 0.017130
0 0.389714 0.255093 0.014844 0.014815
0 0.358464 0.252315 0.014844 0.014815
0 0.342187 0.229398 0.016146 0.014352
0 0.182552 0.409259 0.016146 0.015741
0 0.483984 0.602546 0.015365 0.016204
0 0.548177 0.547917 0.011458 0.020833
0 0.690234 0.902315 0.009115 0.025000
0 0.693620 0.958333 0.009115 0.025000
0 0.816406 0.744676 0.008333 0.020833
0 0.811198 0.669213 0.008333 0.020833
0 0.811589 0.597917 0.017448 0.031944
0 0.847266 0.480324 0.010677 0.022685
