0 0.669401 0.746759 0.014844 0.027778
1 0.608594 0.689120 0.022396 0.024537
0 0.434896 0.613194 0.016146 0.012500
0 0.774870 0.164352 0.017448 0.014815
0 0.821224 0.189583 0.015365 0.020833
0 0.926693 0.615741 0.017448 0.025000
0 0.927344 0.222222 0.017708 0.014815
0 0.717318 0.464120 0.017448 0.016204
0 0.980469 0.212731 0.016146 0.015278
0 0.464714 0.510417 0.022656 0.018056
0 0.763542 0.475231 0.018750 0.015278
0 0.719922 0.163889 0.013802 0.012037
0 0.602214 0.437269 0.019531 0.015278
0 0.826172 0.742130 0.013802 0.031481
0 0.754427 0.418519 0.020313 0.018519
0 0.256120 0.471065 0.017448 0.012500
0 0.779818 0.390741 0.020573 0.015741
0 0.389323 0.420602 0.015625 0.011574
0 0.402474 0.440972 0.015365 0.011574
0 0.379167 0.496065 0.018229 0.013426
0 0.648698 0.746991 0.012500 0.024537
0 0.685677 0.799769 0.009896 0.026389
0 0.680469 0.831019 0.009375 0.030556
0 0.698568 0.838889 0.008073 0.024074
0 0.712370 0.959722 0.008073 0.024074
0 0.704818 0.886111 0.008073 0.024074
0 0.586068 0.283796 0.014323 0.027778
0 0.814193 0.230093 0.010156 0.020370
