0 0.931250 0.506944 0.012500 0.014815
0 0.814193 0.110648 0.011719 0.023148
0 0.664974 0.646759 0.013802 0.018519
0 0.748047 0.789120 0.008073 0.018981
0 0.708073 0.722685 0.009896 0.021296
0 0.210547 0.221991 0.015365 0.015278
0 0.720964 0.707639 0.010677 0.024537
0 0.592057 0.206019 0.013802 0.017593
0 0.893620 0.559722 0.012760 0.016667
0 0.835807 0.096296 0.013802 0.020370
0 0.686719 0.124306 0.015104 0.024537
0 0.733594 0.790741 0.009375 0.020370
0 0.848047 0.163657 0.013802 0.018981
0 0.565495 0.215509 0.012760 0.015278
0 0.756250 0.843056 0.008333 0.027778
0 0.658984 0.156019 0.013802 0.024074
0 0.768359 0.012037 0.013802 0.023148
0 0.352865 0.573611 0.013021 0.015741
0 0.074089 0.231713 0.016406 0.016204
0 0.667448 0.057870 0.012500 0.022222
0 0.015885 0.562731 0.016667 0.012500
0 0.751042 0.952546 0.009375 0.022685
0 0.335417 0.406713 0.014583 0.018056
0 0.068620 0.954861 0.016406 0.020833
0 0.807422 0.940509 0.009115 0.026389
1 0.849349 0.601620 0.035156 0.044907
0 0.634766 0.198611 0.011719 0.022222
0 0.869141 0.203935 0.015365 0.019907
0 0.440755 0.403009 0.015365 0.015278
0 0.514193 0.187731 0.012760 0.015278
0 0.582682 0.388657 0.015365 0.015278
0 0.798177 0.037731 0.009896 0.018981
0 0.682422 0.641667 0.013802 0.018519
0 0.639714 0.566667 0.013802 0.018519
0 0.602083 0.530556 0.012500 0.019444
0 0.621875 0.529630 0.012500 0.019444
0 0.759766 0.991667 0.007031 0.016667
0 0.746094 0.868056 0.008854 0.021296
