1 0.393229 0.587731 0.040104 0.023611
0 0.686719 0.872917 0.009375 0.027315
0 0.636719 0.685648 0.012500 0.020370
0 0.942969 0.541898 0.016146 0.019907
0 0.570573 0.213657 0.014583 0.016204
0 0.549219 0.634028 0.014063 0.017130
0 0.707031 0.688194 0.015625 0.014352
0 0.594792 0.160880 0.012500 0.021759
0 0.627083 0.170370 0.013021 0.016667
0 0.653385 0.750231 0.011979 0.020833
0 0.573438 0.131713 0.015104 0.020833
0 0.932682 0.511343 0.014323 0.018981
0 0.105208 0.240278 0.017188 0.014815
0 0.196484 0.458102 0.019531 0.017130
0 0.622526 0.711343 0.012760 0.024537
0 0.564193 0.584491 0.012240 0.022685
0 0.692057 0.940509 0.008073 0.026389
0 0.057422 0.225000 0.015365 0.017593
0 0.673307 0.760185 0.011719 0.021296
0 0.679036 0.828241 0.009115 0.025000
0 0.779687 0.153935 0.016667 0.018056
0 0.362630 0.417593 0.018490 0.016667
0 0.953906 0.987500 0.025521 0.017593
0 0.223047 0.225231 0.014844 0.013426
0 0.294271 0.225926 0.018229 0.015741
0 0.313542 0.246991 0.014063 0.014352
0 0.359375 0.224306 0.014063 0.014352
0 0.390365 0.222454 0.014063 0.014352
0 0.388021 0.246528 0.014063 0.014352
0 0.362500 0.398611 0.017708 0.017593
0 0.601042 0.628241 0.013021 0.023148
0 0.464062 0.248380 0.014063 0.014352
0 0.488802 0.209491 0.014063 0.014352
0 0.531901 0.186111 0.015365 0.019444
0 0.528125 0.237269 0.015104 0.018056
2 0.426172 0.250000 0.022656 0.018519
0 0.667188 0.144444 0.014583 0.017593
0 0.712891 0.025000 0.009635 0.025926
0 0.722005 0.057870 0.009635 0.025926
0 0.731120 0.089120 0.010156 0.024537
0 0.754297 0.091667 0.011719 0.022222
0 0.866406 0.475000 0.010937 0.031481
0 0.778906 0.925694 0.010417 0.025463
0 0.689714 0.822685 0.011198 0.026852
0 0.698047 0.869907 0.008594 0.023148
0 0.700911 0.909259 0.008594 0.023148
0 0.702734 0.949769 0.008073 0.026389
0 0.702474 0.984028 0.008073 0.026389
