0 0.363932 0.257870 0.013802 0.024074
0 0.573568 0.345602 0.017448 0.016204
0 0.498568 0.336111 0.017969 0.015741
0 0.331771 0.214815 0.015104 0.025926
0 0.248568 0.567824 0.016406 0.016204
0 0.120052 0.412269 0.011458 0.031019
0 0.319792 0.501389 0.015625 0.023148
0 0.410547 0.782639 0.016406 0.014352
0 0.411198 0.803009 0.014583 0.012500
0 0.119531 0.578241 0.010937 0.030556
0 0.684375 0.037037 0.016667 0.014815
0 0.412500 0.853009 0.014583 0.015278
0 0.651563 0.349537 0.017188 0.014815
0 0.206771 0.356713 0.008854 0.029167
0 0.745703 0.034491 0.014323 0.015278
0 0.430078 0.955556 0.017969 0.015741
0 0.386979 0.645833 0.009896 0.031481
0 0.411719 0.434722 0.013542 0.016667
0 0.426693 0.401157 0.015365 0.016204
0 0.384896 0.759722 0.007812 0.025926
0 0.290755 0.115972 0.011198 0.031019
0 0.445182 0.909722 0.016927 0.017593
0 0.766406 0.418287 0.017708 0.018981
0 0.363542 0.947454 0.007292 0.026389
0 0.387240 0.683796 0.008854 0.027778
0 0.433984 0.972685 0.017448 0.015741
0 0.135156 0.528009 0.018750 0.026389
0 0.401562 0.410417 0.013542 0.018981
1 0.345313 0.371528 0.014063 0.048611
0 0.411458 0.868750 0.014583 0.012500
0 0.414062 0.837269 0.015625 0.014352
0 0.316927 0.537269 0.015625 0.024537
0 0.363542 0.977778 0.010417 0.028704
0 0.854427 0.151157 0.010937 0.026389
0 0.380859 0.427778 0.016406 0.017593
0 0.731641 0.036806 0.014323 0.015278
0 0.384896 0.938657 0.009375 0.029167
0 0.546875 0.425231 0.016146 0.015278
0 0.488281 0.397454 0.019271 0.013426
0 0.569531 0.273611 0.011458 0.018519
0 0.277474 0.109954 0.011198 0.031019
0 0.443490 0.923380 0.018750 0.014352
0 0.133594 0.496528 0.016667 0.021759
0 0.092318 0.481019 0.015365 0.024074
0 0.378516 0.460185 0.014844 0.021296
0 0.757943 0.436574 0.016406 0.020370
0 0.020964 0.648380 0.015885 0.015278
0 0.386979 0.720139 0.007812 0.026389
0 0.727734 0.168981 0.012240 0.022222
0 0.714844 0.170139 0.013021 0.026389
0 0.949609 0.141898 0.009115 0.029167
0 0.937500 0.138889 0.011458 0.026852
0 0.661458 0.368519 0.017188 0.014815
0 0.680599 0.351389 0.019531 0.015741
0 0.680990 0.123843 0.015625 0.015278
0 0.472266 0.343056 0.017969 0.015741
0 0.299349 0.200231 0.014844 0.031019
0 0.261198 0.032870 0.008854 0.031481
0 0.271354 0.750231 0.009375 0.029167
0 0.383333 0.834722 0.007812 0.025926
0 0.383073 0.862963 0.007812 0.025926
0 0.412760 0.819676 0.014583 0.012500
0 0.410677 0.882639 0.014583 0.012500
0 0.019401 0.665046 0.015885 0.015278
0 0.017839 0.682176 0.019010 0.016204
