0 0.589193 0.201852 0.013802 0.022222
0 0.690365 0.834954 0.010417 0.026389
0 0.853516 0.467130 0.009115 0.021296
0 0.787109 0.670833 0.011719 0.016667
0 0.228906 0.229398 0.018229 0.016204
0 0.449349 0.593519 0.014323 0.016667
0 0.650130 0.709259 0.013281 0.022222
0 0.657161 0.764120 0.011719 0.022685
0 0.562370 0.641898 0.013281 0.018056
0 0.632292 0.717593 0.014583 0.022222
1 0.882552 0.557870 0.027083 0.028704
0 0.344010 0.591435 0.014583 0.016204
0 0.634505 0.069676 0.010677 0.026389
0 0.684766 0.881713 0.007552 0.024537
0 0.350911 0.230324 0.016406 0.012500
0 0.697266 0.903241 0.009115 0.024074
0 0.792578 0.172685 0.015885 0.017593
0 0.678516 0.785185 0.011719 0.024074
0 0.283333 0.595370 0.014063 0.015741
0 0.112891 0.570602 0.016406 0.015278
0 0.675521 0.817361 0.012500 0.027315
0 0.603125 0.655787 0.015104 0.017130
0 0.403776 0.255324 0.011719 0.016204
0 0.201693 0.587963 0.012760 0.013889
0 0.358854 0.480324 0.016146 0.016204
2 0.369792 0.249769 0.030208 0.022685
2 0.451042 0.253009 0.030208 0.022685
0 0.501042 0.247917 0.014583 0.015278
0 0.529427 0.239583 0.014583 0.015278
0 0.752734 0.165046 0.012760 0.017130
0 0.736979 0.115509 0.011458 0.020833
0 0.755469 0.100694 0.013542 0.024537
0 0.741276 0.069213 0.010677 0.023611
0 0.720443 0.066435 0.010156 0.019907
0 0.710547 0.026389 0.010156 0.024074
0 0.726432 0.030093 0.010156 0.024074
2 0.819010 0.237731 0.022396 0.039352
0 0.716276 0.371759 0.015365 0.013889
0 0.874089 0.344907 0.015365 0.013889
0 0.763151 0.873843 0.009635 0.021759
0 0.689193 0.930324 0.007552 0.024537
0 0.689453 0.966435 0.007552 0.024537
0 0.701172 0.983102 0.007552 0.024537
0 0.699870 0.951620 0.007552 0.024537
