0 0.650521 0.630093 0.016146 0.018519
0 0.919401 0.516204 0.014844 0.018519
0 0.931250 0.497222 0.016667 0.020370
0 0.644401 0.094676 0.012240 0.026389
0 0.608724 0.188194 0.013281 0.027315
0 0.600391 0.605787 0.014323 0.018981
0 0.155729 0.444444 0.020833 0.017593
0 0.731641 0.740509 0.010677 0.025463
0 0.317969 0.571528 0.017188 0.013426
0 0.695443 0.117361 0.015885 0.019907
0 0.858203 0.635648 0.011719 0.024074
0 0.984505 0.456944 0.017448 0.020370
0 0.682422 0.679167 0.015885 0.024074
0 0.957031 0.476620 0.016146 0.021759
0 0.485807 0.570833 0.014844 0.013889
0 0.764453 0.096991 0.015365 0.017130
0 0.744271 0.783333 0.009375 0.025926
0 0.701302 0.671991 0.013021 0.021759
0 0.729036 0.772917 0.011719 0.032870
0 0.662500 0.022685 0.010417 0.024074
0 0.735026 0.097454 0.017969 0.017130
0 0.603906 0.535417 0.013021 0.027315
0 0.610677 0.506713 0.013021 0.027315
0 0.559375 0.370833 0.019271 0.019444
0 0.885547 0.217361 0.013802 0.028241
0 0.912630 0.431250 0.010677 0.027315
0 0.813021 0.855324 0.009375 0.024537
0 0.712630 0.722917 0.013281 0.025463
0 0.752865 0.840741 0.009375 0.025926
0 0.743880 0.854398 0.009635 0.031019
0 0.756641 0.934491 0.007552 0.026389
0 0.747786 0.969213 0.007552 0.026389
0 0.748177 0.914815 0.007292 0.024074
