0 0.618359 0.609028 0.015885 0.022685
0 0.213151 0.455324 0.019531 0.014352
0 0.873177 0.166898 0.016146 0.018981
0 0.589323 0.585880 0.016667 0.030093
0 0.615885 0.634722 0.017188 0.023148
0 0.634635 0.178472 0.017708 0.021759
0 0.588672 0.254861 0.013802 0.018981
0 0.589974 0.637731 0.013802 0.018981
0 0.776953 0.068519 0.014323 0.025926
0 0.108724 0.371991 0.017448 0.015278
0 0.573047 0.328009 0.011198 0.020833
0 0.706901 0.921528 0.010677 0.029167
0 0.716667 0.809954 0.010937 0.024537
0 0.710286 0.127315 0.021615 0.018519
0 0.540885 0.603472 0.015625 0.018981
0 0.824089 0.344213 0.021094 0.023611
0 0.702083 0.377546 0.021875 0.017130
0 0.234505 0.381250 0.017448 0.015278
0 0.268099 0.405787 0.017448 0.015278
0 0.463151 0.241667 0.014323 0.018519
0 0.558724 0.221296 0.014323 0.018519
0 0.680469 0.139815 0.016146 0.020370
0 0.831380 0.142130 0.021615 0.018519
0 0.785026 0.142130 0.021615 0.018519
0 0.702214 0.758796 0.012240 0.029630
0 0.821224 0.724074 0.013802 0.028704
0 0.725130 0.899306 0.010677 0.029167
0 0.725911 0.975694 0.010677 0.029167
