0 0.705339 0.162731 0.023698 0.019907
0 0.625260 0.707870 0.015625 0.025000
0 0.625781 0.214352 0.018229 0.026852
0 0.853646 0.204167 0.021875 0.017593
0 0.593099 0.276620 0.014844 0.022685
0 0.906120 0.216435 0.019010 0.018056
0 0.484245 0.262500 0.021094 0.016667
0 0.710286 0.963657 0.010677 0.030093
0 0.549740 0.260880 0.024479 0.019907
0 0.780729 0.176157 0.018750 0.019907
0 0.052083 0.534028 0.017188 0.020833
0 0.562500 0.319213 0.011458 0.031944
0 0.577604 0.323843 0.011458 0.031944
0 0.614974 0.501620 0.023698 0.019907
0 0.765234 0.081481 0.013281 0.027778
0 0.775651 0.111574 0.013281 0.027778
0 0.620833 0.671759 0.015625 0.025000
0 0.582031 0.584722 0.015625 0.025000
0 0.875781 0.690278 0.015625 0.025000
0 0.682943 0.786111 0.013802 0.030556
0 0.694010 0.827778 0.011458 0.029630
