0 0.345703 0.472685 0.013281 0.022222
0 0.265625 0.564352 0.014583 0.017593
0 0.068750 0.329167 0.018750 0.016667
0 0.246094 0.977083 0.007812 0.020833
0 0.292187 0.101620 0.009375 0.028241
0 0.389453 0.646991 0.010677 0.025463
0 0.550781 0.345833 0.014063 0.012963
0 0.387370 0.451852 0.014844 0.017593
0 0.310677 0.214815 0.011979 0.024074
0 0.848047 0.365278 0.016406 0.012963
0 0.414583 0.803704 0.011458 0.010185
0 0.413021 0.435417 0.013021 0.014352
0 0.447396 0.911111 0.013542 0.015741
0 0.413021 0.785648 0.012500 0.010185
0 0.211068 0.363194 0.011198 0.031019
0 0.349089 0.228704 0.014844 0.026852
0 0.452474 0.345602 0.015365 0.013426
0 0.415234 0.821991 0.014844 0.013426
0 0.433073 0.955324 0.016146 0.013426
0 0.389844 0.687037 0.009896 0.025926
0 0.896094 0.242593 0.012500 0.021296
0 0.123698 0.579630 0.009896 0.027778
0 0.435937 0.424769 0.013021 0.014352
0 0.317969 0.506481 0.015104 0.026852
0 0.417969 0.840972 0.015625 0.015278
0 0.388932 0.726389 0.010677 0.022222
2 0.479036 0.417361 0.022135 0.016204
2 0.511589 0.418519 0.023177 0.017593
2 0.387630 0.425694 0.022135 0.023611
0 0.539714 0.421528 0.016406 0.015278
0 0.748958 0.036574 0.012500 0.012037
0 0.425260 0.213657 0.021875 0.020833
0 0.164193 0.221991 0.013802 0.021759
0 0.415495 0.856019 0.015365 0.012963
0 0.683464 0.127778 0.011198 0.012037
0 0.365495 0.980556 0.007552 0.026852
0 0.202734 0.187037 0.017448 0.025000
0 0.345182 0.395139 0.009115 0.024537
0 0.138672 0.218056 0.016406 0.029630
0 0.386458 0.761574 0.013021 0.021296
0 0.856120 0.152083 0.008594 0.024537
0 0.686719 0.035417 0.015104 0.018056
0 0.366667 0.948380 0.008333 0.021759
0 0.259766 0.387731 0.008073 0.028241
0 0.277474 0.048843 0.009115 0.028241
0 0.387109 0.834954 0.007031 0.023611
0 0.573698 0.194213 0.009896 0.018056
0 0.341146 0.331481 0.009896 0.025926
0 0.032813 0.431019 0.015104 0.020370
0 0.444661 0.399306 0.014323 0.012500
0 0.422266 0.403472 0.013281 0.015278
0 0.501432 0.399074 0.014323 0.012963
0 0.478646 0.397917 0.011458 0.008796
0 0.559245 0.424074 0.015365 0.011111
0 0.358203 0.484028 0.013802 0.017130
0 0.415104 0.868981 0.011979 0.011111
0 0.414062 0.883796 0.014583 0.012963
0 0.387240 0.939120 0.007292 0.030093
0 0.436979 0.974306 0.014063 0.015278
0 0.386849 0.861343 0.006510 0.021759
0 0.293880 0.646296 0.009635 0.024074
0 0.241667 0.748843 0.006771 0.025463
0 0.243229 0.682176 0.005729 0.022685
0 0.264453 0.914815 0.007552 0.016667
0 0.021745 0.682639 0.018490 0.015278
0 0.024740 0.666204 0.013021 0.012037
0 0.024740 0.650000 0.013021 0.012037
0 0.144792 0.489120 0.009896 0.019907
0 0.199219 0.562269 0.016146 0.017130
0 0.273438 0.580556 0.014583 0.017593
0 0.280599 0.109028 0.008594 0.025463
0 0.940365 0.140509 0.012500 0.021759
0 0.951042 0.145833 0.010937 0.028704
0 0.717708 0.171759 0.009896 0.022222
0 0.730339 0.170602 0.011719 0.015278
0 0.734115 0.038426 0.012500 0.012037
