0 0.717578 0.691667 0.013281 0.015741
0 0.109896 0.254861 0.017708 0.016204
0 0.666016 0.750926 0.012240 0.026852
0 0.712760 0.151157 0.016667 0.019907
0 0.600000 0.669213 0.013021 0.019907
0 0.110677 0.556944 0.016667 0.015741
0 0.933464 0.552546 0.018490 0.018981
0 0.575000 0.626157 0.011979 0.019907
0 0.074089 0.550926 0.016927 0.018519
0 0.150000 0.571296 0.016146 0.016667
0 0.279687 0.588889 0.016146 0.015741
0 0.220312 0.252083 0.015104 0.013426
0 0.635156 0.167593 0.016146 0.025000
0 0.724870 0.084954 0.009115 0.021759
0 0.745182 0.086343 0.011719 0.024537
1 0.935677 0.303472 0.044792 0.031944
0 0.694271 0.440972 0.018750 0.016204
0 0.411589 0.256944 0.015885 0.018519
0 0.835938 0.537037 0.009375 0.025926
0 0.815755 0.196759 0.012760 0.025000
2 0.691927 0.835185 0.014063 0.035185
0 0.730469 0.045370 0.009375 0.020370
0 0.824219 0.273380 0.010937 0.027315
0 0.818750 0.592130 0.011979 0.025926
0 0.676693 0.786111 0.012240 0.026852
2 0.760286 0.911574 0.016406 0.047222
0 0.701172 0.908102 0.010156 0.026389
0 0.684766 0.978935 0.010156 0.026389
0 0.437370 0.601852 0.015885 0.016667
0 0.077474 0.369676 0.015365 0.014352
0 0.432943 0.258796 0.017448 0.016667
0 0.464974 0.225463 0.017448 0.016667
0 0.453646 0.256019 0.014063 0.017593
0 0.486198 0.252778 0.014063 0.017593
0 0.519271 0.244213 0.017188 0.017130
0 0.533073 0.337500 0.008854 0.018519
0 0.562240 0.236574 0.008854 0.018519
