0 0.704818 0.665972 0.013802 0.023611
0 0.688021 0.675231 0.014063 0.020833
0 0.641016 0.623843 0.018490 0.023611
0 0.804427 0.097917 0.018229 0.018056
0 0.713932 0.725463 0.011198 0.024074
0 0.452995 0.565046 0.017448 0.016204
0 0.897917 0.531944 0.017188 0.026852
0 0.593229 0.254398 0.014583 0.030093
0 0.320833 0.574769 0.016667 0.017130
0 0.673307 0.018981 0.013802 0.028704
1 0.857161 0.675000 0.019010 0.043519
0 0.729688 0.724306 0.013021 0.025463
0 0.749479 0.975926 0.008333 0.025926
0 0.754557 0.822222 0.009635 0.024074
0 0.733854 0.783102 0.011458 0.026389
0 0.354818 0.209028 0.017448 0.017130
0 0.746615 0.101620 0.018229 0.019907
0 0.873828 0.598148 0.015885 0.032407
0 0.649870 0.359028 0.017969 0.021759
0 0.920573 0.128009 0.018229 0.018056
0 0.984375 0.128472 0.018229 0.018056
0 0.963021 0.340509 0.020833 0.018056
0 0.906250 0.617824 0.014583 0.027315
0 0.744271 0.772454 0.011458 0.026389
0 0.726172 0.757407 0.011198 0.025000
0 0.741536 0.833565 0.010156 0.024537
0 0.757422 0.859491 0.010156 0.024537
0 0.749089 0.913657 0.010156 0.024537
0 0.759115 0.921759 0.008333 0.023148
0 0.759375 0.986806 0.008333 0.026389
