0 0.627734 0.169907 0.014323 0.022222
0 0.270573 0.573380 0.016146 0.018056
0 0.309635 0.574537 0.016667 0.015741
0 0.655208 0.145139 0.013021 0.024537
0 0.615885 0.558333 0.015625 0.028704
0 0.737370 0.750000 0.012760 0.030556
0 0.395313 0.566204 0.015104 0.017593
0 0.756771 0.095833 0.016667 0.020370
0 0.185677 0.567593 0.017188 0.016667
0 0.718099 0.734028 0.012760 0.023611
0 0.769531 0.026389 0.013021 0.026852
0 0.882552 0.505324 0.016146 0.031019
0 0.939453 0.492130 0.016406 0.023148
0 0.733073 0.781481 0.008854 0.021296
0 0.501693 0.566667 0.017969 0.016667
0 0.644531 0.578472 0.015625 0.028241
0 0.747917 0.786111 0.009896 0.024074
0 0.077604 0.425926 0.019271 0.016667
0 0.709115 0.707407 0.014583 0.025000
0 0.725260 0.710417 0.010937 0.027315
0 0.623828 0.359491 0.019531 0.018056
2 0.552083 0.213657 0.025521 0.022685
0 0.795703 0.633102 0.017448 0.017130
0 0.708203 0.641667 0.015365 0.018519
0 0.602474 0.284954 0.011198 0.027315
0 0.586328 0.296991 0.012240 0.030093
0 0.983984 0.268056 0.014323 0.018519
0 0.241797 0.218981 0.016406 0.014815
0 0.441536 0.227083 0.020573 0.017130
0 0.485026 0.228009 0.015365 0.015278
2 0.156510 0.379861 0.027604 0.020833
0 0.523438 0.222454 0.018229 0.016204
0 0.534635 0.177778 0.018229 0.017593
0 0.893620 0.130093 0.020573 0.019444
0 0.931250 0.265278 0.015625 0.020370
0 0.711979 0.360185 0.016667 0.022222
0 0.882812 0.238194 0.015625 0.021759
0 0.849479 0.747917 0.014063 0.028241
0 0.758984 0.973148 0.008594 0.028704
0 0.749089 0.957639 0.009635 0.028241
0 0.758984 0.919907 0.008594 0.036111
0 0.749609 0.925463 0.010156 0.025926
0 0.747917 0.890509 0.011979 0.028241
0 0.753385 0.828472 0.010417 0.028241
0 0.741536 0.834722 0.010677 0.027778
