0 0.616406 0.649074 0.013021 0.021296
0 0.659635 0.731944 0.014063 0.026852
0 0.285807 0.488657 0.012760 0.015278
0 0.165625 0.577315 0.016146 0.015741
0 0.575521 0.205324 0.017708 0.020833
0 0.477865 0.601620 0.015625 0.015278
0 0.592448 0.651389 0.016146 0.022222
0 0.377604 0.468519 0.016667 0.014815
0 0.739323 0.139583 0.017188 0.020833
0 0.542969 0.292593 0.011458 0.021296
0 0.911068 0.383102 0.018490 0.018981
0 0.539193 0.174306 0.014844 0.018981
1 0.078385 0.592361 0.045833 0.026389
0 0.130990 0.387269 0.016146 0.017130
0 0.599870 0.187731 0.012760 0.018981
0 0.516797 0.412037 0.017448 0.011111
0 0.787891 0.403009 0.020052 0.013426
0 0.811068 0.650694 0.014323 0.019907
0 0.282292 0.406481 0.016146 0.015741
0 0.184375 0.415741 0.016146 0.015741
0 0.413021 0.411574 0.016146 0.015741
0 0.194010 0.262963 0.014583 0.013889
0 0.305599 0.259722 0.014323 0.013889
0 0.427083 0.256944 0.012500 0.012963
0 0.447135 0.221991 0.015625 0.015278
0 0.457292 0.254398 0.013542 0.013426
0 0.507552 0.243287 0.013542 0.013426
0 0.561979 0.550926 0.012500 0.021296
0 0.735677 0.380556 0.015625 0.020370
0 0.685677 0.859259 0.011458 0.028704
0 0.696875 0.847685 0.011458 0.028704
0 0.705729 0.923611 0.011458 0.028704
0 0.791536 0.158102 0.015365 0.018056
0 0.825000 0.251620 0.011979 0.023611
0 0.729948 0.094213 0.011979 0.023611
0 0.748177 0.091435 0.011979 0.023611
