0 0.787500 0.104630 0.015625 0.016667
0 0.616276 0.616667 0.015885 0.020370
0 0.650911 0.633565 0.014323 0.020833
0 0.611068 0.188657 0.012240 0.029167
0 0.832682 0.112731 0.014323 0.014352
0 0.539974 0.575000 0.015885 0.015741
0 0.738281 0.811343 0.009375 0.020833
0 0.749349 0.821759 0.008594 0.024074
0 0.134896 0.569213 0.015104 0.011574
0 0.682943 0.648611 0.020052 0.030556
0 0.596875 0.297685 0.007292 0.026852
0 0.608984 0.250231 0.010677 0.020833
0 0.745573 0.898380 0.009896 0.025463
0 0.718359 0.746991 0.011719 0.022685
0 0.568620 0.204630 0.014844 0.016667
0 0.026432 0.563657 0.017969 0.014352
0 0.313802 0.402778 0.015625 0.014815
0 0.838802 0.730787 0.012500 0.024537
0 0.084766 0.372685 0.019531 0.013889
0 0.099219 0.433796 0.015104 0.016667
0 0.410807 0.569213 0.020573 0.018981
0 0.725391 0.725926 0.013281 0.022222
0 0.623568 0.550694 0.013802 0.023611
0 0.045052 0.341435 0.014583 0.013426
0 0.020313 0.235880 0.015104 0.017130
0 0.135417 0.362269 0.015625 0.015278
0 0.142969 0.381713 0.018229 0.017130
0 0.193359 0.388194 0.016406 0.015278
0 0.539844 0.170833 0.012500 0.020370
0 0.617578 0.384491 0.015365 0.018981
0 0.755469 0.352546 0.017708 0.014352
0 0.803646 0.335417 0.015625 0.020833
0 0.866406 0.197222 0.020313 0.039815
1 0.899740 0.481481 0.020313 0.064815
2 0.757422 0.926852 0.011719 0.037963
0 0.747526 0.986343 0.010677 0.027315
0 0.839714 0.835185 0.012240 0.022222
0 0.807161 0.885880 0.010677 0.027315
0 0.582682 0.293056 0.008594 0.024074
