0 0.669922 0.716204 0.020052 0.017593
0 0.710547 0.932176 0.009115 0.031944
0 0.116146 0.248611 0.017708 0.011111
0 0.672786 0.757870 0.014323 0.026852
0 0.646745 0.195370 0.017448 0.022222
0 0.079036 0.386343 0.019010 0.017130
0 0.544010 0.254398 0.021354 0.018056
0 0.705469 0.164352 0.019271 0.017593
0 0.745182 0.163194 0.021615 0.019907
0 0.145833 0.383102 0.022396 0.015278
0 0.706380 0.874769 0.010156 0.024537
0 0.856771 0.208102 0.019792 0.018981
0 0.780599 0.117824 0.013802 0.030093
0 0.240234 0.413194 0.020052 0.013426
0 0.810547 0.873380 0.012240 0.028241
0 0.709505 0.990741 0.010677 0.015741
0 0.188672 0.410417 0.022656 0.014352
0 0.486458 0.233565 0.019271 0.016204
0 0.489193 0.422685 0.027865 0.017593
0 0.581771 0.299306 0.015625 0.031019
0 0.656510 0.068287 0.014583 0.031944
0 0.765495 0.088194 0.013802 0.030093
0 0.859115 0.391667 0.019271 0.017593
0 0.924479 0.411111 0.019271 0.017593
0 0.860417 0.581713 0.014583 0.030093
0 0.688151 0.796991 0.012240 0.028241
0 0.700391 0.843750 0.012760 0.028241
