0 0.171875 0.572222 0.012500 0.013889
0 0.554688 0.574306 0.012500 0.024537
0 0.771224 0.128935 0.012760 0.019907
0 0.044010 0.421528 0.019271 0.014352
0 0.437240 0.596065 0.014063 0.012500
0 0.090885 0.554630 0.015625 0.016667
0 0.226042 0.233565 0.016667 0.016204
0 0.049219 0.544676 0.018750 0.018981
0 0.665234 0.761574 0.010156 0.021296
0 0.611198 0.643287 0.014583 0.019907
0 0.584635 0.665278 0.015104 0.022222
0 0.317448 0.253935 0.020313 0.018056
0 0.850260 0.476852 0.007812 0.027778
0 0.267188 0.460417 0.014063 0.011574
0 0.582161 0.589120 0.010677 0.023611
0 0.182161 0.234954 0.014323 0.014352
0 0.239453 0.583796 0.014323 0.012963
0 0.640234 0.743056 0.013281 0.025926
0 0.752083 0.666204 0.017708 0.017593
0 0.300651 0.232870 0.014323 0.012963
0 0.128516 0.383565 0.012240 0.011574
0 0.366276 0.228241 0.014323 0.012963
0 0.342318 0.254167 0.014323 0.012963
0 0.374740 0.253009 0.016146 0.011574
0 0.405208 0.252083 0.014583 0.011574
0 0.448177 0.253472 0.014583 0.011574
0 0.504167 0.397917 0.018229 0.013426
0 0.502604 0.419907 0.016146 0.014815
0 0.548047 0.414815 0.017969 0.013889
0 0.511589 0.239120 0.013281 0.013426
0 0.545964 0.328935 0.010156 0.025463
0 0.597526 0.197917 0.011198 0.019907
0 0.563411 0.134028 0.011198 0.019907
0 0.653776 0.143519 0.010677 0.013889
0 0.689193 0.135185 0.015365 0.013889
0 0.739844 0.069907 0.012500 0.024074
0 0.724870 0.027546 0.010156 0.022685
0 0.787500 0.190509 0.013542 0.020833
0 0.830078 0.270370 0.011719 0.024074
0 0.665365 0.680787 0.021354 0.018981
0 0.826823 0.341667 0.015625 0.013889
0 0.598437 0.653935 0.013021 0.019907
0 0.677604 0.762037 0.011458 0.025926
0 0.679557 0.819213 0.010677 0.024537
0 0.697917 0.848843 0.009375 0.024537
0 0.690104 0.862731 0.009375 0.024537
0 0.694531 0.918287 0.009375 0.024537
0 0.697396 0.968981 0.008333 0.023148
0 0.816276 0.759028 0.012240 0.027315
0 0.768229 0.987037 0.010937 0.025926
