0 0.894010 0.531250 0.013542 0.018056
0 0.665625 0.685185 0.013542 0.012037
0 0.864193 0.553009 0.015885 0.021759
0 0.030859 0.260185 0.016927 0.015741
2 0.687370 0.135417 0.020052 0.019907
0 0.651953 0.151620 0.014844 0.018056
0 0.650781 0.743287 0.013021 0.021759
0 0.989193 0.323843 0.017448 0.016204
0 0.567318 0.209954 0.012240 0.024537
0 0.205339 0.457639 0.014844 0.013426
0 0.225521 0.482176 0.016146 0.017130
0 0.983464 0.491435 0.016406 0.022685
0 0.621484 0.168287 0.014323 0.025463
0 0.540755 0.547222 0.011198 0.023148
0 0.722266 0.143056 0.015365 0.014815
0 0.583854 0.646065 0.013542 0.023611
0 0.624349 0.065046 0.012240 0.023611
0 0.686589 0.840741 0.011719 0.028704
0 0.524609 0.237037 0.013281 0.015741
0 0.605469 0.386111 0.013021 0.015741
0 0.498177 0.246296 0.016146 0.016667
0 0.464974 0.256944 0.013802 0.011111
0 0.400911 0.256944 0.013802 0.011111
0 0.542448 0.348611 0.009896 0.022222
0 0.335026 0.408565 0.021094 0.013426
0 0.100000 0.402315 0.014583 0.014815
0 0.290104 0.590509 0.016146 0.017130
0 0.560286 0.541204 0.011198 0.023148
2 0.593229 0.617824 0.017708 0.030093
0 0.675260 0.758796 0.009896 0.021296
0 0.667188 0.781944 0.010937 0.022222
0 0.688021 0.798148 0.010937 0.022222
0 0.701042 0.855093 0.008854 0.025000
0 0.749089 0.669907 0.015885 0.019444
0 0.801823 0.814352 0.009896 0.023148
0 0.824740 0.628704 0.009896 0.023148
0 0.848307 0.396991 0.017448 0.016204
0 0.857943 0.167824 0.017448 0.016204
