0 0.654948 0.136806 0.015625 0.022685
0 0.897266 0.472685 0.010677 0.024074
0 0.148438 0.571296 0.017708 0.015741
0 0.211849 0.574769 0.013802 0.014352
0 0.786719 0.110417 0.016667 0.018981
0 0.640625 0.639583 0.012500 0.018981
0 0.687370 0.678241 0.014844 0.022222
0 0.694922 0.657407 0.016406 0.025000
0 0.929948 0.496528 0.014583 0.019907
2 0.394792 0.572454 0.021875 0.018056
0 0.073047 0.566667 0.019531 0.015741
0 0.794792 0.046991 0.015625 0.029167
1 0.847396 0.593056 0.036979 0.050926
2 0.978646 0.503241 0.034375 0.042593
0 0.949870 0.482407 0.014323 0.018519
0 0.777995 0.010417 0.012240 0.019907
0 0.692318 0.717824 0.014323 0.024537
0 0.770443 0.034259 0.011198 0.029630
0 0.292448 0.381481 0.016667 0.014815
0 0.644271 0.584954 0.014583 0.021759
0 0.619141 0.101620 0.014844 0.028241
0 0.174219 0.371991 0.015625 0.016204
0 0.758724 0.950926 0.008073 0.026852
0 0.746875 0.881019 0.008854 0.026852
0 0.601302 0.543519 0.012500 0.022222
0 0.737370 0.754398 0.011719 0.026389
0 0.878646 0.526389 0.012500 0.026852
0 0.738021 0.813194 0.008333 0.016204
2 0.844792 0.159491 0.018750 0.031944
0 0.991797 0.307639 0.007552 0.015278
0 0.222917 0.235880 0.021354 0.017130
0 0.609896 0.511343 0.011979 0.027315
0 0.622396 0.575694 0.012500 0.021759
0 0.822396 0.866898 0.010417 0.026389
0 0.804818 0.907639 0.010677 0.026389
0 0.727474 0.763657 0.011719 0.026389
0 0.751172 0.820139 0.010156 0.027315
0 0.755990 0.879167 0.008854 0.031481
0 0.746875 0.943519 0.009375 0.029630
0 0.757552 0.982407 0.008854 0.026852
0 0.748177 0.981019 0.008333 0.026852
0 0.888672 0.212269 0.015885 0.034722
0 0.873698 0.222917 0.015625 0.034722
0 0.914714 0.297685 0.015365 0.016667
