0 0.664974 0.685417 0.014323 0.024537
0 0.471745 0.574769 0.017969 0.014352
0 0.627344 0.190741 0.015104 0.026852
0 0.633464 0.671296 0.015365 0.025000
0 0.752995 0.673843 0.016406 0.018056
0 0.714844 0.851852 0.010417 0.026852
0 0.693099 0.131481 0.023698 0.022222
0 0.699219 0.829167 0.010417 0.031481
0 0.617448 0.093519 0.011979 0.020370
0 0.697917 0.431019 0.018750 0.014815
0 0.583073 0.147685 0.018229 0.023148
0 0.208073 0.543981 0.015104 0.015741
0 0.524870 0.193981 0.017448 0.015741
0 0.689193 0.790046 0.011198 0.025463
0 0.967448 0.177083 0.015625 0.013426
0 0.849219 0.158333 0.019271 0.016667
0 0.761198 0.074306 0.009896 0.026389
0 0.889323 0.341204 0.016146 0.017593
0 0.399870 0.229167 0.014323 0.017593
0 0.035026 0.328241 0.018490 0.016667
0 0.102344 0.329630 0.016146 0.015741
0 0.198698 0.358565 0.014063 0.017130
0 0.548438 0.401157 0.018229 0.018981
0 0.594922 0.250231 0.014844 0.027315
0 0.648698 0.018981 0.015104 0.026852
0 0.588542 0.543519 0.011458 0.027778
0 0.944922 0.321991 0.016406 0.017130
0 0.981250 0.312731 0.018750 0.017130
0 0.774740 0.142130 0.016146 0.017593
0 0.780339 0.072454 0.014323 0.031944
0 0.692318 0.751852 0.013802 0.026852
0 0.680339 0.756019 0.013802 0.026852
0 0.704948 0.907407 0.010417 0.026852
0 0.707292 0.959722 0.010417 0.026852
0 0.717969 0.947685 0.010937 0.039815
