0 0.649870 0.653704 0.016927 0.021296
0 0.710417 0.733796 0.012500 0.026852
0 0.707552 0.766435 0.011458 0.025463
0 0.069271 0.418519 0.019792 0.018519
0 0.566276 0.185417 0.016406 0.018981
0 0.368750 0.471296 0.019271 0.019444
0 0.583724 0.554167 0.015885 0.033333
0 0.739323 0.831019 0.011979 0.027778
0 0.679948 0.741204 0.013542 0.025926
0 0.605599 0.549769 0.014323 0.030093
0 0.681771 0.712731 0.011458 0.018056
0 0.599740 0.179630 0.014583 0.031481
0 0.707943 0.345833 0.017969 0.018519
0 0.654297 0.356019 0.020573 0.015741
0 0.619141 0.182870 0.017448 0.032407
0 0.781771 0.345370 0.021875 0.018519
0 0.171094 0.211343 0.019792 0.017130
0 0.319792 0.578241 0.018750 0.016667
0 0.105599 0.381481 0.020052 0.018519
0 0.514844 0.379167 0.019271 0.019444
0 0.499219 0.212731 0.014583 0.018981
0 0.600521 0.224306 0.014583 0.031019
0 0.682943 0.374769 0.017969 0.018056
0 0.917448 0.281481 0.021875 0.018519
0 0.659896 0.016204 0.017708 0.031481
0 0.826823 0.084491 0.016146 0.024537
0 0.897396 0.115278 0.017708 0.020370
0 0.724349 0.772917 0.011198 0.025463
0 0.723047 0.820833 0.011719 0.027778
0 0.734245 0.885185 0.011719 0.027778
0 0.745443 0.901157 0.010677 0.026389
0 0.811068 0.964120 0.010677 0.026389
