0 0.667708 0.743056 0.015625 0.017593
0 0.791536 0.185648 0.015885 0.017593
0 0.650000 0.193750 0.015104 0.022685
0 0.194531 0.402083 0.022396 0.015278
0 0.787760 0.146759 0.013021 0.024074
0 0.980990 0.570602 0.020313 0.023611
0 0.969792 0.218981 0.018750 0.018519
0 0.895443 0.219907 0.014844 0.020370
0 0.622786 0.503241 0.016406 0.015741
0 0.537500 0.498148 0.019792 0.015741
0 0.199609 0.426620 0.016927 0.016204
0 0.603776 0.637037 0.012240 0.022222
0 0.569401 0.345139 0.009115 0.021759
0 0.970443 0.340046 0.020052 0.015278
0 0.714063 0.977778 0.008854 0.025000
0 0.702604 0.976389 0.008854 0.025000
