0 0.604557 0.665972 0.019531 0.025463
0 0.443750 0.425000 0.015625 0.014815
0 0.987370 0.563426 0.016406 0.019444
0 0.680469 0.173148 0.015625 0.018519
0 0.680859 0.781019 0.011719 0.025000
0 0.675391 0.837731 0.011198 0.025463
0 0.702604 0.850926 0.010417 0.026852
0 0.083333 0.367130 0.018229 0.015741
0 0.742839 0.475463 0.017448 0.018519
0 0.734245 0.721065 0.016406 0.016204
0 0.800130 0.386111 0.017448 0.018519
0 0.841797 0.395602 0.016406 0.015278
0 0.634115 0.415972 0.015625 0.013426
0 0.568880 0.370833 0.010156 0.025000
0 0.707682 0.163194 0.015365 0.012500
0 0.656771 0.090509 0.010417 0.026389
0 0.714453 0.958333 0.007031 0.021296
0 0.801302 0.910185 0.010417 0.024074
0 0.863932 0.289352 0.010677 0.025000
