0 0.646745 0.187963 0.017969 0.023148
0 0.601302 0.202778 0.012500 0.017593
0 0.847135 0.202546 0.014063 0.014352
0 0.643229 0.713426 0.012500 0.021296
0 0.721354 0.152546 0.015104 0.014352
2 0.613411 0.412731 0.048698 0.018981
0 0.767448 0.166435 0.014063 0.016204
0 0.895703 0.209028 0.015885 0.013426
0 0.338411 0.429861 0.017448 0.011574
0 0.775391 0.410648 0.016406 0.012963
0 0.945312 0.361343 0.015104 0.016204
0 0.668880 0.036111 0.011198 0.033333
0 0.415755 0.434491 0.016406 0.012500
0 0.452734 0.500926 0.020573 0.013889
0 0.630599 0.490972 0.014323 0.012500
0 0.563932 0.361111 0.008594 0.026852
0 0.693750 0.826852 0.010417 0.025926
0 0.271094 0.398611 0.017188 0.012037
0 0.093750 0.379398 0.015625 0.016204
0 0.509896 0.439120 0.015625 0.010648
