0 0.197135 0.210648 0.027604 0.014815
0 0.668620 0.451389 0.021094 0.012037
0 0.568359 0.206481 0.014323 0.017593
0 0.607161 0.582176 0.012760 0.025463
0 0.832812 0.203009 0.015104 0.030093
0 0.173958 0.421528 0.021875 0.014352
0 0.657422 0.676389 0.016406 0.024074
0 0.672005 0.034028 0.014323 0.026389
0 0.656641 0.156250 0.017448 0.024537
0 0.335807 0.910417 0.016927 0.025463
0 0.601823 0.201852 0.012500 0.022222
0 0.982943 0.537731 0.019010 0.020833
0 0.535026 0.383565 0.024740 0.018981
0 0.827995 0.343056 0.021094 0.015741
0 0.575911 0.400231 0.024740 0.018981
0 0.764193 0.372917 0.020052 0.017130
0 0.817578 0.371065 0.020052 0.017130
0 0.846745 0.360417 0.020052 0.017130
0 0.960807 0.309954 0.020052 0.017130
0 0.791797 0.143056 0.018490 0.025000
0 0.603255 0.114120 0.014323 0.026389
0 0.702474 0.132176 0.018490 0.019907
0 0.901953 0.609491 0.019010 0.028241
0 0.835807 0.760648 0.017448 0.037963
0 0.693490 0.760417 0.010937 0.026389
0 0.695312 0.814120 0.010937 0.026389
0 0.713802 0.840509 0.010937 0.026389
