0 0.611198 0.644907 0.017188 0.020370
0 0.104818 0.215278 0.016927 0.012963
0 0.793359 0.038657 0.014844 0.029167
0 0.009245 0.217593 0.016927 0.012037
0 0.088542 0.534491 0.018750 0.016204
0 0.992969 0.290046 0.009896 0.018981
0 0.682943 0.703935 0.014844 0.022685
0 0.784245 0.106944 0.017448 0.018519
0 0.322526 0.445833 0.019531 0.013889
0 0.124870 0.351157 0.016927 0.014352
1 0.959635 0.144907 0.030208 0.017593
0 0.194401 0.200463 0.016927 0.012963
0 0.322266 0.377778 0.019531 0.013889
0 0.359245 0.216667 0.019531 0.013889
0 0.362370 0.403935 0.023698 0.013426
0 0.454036 0.217130 0.019531 0.013889
0 0.600130 0.391667 0.019531 0.013889
0 0.582031 0.297454 0.011979 0.027315
2 0.430078 0.189815 0.029948 0.020370
0 0.875651 0.708565 0.014844 0.022685
0 0.741406 0.957870 0.010417 0.033333
1 0.717839 0.777315 0.029427 0.075000
