0 0.365755 0.603472 0.016927 0.014352
0 0.285547 0.432407 0.017448 0.012963
0 0.794922 0.175926 0.015365 0.014815
0 0.157682 0.389352 0.017969 0.015741
0 0.594271 0.684028 0.017708 0.024537
0 0.759245 0.173843 0.013802 0.015278
0 0.068620 0.381250 0.017448 0.015278
2 0.840365 0.195139 0.041667 0.038426
0 0.202995 0.397917 0.021094 0.015278
2 0.316276 0.413657 0.030469 0.022685
0 0.361719 0.439815 0.019792 0.015741
0 0.392969 0.422685 0.019792 0.015741
0 0.699219 0.831944 0.009375 0.026852
0 0.693490 0.859259 0.009896 0.025000
0 0.707682 0.884259 0.009115 0.029630
0 0.702214 0.939352 0.009115 0.029630
0 0.832682 0.378935 0.017969 0.016204
