0 0.532292 0.571759 0.017708 0.016667
0 0.821094 0.832407 0.011458 0.021296
0 0.138672 0.576852 0.021615 0.026852
0 0.649870 0.621991 0.016927 0.018056
0 0.617188 0.600694 0.017188 0.018056
0 0.334245 0.577083 0.017448 0.014352
0 0.678646 0.662731 0.016146 0.025463
0 0.861849 0.594907 0.014323 0.026852
0 0.243490 0.569444 0.017188 0.016667
0 0.801693 0.093981 0.014323 0.023148
0 0.701693 0.665278 0.014844 0.025926
0 0.749349 0.799769 0.010677 0.028241
0 0.078646 0.524769 0.018229 0.018981
0 0.284766 0.457870 0.020052 0.016667
0 0.223698 0.375231 0.019271 0.017130
0 0.494922 0.377083 0.017448 0.018056
0 0.026172 0.243519 0.020573 0.016667
2 0.668620 0.051620 0.017969 0.043981
0 0.754818 0.837731 0.010156 0.027315
0 0.621745 0.221991 0.013281 0.026389
0 0.312500 0.439583 0.018750 0.017130
0 0.736068 0.801620 0.011719 0.030093
0 0.347266 0.403704 0.019531 0.016667
0 0.102995 0.230556 0.017448 0.014815
0 0.845443 0.163194 0.018490 0.026389
0 0.867969 0.202083 0.015625 0.026389
0 0.918750 0.424306 0.012500 0.031944
0 0.895573 0.452546 0.013021 0.031019
0 0.706120 0.716204 0.014844 0.025926
0 0.720443 0.749306 0.013802 0.028241
0 0.733073 0.738426 0.012500 0.025000
0 0.742318 0.770139 0.011198 0.026389
0 0.742318 0.841204 0.010156 0.026852
0 0.759245 0.894907 0.009115 0.032407
0 0.747396 0.900694 0.009375 0.031019
0 0.760156 0.957407 0.007812 0.027778
0 0.758203 0.987731 0.008594 0.024537
0 0.749870 0.983796 0.008073 0.026852
0 0.835938 0.864352 0.011979 0.026852
0 0.808724 0.892361 0.010156 0.024537
