0 0.849740 0.591667 0.018229 0.023148
0 0.685156 0.674537 0.016667 0.023148
0 0.628646 0.591435 0.016146 0.025463
0 0.475000 0.570139 0.019271 0.018981
0 0.630469 0.553935 0.017188 0.026389
0 0.308464 0.573380 0.017448 0.014352
0 0.750781 0.795833 0.014583 0.030556
0 0.746615 0.851389 0.009896 0.025000
0 0.793490 0.089583 0.013021 0.018981
0 0.882292 0.519213 0.014583 0.025463
0 0.776042 0.029630 0.010417 0.025926
0 0.824479 0.103935 0.017708 0.021759
0 0.767578 0.084259 0.015885 0.016667
0 0.730208 0.721991 0.013021 0.029167
0 0.692448 0.119213 0.016146 0.019907
0 0.374870 0.566204 0.016927 0.016667
0 0.828646 0.374306 0.019271 0.018981
0 0.606510 0.183102 0.017708 0.024537
0 0.565104 0.205093 0.018750 0.018519
0 0.651172 0.594444 0.017448 0.025000
0 0.741536 0.335185 0.016927 0.016667
0 0.870833 0.158565 0.015625 0.026389
0 0.135937 0.229861 0.021875 0.015278
0 0.637891 0.166667 0.015885 0.023148
0 0.496615 0.440741 0.020313 0.017593
0 0.511589 0.375694 0.016927 0.016204
0 0.695964 0.411574 0.015885 0.018519
0 0.726432 0.752778 0.014323 0.028704
0 0.809896 0.315741 0.020313 0.019444
0 0.942448 0.501389 0.018750 0.021296
0 0.532292 0.215972 0.015625 0.017130
0 0.227734 0.373380 0.020052 0.018056
0 0.044271 0.357639 0.016146 0.018056
0 0.082422 0.246296 0.016927 0.017593
2 0.307552 0.233102 0.023958 0.021759
0 0.455469 0.402315 0.016146 0.018519
0 0.553255 0.392130 0.018490 0.016667
0 0.735156 0.360648 0.016146 0.017593
0 0.492708 0.224306 0.020833 0.017130
0 0.513411 0.196296 0.014844 0.016667
0 0.922266 0.509491 0.015365 0.023611
2 0.825911 0.834722 0.016406 0.045370
0 0.751823 0.966435 0.009375 0.019907
0 0.761849 0.962269 0.010677 0.035648
0 0.759375 0.883565 0.009896 0.034722
0 0.749219 0.892361 0.010417 0.030093
0 0.614193 0.505093 0.014323 0.031481
0 0.594531 0.506250 0.014583 0.026389
