0 0.254557 0.592593 0.014844 0.014815
0 0.667188 0.778935 0.009896 0.022685
0 0.396745 0.490741 0.016927 0.013889
0 0.741406 0.132176 0.015104 0.016204
0 0.393880 0.594444 0.014323 0.012963
0 0.682943 0.835417 0.011198 0.024537
0 0.606641 0.683333 0.014844 0.021296
0 0.203906 0.585417 0.016146 0.013426
0 0.552734 0.638889 0.014844 0.017593
0 0.588802 0.642361 0.013021 0.019907
0 0.520052 0.235880 0.015104 0.016204
0 0.639974 0.717130 0.012240 0.021296
0 0.688281 0.426389 0.019271 0.011111
0 0.901693 0.573148 0.013802 0.022222
0 0.705859 0.988657 0.008594 0.022685
0 0.720964 0.072685 0.010156 0.025000
0 0.382552 0.256019 0.013021 0.012037
0 0.692318 0.896065 0.006510 0.022685
0 0.444792 0.256481 0.015104 0.013889
0 0.468490 0.254630 0.015104 0.013889
2 0.492969 0.249769 0.020313 0.018056
0 0.438542 0.405324 0.014583 0.012500
0 0.543490 0.228009 0.015104 0.016204
0 0.571875 0.228935 0.009375 0.021759
0 0.576823 0.411343 0.015625 0.014352
0 0.601562 0.124074 0.011458 0.023148
0 0.702083 0.011806 0.009896 0.022685
0 0.798438 0.210417 0.012500 0.020833
0 0.827865 0.273843 0.009375 0.020833
0 0.844922 0.493750 0.008594 0.023611
0 0.848047 0.667593 0.013802 0.022222
0 0.807813 0.678472 0.010417 0.024537
0 0.749740 0.983102 0.010417 0.024537
0 0.696094 0.932870 0.009896 0.025926
0 0.545443 0.563194 0.012240 0.023611
0 0.554427 0.528472 0.010937 0.020833
