0 0.283724 0.546296 0.014323 0.022222
0 0.366146 0.474769 0.013021 0.018981
0 0.403646 0.331019 0.019792 0.017593
0 0.384375 0.649769 0.009375 0.025463
0 0.671354 0.356713 0.016146 0.013426
0 0.384115 0.687269 0.008333 0.027315
0 0.287240 0.023843 0.011458 0.031944
0 0.970573 0.306019 0.011979 0.013889
0 0.413021 0.843519 0.015104 0.012963
1 0.467318 0.333333 0.033073 0.023148
0 0.364844 0.274306 0.021354 0.030093
0 0.117318 0.584954 0.007552 0.025463
0 0.415365 0.311806 0.016146 0.016204
0 0.711068 0.174769 0.010677 0.021759
0 0.383594 0.763889 0.008333 0.023148
0 0.204167 0.363657 0.008854 0.026389
0 0.271224 0.196759 0.017448 0.023148
0 0.318620 0.502083 0.013802 0.025463
0 0.384245 0.724306 0.005990 0.021759
0 0.725781 0.041435 0.012500 0.012500
0 0.408594 0.785880 0.012500 0.012500
0 0.876823 0.383565 0.016146 0.014352
0 0.429688 0.956944 0.014583 0.013889
0 0.409245 0.886806 0.014323 0.010648
0 0.408594 0.805093 0.011979 0.010185
0 0.444271 0.913657 0.014583 0.010648
0 0.881120 0.428704 0.014323 0.012037
0 0.241146 0.525463 0.006771 0.025000
0 0.702995 0.431019 0.012760 0.010185
0 0.410547 0.871528 0.013281 0.010648
0 0.677344 0.129167 0.013021 0.012037
0 0.245964 0.248843 0.007552 0.025463
0 0.899219 0.446296 0.015625 0.012037
0 0.278646 0.174769 0.019271 0.021759
0 0.796745 0.364120 0.014323 0.011574
0 0.362370 0.952315 0.007031 0.023148
0 0.441797 0.924769 0.013802 0.009722
1 0.298047 0.131019 0.019531 0.069444
0 0.243620 0.415278 0.008594 0.029630
0 0.565495 0.274769 0.010156 0.013426
0 0.106120 0.255093 0.013281 0.022222
0 0.434896 0.974769 0.017708 0.008796
0 0.289323 0.139815 0.008854 0.023148
0 0.281771 0.062731 0.009375 0.022685
0 0.271094 0.088426 0.009375 0.023148
0 0.282943 0.101620 0.009115 0.028241
0 0.274219 0.128009 0.009375 0.028241
0 0.238021 0.155556 0.012500 0.014815
0 0.227344 0.181019 0.012500 0.014815
0 0.319271 0.542593 0.013021 0.025000
0 0.221745 0.598843 0.017969 0.016204
0 0.019271 0.655556 0.013021 0.012037
0 0.017969 0.670602 0.011458 0.011574
0 0.017188 0.689815 0.017708 0.014815
0 0.724089 0.172917 0.011719 0.017130
0 0.546745 0.422222 0.010677 0.012037
0 0.633073 0.428472 0.015625 0.011574
0 0.411719 0.821528 0.013021 0.011574
0 0.411719 0.855556 0.015104 0.012963
0 0.382422 0.837269 0.007552 0.026389
0 0.382292 0.865278 0.005729 0.022222
0 0.382943 0.940046 0.007552 0.028241
0 0.361198 0.980556 0.006250 0.025000
0 0.742839 0.036343 0.014323 0.012500
0 0.678385 0.040046 0.017188 0.015278
0 0.851042 0.151620 0.009375 0.026389
