0 0.169922 0.566667 0.017448 0.015741
0 0.649740 0.049537 0.015625 0.032407
0 0.733464 0.817593 0.011719 0.025000
0 0.591146 0.251852 0.013021 0.028704
0 0.246745 0.593056 0.019531 0.016667
0 0.836068 0.109491 0.016406 0.025463
0 0.670833 0.113194 0.020833 0.024537
0 0.567969 0.618056 0.016667 0.019444
0 0.688672 0.734954 0.013802 0.026389
0 0.395182 0.408333 0.020573 0.016667
0 0.602995 0.080093 0.013802 0.024074
0 0.563672 0.185880 0.019531 0.018981
0 0.580339 0.546296 0.014323 0.028704
0 0.099479 0.383565 0.019792 0.014352
0 0.606901 0.559491 0.016406 0.031019
0 0.835547 0.753935 0.012760 0.029167
0 0.748307 0.079861 0.017448 0.017130
0 0.231380 0.381713 0.016406 0.012500
0 0.627865 0.601620 0.014063 0.027315
0 0.490755 0.403241 0.020573 0.016667
0 0.546224 0.200926 0.012760 0.019444
0 0.774479 0.342593 0.019271 0.020370
0 0.826432 0.137269 0.016406 0.025463
0 0.789974 0.024306 0.016406 0.025463
0 0.771094 0.034259 0.013542 0.030556
0 0.946875 0.271296 0.020833 0.025000
0 0.882682 0.239583 0.013802 0.027315
0 0.867448 0.732176 0.016146 0.031019
0 0.751172 0.675463 0.019531 0.017593
0 0.712240 0.787500 0.011979 0.032407
2 0.714974 0.748380 0.022656 0.054167
0 0.741276 0.855787 0.011198 0.029167
0 0.730599 0.867824 0.010677 0.033796
0 0.744531 0.905324 0.009375 0.031019
0 0.736198 0.944444 0.009896 0.035185
0 0.747135 0.974306 0.010417 0.032870
