0 0.414714 0.472222 0.017448 0.016667
0 0.657682 0.749769 0.011719 0.019907
0 0.008333 0.262269 0.014583 0.013426
0 0.165625 0.579167 0.015625 0.015741
0 0.603516 0.668519 0.014844 0.021296
0 0.255339 0.591204 0.014844 0.016667
0 0.107422 0.446065 0.014323 0.016204
0 0.017318 0.428472 0.017448 0.017130
0 0.818099 0.651389 0.010677 0.025926
0 0.304297 0.594444 0.014323 0.015741
0 0.471354 0.487963 0.018229 0.015741
0 0.973698 0.157176 0.016146 0.014352
0 0.690885 0.811574 0.010417 0.022222
0 0.630729 0.165046 0.015625 0.022685
0 0.554557 0.563889 0.014323 0.023148
0 0.724089 0.687963 0.015365 0.015741
1 0.544010 0.633796 0.039062 0.042593
0 0.674219 0.139583 0.014583 0.015278
0 0.673177 0.800231 0.011458 0.027315
0 0.700260 0.860185 0.009896 0.022222
0 0.782813 0.425000 0.018229 0.015741
0 0.357161 0.596296 0.014323 0.015741
1 0.457422 0.406713 0.043490 0.021759
0 0.597917 0.409491 0.017708 0.018981
0 0.620703 0.660648 0.014844 0.021296
0 0.705729 0.930093 0.009896 0.022222
0 0.797656 0.741204 0.009896 0.022222
0 0.837630 0.555556 0.010677 0.025926
0 0.840234 0.263194 0.013802 0.026389
0 0.593620 0.201852 0.014323 0.023148
0 0.555729 0.246991 0.011979 0.027315
0 0.538542 0.230787 0.014063 0.016204
0 0.535937 0.180324 0.016667 0.024537
0 0.520443 0.239583 0.014323 0.017130
0 0.493099 0.248611 0.017969 0.021296
0 0.471745 0.253009 0.014323 0.016204
0 0.381120 0.258102 0.014323 0.016204
0 0.263281 0.239815 0.017708 0.018519
