0 0.626953 0.147685 0.014323 0.023148
0 0.237500 0.433102 0.022917 0.015278
0 0.675911 0.640972 0.014844 0.014352
0 0.648698 0.167824 0.012500 0.025463
0 0.536979 0.574306 0.016146 0.018056
0 0.602344 0.592593 0.012500 0.017593
0 0.008464 0.235185 0.016406 0.017593
0 0.881380 0.511806 0.011198 0.019907
0 0.776823 0.105787 0.013542 0.018981
0 0.236719 0.374537 0.018750 0.018519
0 0.482292 0.563194 0.016667 0.015278
0 0.239453 0.569213 0.017448 0.018056
0 0.708724 0.710880 0.012240 0.028241
0 0.847005 0.129861 0.014844 0.020833
0 0.944141 0.486343 0.017448 0.019907
0 0.691406 0.122454 0.015625 0.025463
0 0.006380 0.554861 0.010677 0.018056
0 0.867839 0.616667 0.013281 0.026852
0 0.719010 0.744213 0.014583 0.028241
0 0.364583 0.223148 0.019271 0.015741
0 0.348958 0.569444 0.015104 0.016667
0 0.063932 0.340046 0.019010 0.015278
0 0.537630 0.213889 0.017448 0.016667
0 0.558464 0.210417 0.016406 0.017130
0 0.579167 0.198611 0.016146 0.016667
0 0.591406 0.259259 0.012500 0.040741
0 0.513932 0.457176 0.016406 0.015278
0 0.583333 0.500000 0.013021 0.022222
0 0.707031 0.751157 0.019271 0.039352
0 0.723698 0.719676 0.012500 0.020833
0 0.733594 0.749306 0.011979 0.022685
0 0.739583 0.775694 0.011458 0.030093
0 0.732943 0.805324 0.010677 0.029167
0 0.752604 0.872685 0.011458 0.030556
0 0.742318 0.889583 0.009635 0.035648
0 0.745443 0.979630 0.009115 0.027778
0 0.755990 0.972222 0.007812 0.028704
0 0.793099 0.639815 0.017969 0.012037
0 0.737760 0.401157 0.017188 0.014352
0 0.933854 0.130787 0.016146 0.016204
0 0.793620 0.041667 0.016927 0.032407
0 0.771745 0.034028 0.014844 0.026389
