0 0.688281 0.634954 0.015104 0.016204
0 0.666146 0.137037 0.015625 0.022222
0 0.716797 0.694676 0.012240 0.023611
0 0.917448 0.507870 0.016667 0.024074
0 0.568620 0.581019 0.013802 0.015741
0 0.696354 0.693981 0.013542 0.025000
0 0.151953 0.567130 0.018490 0.014815
0 0.749870 0.807870 0.009635 0.025000
0 0.729167 0.767130 0.013542 0.028704
0 0.311719 0.575694 0.019792 0.015278
0 0.758724 0.914120 0.008594 0.029167
0 0.191927 0.240278 0.017708 0.015741
0 0.214193 0.216435 0.017448 0.013426
0 0.748828 0.962500 0.008073 0.025926
0 0.732552 0.734259 0.011458 0.024074
0 0.260807 0.436574 0.017969 0.015741
0 0.755078 0.839352 0.010156 0.027778
0 0.743359 0.770602 0.009635 0.023611
0 0.391536 0.571065 0.015885 0.012500
0 0.512891 0.221065 0.017448 0.019907
0 0.424740 0.462731 0.016667 0.014352
0 0.161979 0.220370 0.017708 0.015741
0 0.301172 0.235185 0.015885 0.015741
0 0.441406 0.568287 0.016667 0.014352
0 0.538411 0.220139 0.017448 0.019907
0 0.648177 0.443287 0.019271 0.018056
0 0.860677 0.122222 0.017188 0.017593
0 0.934635 0.356713 0.019271 0.017130
0 0.716797 0.739120 0.012240 0.023611
0 0.738672 0.807870 0.009635 0.025000
0 0.742448 0.845370 0.009375 0.023148
0 0.757812 0.874769 0.008854 0.027315
0 0.746094 0.876620 0.008854 0.024537
0 0.749089 0.915278 0.008594 0.023148
0 0.759245 0.964352 0.008073 0.025926
