0 0.884375 0.535880 0.015625 0.018981
0 0.506120 0.610417 0.011198 0.014352
0 0.629167 0.704630 0.012500 0.016667
0 0.591927 0.196991 0.011979 0.018056
0 0.594661 0.651157 0.011198 0.018981
0 0.626953 0.675231 0.011198 0.015278
0 0.844922 0.592130 0.013802 0.022222
0 0.685547 0.849769 0.008594 0.020833
0 0.928125 0.511806 0.014583 0.018981
0 0.218229 0.586343 0.015104 0.017130
0 0.251823 0.240278 0.018229 0.015741
0 0.025911 0.441204 0.014844 0.017593
0 0.665495 0.743056 0.011719 0.023148
0 0.561458 0.599074 0.010937 0.021296
0 0.723177 0.141667 0.014583 0.018519
0 0.668620 0.147454 0.015885 0.017130
0 0.796875 0.164120 0.015625 0.018981
0 0.562370 0.155093 0.012760 0.021296
0 0.073698 0.392824 0.016667 0.017130
0 0.138151 0.260648 0.015365 0.015741
0 0.690625 0.811806 0.009375 0.019907
0 0.772917 0.856713 0.009896 0.024537
0 0.839844 0.175694 0.015625 0.018981
0 0.891276 0.331019 0.020573 0.022222
0 0.808594 0.365741 0.015625 0.018519
0 0.743490 0.384491 0.015625 0.018981
0 0.961719 0.305093 0.013021 0.016667
0 0.828776 0.280093 0.012760 0.025000
0 0.845443 0.677546 0.011198 0.027315
2 0.822526 0.763194 0.026823 0.055093
0 0.667839 0.792361 0.011719 0.023611
0 0.699740 0.855093 0.009375 0.024074
0 0.692969 0.912269 0.009375 0.027315
0 0.707812 0.946528 0.009375 0.027315
0 0.567187 0.569444 0.010937 0.021296
0 0.560677 0.296296 0.010937 0.021296
0 0.628906 0.011574 0.011979 0.022222
0 0.727344 0.091435 0.011979 0.022685
0 0.719531 0.059491 0.011979 0.022685
0 0.727865 0.030787 0.011979 0.022685
0 0.706510 0.017130 0.010417 0.024074
2 0.743880 0.075000 0.024219 0.052778
2 0.512370 0.242824 0.029427 0.025463
2 0.477474 0.254861 0.029427 0.025463
0 0.413021 0.411806 0.016667 0.016204
0 0.439844 0.260880 0.016667 0.016204
0 0.410026 0.259491 0.016927 0.016204
0 0.382161 0.257176 0.016927 0.016204
0 0.348177 0.257639 0.013542 0.015278
0 0.088802 0.379398 0.016667 0.017130
