0 0.469010 0.443750 0.015625 0.017130
0 0.377604 0.424537 0.019792 0.016667
0 0.626823 0.214815 0.014063 0.022222
0 0.708594 0.893750 0.010417 0.029167
0 0.754297 0.164815 0.012760 0.016667
0 0.879167 0.689815 0.017708 0.029630
0 0.909115 0.220370 0.018229 0.014815
0 0.698828 0.837731 0.009635 0.023611
0 0.602083 0.633796 0.015625 0.021296
0 0.302214 0.490972 0.020573 0.017130
0 0.395573 0.506944 0.017188 0.013889
0 0.746615 0.015972 0.010937 0.022685
0 0.824219 0.207407 0.013021 0.023148
0 0.580859 0.306481 0.011198 0.025926
0 0.697656 0.888657 0.010417 0.029167
0 0.681250 0.827546 0.010417 0.029167
