0 0.695833 0.636574 0.019271 0.018519
0 0.658464 0.631944 0.016927 0.022222
0 0.919531 0.518056 0.018229 0.023148
0 0.685547 0.120370 0.016406 0.025000
0 0.801693 0.103241 0.015885 0.020370
0 0.717969 0.695602 0.015625 0.027315
0 0.698958 0.693056 0.016667 0.028704
0 0.935417 0.561343 0.015625 0.026389
0 0.953385 0.478241 0.017708 0.022222
0 0.047005 0.570139 0.016927 0.017130
0 0.752474 0.804861 0.011719 0.026389
0 0.068620 0.347685 0.016406 0.015741
0 0.353646 0.210185 0.017708 0.016667
0 0.760026 0.883796 0.010677 0.029630
0 0.324479 0.384722 0.017188 0.016667
0 0.352083 0.231944 0.020833 0.018519
0 0.432812 0.400000 0.020313 0.015741
0 0.557292 0.203935 0.015104 0.018056
0 0.600000 0.301852 0.010937 0.026852
0 0.619922 0.168056 0.012760 0.024074
0 0.626432 0.206250 0.011198 0.024537
0 0.862240 0.315278 0.016667 0.020370
0 0.847135 0.385880 0.018750 0.016204
0 0.870703 0.567593 0.020573 0.023148
0 0.761068 0.982407 0.009635 0.024074
2 0.751172 0.940509 0.012760 0.044907
0 0.745182 0.858796 0.011198 0.031481
0 0.736719 0.804167 0.012500 0.029630
0 0.735026 0.741435 0.011719 0.027315
0 0.722786 0.749074 0.014323 0.026852
0 0.599479 0.517130 0.013021 0.027778
