0 0.769010 0.674074 0.014063 0.013889
0 0.937240 0.511343 0.014063 0.017130
0 0.915365 0.534028 0.014583 0.018056
0 0.726562 0.771065 0.009896 0.022685
0 0.808203 0.104167 0.013281 0.022222
0 0.710417 0.722454 0.011979 0.020833
0 0.659766 0.644907 0.011719 0.020370
0 0.771354 0.029398 0.012500 0.024537
0 0.420703 0.228935 0.015885 0.012500
0 0.670964 0.141435 0.013281 0.021759
0 0.852604 0.175694 0.015625 0.018981
0 0.452604 0.444676 0.016146 0.012500
0 0.853646 0.140278 0.016146 0.022222
0 0.624740 0.222222 0.011979 0.024074
0 0.183984 0.564583 0.013802 0.012500
0 0.756771 0.866435 0.008333 0.021759
0 0.046484 0.231481 0.019010 0.012963
0 0.282552 0.396759 0.012500 0.012963
0 0.740625 0.825231 0.008854 0.021759
0 0.279036 0.235648 0.012760 0.012963
0 0.725260 0.723148 0.011979 0.022222
0 0.264193 0.564120 0.016406 0.011574
0 0.336328 0.231713 0.013281 0.012500
0 0.074089 0.345370 0.012760 0.012963
0 0.844010 0.396065 0.016146 0.012500
0 0.955599 0.293750 0.015885 0.014352
2 0.924479 0.282407 0.030729 0.020370
0 0.896094 0.459722 0.013542 0.023148
2 0.883203 0.533333 0.021615 0.047222
0 0.605990 0.543056 0.011979 0.022222
0 0.615625 0.530093 0.011979 0.022222
0 0.740755 0.769676 0.009635 0.021759
0 0.749219 0.808102 0.008854 0.021759
0 0.746615 0.892824 0.008333 0.021759
0 0.757552 0.903935 0.008333 0.021759
0 0.758073 0.941435 0.008333 0.021759
0 0.749219 0.968750 0.008333 0.021759
0 0.757552 0.979861 0.008333 0.021759
