0 0.590234 0.645370 0.013802 0.030556
0 0.293880 0.248148 0.016927 0.012037
0 0.993359 0.209259 0.007031 0.012037
0 0.649609 0.755787 0.016927 0.027315
0 0.153646 0.412731 0.023958 0.014352
0 0.686589 0.857176 0.013281 0.028241
0 0.632812 0.208102 0.016146 0.025463
0 0.882292 0.674537 0.018229 0.031481
0 0.213932 0.402546 0.020573 0.014352
0 0.807292 0.857176 0.012500 0.026389
0 0.894010 0.361806 0.018229 0.018981
0 0.733333 0.155787 0.024479 0.018981
0 0.906250 0.376620 0.018229 0.018981
0 0.612760 0.421991 0.018229 0.018981
0 0.808073 0.776389 0.014063 0.033333
