0 0.646484 0.751157 0.014323 0.023611
0 0.430078 0.446065 0.016927 0.013426
0 0.596745 0.628472 0.012760 0.026389
0 0.618620 0.212037 0.016927 0.021296
0 0.919531 0.439120 0.020833 0.016204
0 0.639844 0.707176 0.014583 0.024537
0 0.631120 0.422454 0.017969 0.016204
0 0.685156 0.170833 0.017188 0.017593
0 0.705469 0.408565 0.022396 0.013426
1 0.977865 0.566898 0.040104 0.040278
0 0.778906 0.173843 0.015625 0.018056
0 0.339583 0.444444 0.016146 0.012963
0 0.593099 0.661111 0.012240 0.025000
0 0.374870 0.421296 0.014844 0.013889
0 0.576432 0.569907 0.011198 0.025926
0 0.683594 0.787731 0.011458 0.022685
0 0.709375 0.900926 0.008333 0.026852
0 0.577865 0.310880 0.013021 0.029167
0 0.650521 0.034954 0.010417 0.026389
0 0.740755 0.158796 0.016927 0.017593
0 0.910547 0.218056 0.018490 0.014815
2 0.954036 0.219907 0.024219 0.018519
