0 0.227344 0.590278 0.015104 0.012037
0 0.592448 0.655324 0.013021 0.025463
0 0.792318 0.467593 0.017448 0.017593
0 0.946875 0.216667 0.012500 0.013889
0 0.708464 0.899769 0.008594 0.029167
0 0.685547 0.851157 0.009115 0.021759
2 0.834635 0.263889 0.012500 0.025926
0 0.669792 0.408102 0.018750 0.012500
0 0.656120 0.707176 0.014323 0.011574
0 0.801823 0.185880 0.019271 0.018981
0 0.739974 0.161574 0.017969 0.019444
0 0.580599 0.588657 0.011719 0.025463
0 0.620964 0.667593 0.012760 0.019444
0 0.656120 0.761574 0.013281 0.025000
0 0.684115 0.787731 0.009896 0.023611
0 0.696875 0.835880 0.009375 0.021759
0 0.699870 0.943519 0.007552 0.025926
0 0.710026 0.977778 0.007552 0.025926
0 0.781120 0.983796 0.008594 0.028704
0 0.879948 0.675231 0.009896 0.015278
0 0.776042 0.112037 0.010937 0.023148
0 0.649479 0.026852 0.010937 0.023148
