0 0.575391 0.613194 0.010677 0.018981
0 0.650000 0.738194 0.013021 0.021759
0 0.336198 0.467361 0.016667 0.014352
0 0.687760 0.857870 0.008854 0.025000
0 0.644401 0.694907 0.014323 0.015741
0 0.665755 0.438194 0.015885 0.012500
2 0.984115 0.347454 0.031771 0.031019
0 0.061589 0.431713 0.014844 0.017130
0 0.618490 0.175231 0.015104 0.020833
0 0.532031 0.316204 0.009375 0.024074
0 0.989583 0.148148 0.008333 0.012037
2 0.400651 0.256019 0.022135 0.016667
0 0.668880 0.781944 0.012760 0.024074
0 0.793099 0.624306 0.015365 0.024537
0 0.843359 0.250000 0.011719 0.024074
0 0.673177 0.134491 0.014063 0.013426
0 0.773568 0.130787 0.013281 0.020833
0 0.466276 0.402315 0.013281 0.012037
0 0.431641 0.256481 0.013281 0.012037
0 0.460417 0.252546 0.014583 0.011574
0 0.481771 0.249306 0.014583 0.011574
0 0.504948 0.244907 0.013542 0.012963
0 0.523177 0.233796 0.013542 0.012963
1 0.064193 0.373380 0.026823 0.017130
0 0.315365 0.594213 0.014583 0.009722
0 0.683073 0.912963 0.008854 0.025000
0 0.692969 0.904861 0.007292 0.019907
0 0.695182 0.956019 0.008073 0.026852
0 0.788802 0.873611 0.010937 0.025000
0 0.801953 0.812037 0.013802 0.030556
0 0.826172 0.608796 0.010677 0.024074
0 0.623568 0.463657 0.015885 0.012500
0 0.610417 0.406250 0.013542 0.010648
0 0.806641 0.335648 0.014844 0.012963
0 0.794792 0.197685 0.014063 0.023148
0 0.582682 0.176389 0.011198 0.020370
0 0.633464 0.034491 0.008594 0.020833
0 0.704297 0.012269 0.008594 0.020833
