0 0.511198 0.595602 0.021354 0.022685
0 0.676693 0.682639 0.015885 0.021759
0 0.578516 0.219444 0.014844 0.030556
0 0.646224 0.131944 0.016406 0.026852
0 0.596875 0.619676 0.021354 0.019907
0 0.552083 0.189815 0.016667 0.017593
0 0.281120 0.467130 0.021094 0.012037
0 0.432682 0.456250 0.020573 0.019907
0 0.134245 0.385417 0.023177 0.018981
0 0.789714 0.077315 0.019010 0.024074
0 0.682031 0.732176 0.013542 0.027315
0 0.285938 0.404167 0.020313 0.015741
0 0.199349 0.439583 0.022656 0.018056
0 0.714974 0.798611 0.015365 0.028704
0 0.354557 0.405787 0.020052 0.018056
0 0.132161 0.362731 0.023177 0.018981
0 0.209766 0.398843 0.023177 0.018981
0 0.392057 0.387269 0.020052 0.018056
0 0.579818 0.395602 0.020573 0.019907
0 0.600130 0.371065 0.020573 0.019907
0 0.560026 0.327778 0.014844 0.030556
0 0.875391 0.309491 0.020573 0.019907
0 0.880208 0.681019 0.015104 0.033333
0 0.858333 0.771759 0.015104 0.033333
0 0.834635 0.845833 0.015104 0.033333
0 0.814583 0.841667 0.015104 0.033333
0 0.796094 0.945370 0.015104 0.033333
0 0.662630 0.692824 0.015885 0.021759
0 0.710417 0.750694 0.013542 0.027315
2 0.703906 0.812037 0.021354 0.056481
