0 0.670312 0.653704 0.015625 0.025926
0 0.930599 0.496528 0.015365 0.020833
0 0.620313 0.170602 0.015625 0.018056
0 0.910156 0.426389 0.010417 0.032407
0 0.292708 0.568056 0.016667 0.015741
0 0.725651 0.758565 0.011719 0.028241
2 0.831510 0.610880 0.020833 0.026389
0 0.668750 0.141435 0.016667 0.024537
0 0.669661 0.046528 0.012760 0.026389
0 0.696484 0.692824 0.011719 0.018056
0 0.949870 0.483102 0.016406 0.019907
0 0.755729 0.096991 0.015625 0.019907
0 0.737109 0.793519 0.014844 0.028704
0 0.799870 0.637500 0.019010 0.021296
0 0.239583 0.573611 0.015104 0.014815
0 0.770573 0.033102 0.012500 0.026389
0 0.663802 0.610185 0.014063 0.025000
0 0.863542 0.624537 0.010417 0.027778
0 0.749219 0.795833 0.010417 0.026852
0 0.800130 0.095139 0.018490 0.018056
0 0.241016 0.438194 0.019531 0.017130
2 0.152083 0.443287 0.022917 0.018056
0 0.724740 0.099306 0.017708 0.018981
1 0.951172 0.347222 0.034635 0.030556
0 0.664844 0.356019 0.019792 0.018519
0 0.183073 0.240046 0.017708 0.015278
0 0.730208 0.726620 0.012500 0.027315
0 0.842839 0.156250 0.015365 0.023611
0 0.144271 0.241898 0.013542 0.016204
0 0.567057 0.587037 0.017448 0.018519
0 0.795312 0.035185 0.014063 0.026852
0 0.861458 0.148380 0.014583 0.024537
0 0.872266 0.213889 0.015885 0.027778
0 0.855599 0.324537 0.015885 0.016667
0 0.752734 0.352315 0.015885 0.016667
0 0.694141 0.366667 0.015885 0.016667
2 0.830859 0.392361 0.040885 0.030093
0 0.803776 0.941204 0.009635 0.033333
0 0.738151 0.753704 0.013281 0.028704
0 0.753906 0.835185 0.010417 0.026852
0 0.744531 0.839583 0.009896 0.024537
0 0.758594 0.877083 0.009896 0.024537
0 0.760807 0.918519 0.008594 0.026852
0 0.750260 0.966898 0.007812 0.028241
2 0.748568 0.887269 0.013281 0.044907
