0 0.107552 0.253935 0.017188 0.012500
0 0.583984 0.642824 0.013281 0.021759
0 0.455859 0.599074 0.014323 0.014815
0 0.583464 0.187269 0.011198 0.022685
0 0.015495 0.255324 0.015885 0.013426
0 0.539062 0.628935 0.015104 0.018056
0 0.211328 0.599769 0.013281 0.010648
0 0.398828 0.464815 0.013281 0.012963
0 0.189844 0.392361 0.017188 0.015278
0 0.674349 0.870833 0.008594 0.021296
0 0.694010 0.834028 0.009896 0.027315
0 0.694401 0.941667 0.007552 0.024074
0 0.689583 0.687731 0.019271 0.013426
0 0.672786 0.762731 0.010677 0.022685
0 0.830859 0.550926 0.012240 0.023148
0 0.726953 0.684722 0.013281 0.014815
0 0.868880 0.558796 0.014323 0.016667
0 0.851562 0.383796 0.017708 0.012963
0 0.408464 0.487963 0.015885 0.012037
0 0.093099 0.394444 0.016927 0.012963
0 0.343359 0.403472 0.014844 0.011574
0 0.233594 0.579630 0.013542 0.011111
0 0.562240 0.556944 0.011458 0.025000
0 0.620052 0.463889 0.016667 0.012037
0 0.629818 0.398380 0.014844 0.013426
0 0.658464 0.762963 0.011198 0.025000
0 0.670312 0.796759 0.010937 0.025000
0 0.683203 0.840509 0.008594 0.024537
0 0.702995 0.949769 0.006510 0.025463
0 0.693099 0.990741 0.005990 0.018519
0 0.754557 0.942593 0.006510 0.023148
0 0.841667 0.262963 0.013021 0.028704
0 0.767708 0.126852 0.013021 0.021296
0 0.746484 0.080324 0.012760 0.025463
0 0.639714 0.151389 0.019531 0.020370
0 0.547786 0.161111 0.013802 0.020370
0 0.529427 0.233796 0.014063 0.014815
0 0.507552 0.237731 0.014063 0.013426
0 0.471615 0.251389 0.015104 0.012037
0 0.447917 0.254861 0.010417 0.012500
0 0.410417 0.253472 0.014583 0.012500
0 0.388281 0.254167 0.013021 0.012963
0 0.362240 0.253241 0.014063 0.012963
0 0.790104 0.342824 0.016146 0.016204
