0 0.688021 0.692593 0.013021 0.021296
0 0.534245 0.201620 0.013802 0.013426
0 0.565495 0.185880 0.017448 0.017130
0 0.691146 0.732407 0.013021 0.019444
0 0.565365 0.612731 0.017188 0.018981
0 0.650000 0.691667 0.015625 0.024074
0 0.773047 0.334491 0.023698 0.018981
0 0.712370 0.739120 0.014323 0.024537
0 0.229818 0.574306 0.016927 0.015278
0 0.567448 0.271991 0.012500 0.031019
0 0.257552 0.469444 0.020313 0.015741
0 0.657943 0.130556 0.016927 0.027778
0 0.019792 0.229167 0.019271 0.019444
0 0.738151 0.950463 0.007552 0.025926
0 0.641667 0.079167 0.015625 0.032407
0 0.749089 0.962731 0.009635 0.030093
0 0.730469 0.853935 0.011458 0.027315
0 0.107813 0.364583 0.019271 0.018981
0 0.023698 0.366204 0.019271 0.019444
0 0.260547 0.401620 0.019531 0.018981
0 0.273438 0.206944 0.019271 0.019444
0 0.631771 0.159491 0.016146 0.029167
0 0.856120 0.137269 0.016927 0.028241
0 0.972396 0.115741 0.016667 0.019444
0 0.945052 0.291898 0.020313 0.024537
0 0.819922 0.317130 0.017448 0.017593
0 0.824349 0.337731 0.017448 0.018056
0 0.659766 0.362269 0.017448 0.018056
0 0.904818 0.488657 0.011198 0.029167
0 0.656771 0.676852 0.015625 0.024074
0 0.711849 0.738194 0.014323 0.024537
0 0.716797 0.796528 0.013281 0.029167
0 0.734115 0.805093 0.013021 0.025926
0 0.741146 0.851620 0.011458 0.024537
0 0.729948 0.988194 0.008854 0.022685
0 0.902865 0.427083 0.009896 0.026389
