0 0.588672 0.189120 0.014844 0.018981
0 0.887500 0.536111 0.016667 0.018519
0 0.652344 0.705556 0.014063 0.025000
0 0.212370 0.460185 0.015885 0.016667
0 0.134635 0.593519 0.014063 0.013889
0 0.675781 0.805324 0.010417 0.021759
0 0.214844 0.584722 0.014063 0.014815
0 0.551693 0.620833 0.013802 0.015741
0 0.950130 0.483102 0.015365 0.018056
0 0.621354 0.659491 0.015625 0.018056
0 0.698568 0.848148 0.010677 0.022222
0 0.663672 0.771759 0.010677 0.023148
0 0.704688 0.900231 0.007812 0.022685
0 0.729036 0.421065 0.017969 0.013426
0 0.939844 0.536111 0.015104 0.016667
0 0.187891 0.261806 0.015885 0.012500
0 0.839714 0.260185 0.012760 0.022222
0 0.692057 0.819676 0.008594 0.019907
0 0.222526 0.400231 0.011198 0.015278
0 0.508724 0.243981 0.016927 0.015741
0 0.458464 0.221065 0.013802 0.013426
0 0.448307 0.255787 0.013802 0.013426
0 0.470443 0.252315 0.016406 0.014815
0 0.623177 0.381944 0.016146 0.014815
0 0.616927 0.405093 0.016146 0.014815
0 0.544661 0.346528 0.010156 0.022685
2 0.561198 0.212731 0.021354 0.023611
0 0.719661 0.444213 0.017969 0.013426
0 0.662240 0.142361 0.018229 0.019907
0 0.830859 0.560880 0.011719 0.026389
0 0.641146 0.725000 0.013021 0.022222
0 0.684766 0.841667 0.010677 0.022222
2 0.677865 0.768750 0.016667 0.034722
0 0.696224 0.914352 0.009115 0.025926
0 0.750130 0.981481 0.009115 0.025926
