0 0.887370 0.273380 0.012240 0.015278
0 0.862240 0.370833 0.014583 0.010185
0 0.316146 0.542593 0.015104 0.023148
0 0.383073 0.646759 0.009375 0.025926
0 0.416016 0.413889 0.015365 0.013889
0 0.382422 0.686343 0.008594 0.024537
0 0.411198 0.821296 0.013021 0.012963
0 0.461198 0.336111 0.021354 0.011111
0 0.383724 0.723843 0.007552 0.023611
0 0.983724 0.392593 0.014323 0.014815
0 0.114714 0.586343 0.011719 0.024537
0 0.380469 0.457407 0.016146 0.020370
0 0.474219 0.421759 0.012500 0.012963
0 0.406250 0.887269 0.013021 0.014352
0 0.723698 0.438889 0.012500 0.012963
0 0.429297 0.960648 0.017448 0.012963
0 0.724349 0.039120 0.009635 0.015278
0 0.336198 0.376620 0.009896 0.025463
0 0.383073 0.765509 0.006250 0.020833
0 0.122396 0.268981 0.016667 0.025000
0 0.864193 0.154167 0.010677 0.024074
0 0.410547 0.805556 0.012240 0.012037
0 0.202995 0.365741 0.008594 0.025000
1 0.293620 0.114120 0.017448 0.069907
0 0.407292 0.786806 0.013542 0.010648
0 0.127995 0.216898 0.014844 0.024537
0 0.819271 0.443981 0.012500 0.017593
0 0.241667 0.166204 0.021354 0.019444
0 0.432292 0.978704 0.013542 0.016667
0 0.254167 0.286806 0.009375 0.022685
0 0.594922 0.345833 0.020052 0.016667
0 0.346224 0.244213 0.014323 0.024537
0 0.007292 0.331944 0.012500 0.016667
0 0.849870 0.153704 0.010156 0.023148
0 0.244141 0.218519 0.008594 0.021296
0 0.249219 0.007639 0.010937 0.014352
0 0.676693 0.042593 0.015885 0.015741
0 0.440495 0.930093 0.012760 0.015741
0 0.362370 0.951852 0.008073 0.023148
0 0.442188 0.912731 0.014063 0.014352
0 0.016276 0.670833 0.010677 0.014815
0 0.411849 0.843981 0.011198 0.009259
0 0.894922 0.446759 0.014844 0.013889
0 0.165495 0.181019 0.013281 0.018519
0 0.675000 0.126389 0.013021 0.011111
0 0.564323 0.278472 0.011979 0.013426
0 0.863542 0.007176 0.009375 0.013426
0 0.158594 0.218519 0.015625 0.023148
0 0.617448 0.365278 0.019271 0.015741
0 0.295443 0.190972 0.013802 0.017130
0 0.258073 0.106481 0.006771 0.016667
0 0.283073 0.209954 0.013542 0.017130
0 0.279167 0.062500 0.008854 0.025000
0 0.269792 0.081481 0.008854 0.025000
0 0.273698 0.123611 0.008854 0.025000
0 0.284115 0.134722 0.008854 0.025000
0 0.739974 0.037269 0.009635 0.015278
0 0.721875 0.172917 0.009375 0.015278
0 0.711849 0.173843 0.009635 0.015278
0 0.931120 0.138657 0.011198 0.018056
0 0.941276 0.147454 0.011198 0.018056
0 0.018099 0.655556 0.010677 0.014815
0 0.013672 0.691667 0.016927 0.015741
0 0.270573 0.726389 0.010937 0.025000
0 0.229167 0.950000 0.010937 0.025000
0 0.239193 0.988657 0.008594 0.021759
0 0.361068 0.984259 0.008073 0.023148
0 0.382552 0.941667 0.008333 0.023148
0 0.381120 0.868519 0.008073 0.023148
0 0.381771 0.836806 0.008333 0.022685
0 0.410417 0.859028 0.013021 0.014352
0 0.411198 0.874769 0.013021 0.014352
