0 0.667318 0.793750 0.011198 0.025463
0 0.636719 0.726389 0.013021 0.022222
2 0.752995 0.156250 0.028906 0.034722
0 0.087760 0.252778 0.017708 0.014815
0 0.215885 0.579398 0.016146 0.015278
0 0.585286 0.644444 0.014323 0.023148
0 0.616536 0.714815 0.013802 0.020370
0 0.588151 0.211343 0.012760 0.023611
0 0.608203 0.130324 0.013281 0.029167
0 0.723177 0.079398 0.009375 0.023611
0 0.035937 0.537037 0.015104 0.019444
0 0.818359 0.599306 0.014323 0.028241
0 0.712891 0.145833 0.015885 0.015741
0 0.682292 0.843519 0.008333 0.023148
0 0.833073 0.549537 0.010937 0.025926
2 0.734375 0.050694 0.025521 0.065278
0 0.705990 0.017824 0.009896 0.028241
0 0.405078 0.258102 0.015885 0.015278
0 0.715234 0.053009 0.008594 0.024537
2 0.690234 0.143981 0.027344 0.024074
0 0.579557 0.115046 0.013802 0.027315
0 0.528125 0.188889 0.014063 0.020370
0 0.563932 0.280556 0.010156 0.022222
0 0.541797 0.318981 0.008594 0.025000
0 0.532031 0.243287 0.016667 0.019907
0 0.512760 0.246528 0.016667 0.019907
0 0.490885 0.251157 0.016667 0.019907
0 0.455339 0.406944 0.014323 0.015741
0 0.445964 0.257870 0.013281 0.014815
0 0.372786 0.259954 0.015885 0.015278
0 0.690625 0.902778 0.006771 0.020370
0 0.695052 0.977315 0.009896 0.026852
0 0.783984 0.912731 0.008073 0.025463
0 0.813021 0.686574 0.011458 0.028704
0 0.861458 0.466667 0.008333 0.025000
