0 0.574740 0.312500 0.009896 0.025926
0 0.626042 0.682176 0.014063 0.019907
0 0.754427 0.155556 0.017188 0.013889
0 0.677214 0.164815 0.016927 0.021296
0 0.875911 0.213657 0.014844 0.013426
0 0.624349 0.184028 0.012760 0.018981
0 0.164974 0.398380 0.016927 0.015278
0 0.338802 0.406250 0.014583 0.011574
0 0.414453 0.436806 0.014844 0.013426
0 0.491667 0.436343 0.015104 0.015278
0 0.584896 0.436111 0.017188 0.012963
0 0.568099 0.494213 0.015885 0.015278
0 0.382943 0.496759 0.020573 0.014815
0 0.846094 0.391898 0.016146 0.017130
0 0.801302 0.178241 0.016667 0.014815
0 0.926562 0.212037 0.016146 0.012963
0 0.683984 0.791435 0.011198 0.025463
2 0.675781 0.404167 0.051562 0.021296
