0 0.029557 0.250000 0.020052 0.016667
0 0.603255 0.190278 0.016927 0.023148
0 0.593490 0.652546 0.013021 0.023611
0 0.663281 0.786806 0.010937 0.025463
0 0.570052 0.657407 0.015104 0.022222
0 0.440104 0.600694 0.014583 0.015278
0 0.237500 0.586806 0.016667 0.016204
0 0.630729 0.065278 0.010937 0.023148
1 0.658333 0.385880 0.043229 0.021759
0 0.751693 0.093519 0.013802 0.024074
0 0.988672 0.343287 0.017448 0.015278
0 0.432943 0.256944 0.016927 0.019444
0 0.268359 0.586343 0.017448 0.016204
0 0.493620 0.250000 0.019531 0.016667
0 0.284635 0.237500 0.016146 0.016667
0 0.470182 0.254398 0.014323 0.016204
0 0.895312 0.321296 0.015625 0.017593
0 0.732031 0.387037 0.017708 0.020370
0 0.728125 0.045602 0.010937 0.024537
0 0.710547 0.033796 0.009635 0.022222
0 0.622917 0.030556 0.010937 0.023148
0 0.746745 0.136806 0.013281 0.025463
0 0.788021 0.203472 0.012500 0.022685
0 0.818750 0.207176 0.012500 0.022685
2 0.843490 0.263194 0.029687 0.061574
0 0.821094 0.607176 0.015104 0.022685
2 0.799349 0.732870 0.022656 0.048148
2 0.781771 0.812731 0.022396 0.055093
0 0.782161 0.912500 0.010677 0.025000
0 0.677083 0.780324 0.010937 0.025463
0 0.689974 0.840046 0.009635 0.026389
0 0.639974 0.734259 0.012760 0.024074
0 0.548177 0.556944 0.010417 0.020370
0 0.548698 0.232407 0.017188 0.019444
0 0.454557 0.254398 0.014323 0.016204
0 0.411849 0.258333 0.016927 0.019444
0 0.315495 0.596991 0.017448 0.016204
0 0.703125 0.948380 0.010417 0.043981
