0 0.593229 0.598148 0.014583 0.017593
0 0.732292 0.753009 0.008854 0.024537
0 0.055729 0.420370 0.014583 0.016667
0 0.732161 0.657639 0.013802 0.014352
0 0.846224 0.130324 0.014323 0.019907
0 0.659375 0.645139 0.011458 0.021759
0 0.430339 0.465046 0.014323 0.015278
0 0.720182 0.710417 0.012240 0.023611
0 0.696745 0.701852 0.013281 0.025926
0 0.719792 0.799537 0.012500 0.032407
0 0.716016 0.742361 0.012240 0.022685
0 0.656120 0.613657 0.013802 0.020833
0 0.735286 0.901389 0.008073 0.026852
0 0.622135 0.208565 0.011979 0.024537
0 0.733594 0.800694 0.009375 0.019907
2 0.896484 0.517824 0.015885 0.035648
0 0.157422 0.366435 0.014844 0.016204
0 0.742448 0.869213 0.009896 0.026389
0 0.312891 0.382176 0.013281 0.019907
0 0.117708 0.238194 0.015104 0.014352
0 0.963542 0.128935 0.016146 0.014352
0 0.202995 0.220602 0.020052 0.015278
0 0.279427 0.217824 0.017708 0.015278
0 0.344792 0.404167 0.015625 0.014815
2 0.588411 0.197685 0.023698 0.024074
0 0.646875 0.171065 0.011979 0.024537
1 0.680208 0.128241 0.036458 0.046296
0 0.812630 0.070139 0.014323 0.019907
0 0.933594 0.138889 0.016146 0.016667
2 0.877214 0.608102 0.015885 0.035648
0 0.906380 0.437037 0.009635 0.024074
0 0.754557 0.944907 0.007031 0.023148
0 0.737109 0.978472 0.007031 0.028241
0 0.746615 0.981713 0.007292 0.022685
