0 0.671094 0.692130 0.016667 0.026852
0 0.976432 0.162731 0.015365 0.014352
0 0.828646 0.335880 0.018750 0.012500
0 0.613281 0.211574 0.013021 0.023148
0 0.759896 0.027083 0.013542 0.031944
0 0.330339 0.468750 0.021094 0.013426
0 0.225911 0.239352 0.016406 0.015741
0 0.499089 0.454398 0.021094 0.018056
0 0.596354 0.560417 0.013021 0.018981
0 0.984635 0.284259 0.013021 0.015741
0 0.647656 0.153009 0.018229 0.026389
0 0.555339 0.225463 0.016927 0.018519
0 0.687240 0.809722 0.010937 0.030556
0 0.624870 0.621528 0.014323 0.028241
0 0.587370 0.204167 0.016406 0.022222
0 0.685547 0.136343 0.020052 0.019907
0 0.038932 0.419444 0.016406 0.015741
0 0.221354 0.375000 0.019271 0.015741
0 0.429557 0.392824 0.021094 0.018056
0 0.512891 0.236343 0.021094 0.018056
0 0.631380 0.460880 0.021094 0.018056
0 0.697656 0.366667 0.018229 0.017593
0 0.782813 0.082639 0.013542 0.031944
0 0.809896 0.128704 0.013542 0.026852
0 0.860417 0.167361 0.019792 0.020833
0 0.679818 0.750926 0.014323 0.031481
0 0.673438 0.761806 0.014063 0.030093
0 0.707552 0.778935 0.014063 0.030093
0 0.803385 0.780324 0.014063 0.030093
0 0.708203 0.841667 0.012760 0.035185
0 0.725521 0.910880 0.010937 0.031944
0 0.726042 0.981250 0.010937 0.031944
