0 0.632031 0.707639 0.014063 0.025463
0 0.570573 0.218750 0.015625 0.018981
0 0.730599 0.152778 0.011198 0.016667
0 0.153255 0.456713 0.015885 0.016204
0 0.714583 0.691667 0.015625 0.014815
0 0.409375 0.593981 0.015104 0.013889
0 0.971615 0.523148 0.014583 0.018519
0 0.976432 0.170139 0.016927 0.014352
0 0.124219 0.244907 0.021354 0.016667
0 0.520833 0.617593 0.015625 0.015741
0 0.592187 0.662731 0.015104 0.017130
0 0.662370 0.778704 0.011198 0.022222
0 0.092448 0.385417 0.016146 0.017130
0 0.710938 0.021528 0.009896 0.025463
0 0.683203 0.800463 0.011719 0.029630
0 0.166797 0.584028 0.015885 0.016204
0 0.279557 0.252546 0.015885 0.016204
0 0.311849 0.252083 0.020052 0.018056
0 0.345182 0.254630 0.015885 0.019444
0 0.376823 0.254167 0.015104 0.018519
0 0.420052 0.255093 0.014583 0.015741
0 0.457292 0.253241 0.014583 0.015741
0 0.493750 0.250463 0.014583 0.015741
0 0.532552 0.235648 0.014583 0.015741
0 0.559896 0.397685 0.014583 0.015741
0 0.631120 0.169444 0.015365 0.023148
0 0.620313 0.089815 0.010937 0.024074
0 0.627865 0.012269 0.010937 0.023611
0 0.647005 0.020602 0.010156 0.024537
0 0.741797 0.072222 0.012760 0.025000
0 0.751172 0.095139 0.011198 0.022685
0 0.788672 0.202546 0.011198 0.022685
1 0.726042 0.074306 0.026562 0.065278
0 0.795443 0.744907 0.010677 0.023148
0 0.580599 0.598843 0.013281 0.023611
0 0.627214 0.731250 0.013281 0.027315
0 0.670703 0.758333 0.011198 0.022222
0 0.675651 0.813889 0.011719 0.029630
0 0.694141 0.845602 0.010156 0.025463
0 0.700651 0.895139 0.010156 0.025463
0 0.700130 0.948843 0.010156 0.025463
0 0.756120 0.934491 0.010156 0.025463
