0 0.623828 0.687963 0.017448 0.027778
0 0.592969 0.265278 0.016146 0.028704
0 0.656641 0.183102 0.017448 0.024537
0 0.705729 0.167593 0.019271 0.020370
0 0.623307 0.225463 0.019531 0.028704
0 0.157031 0.254861 0.018750 0.014352
0 0.857161 0.210417 0.016927 0.018981
0 0.947917 0.217593 0.018750 0.011111
0 0.868229 0.698611 0.015625 0.024074
0 0.564583 0.252546 0.019271 0.020833
0 0.359375 0.418750 0.018750 0.014352
0 0.202734 0.409722 0.022656 0.018519
0 0.571875 0.419676 0.018750 0.014352
0 0.640625 0.434028 0.018750 0.014352
0 0.898177 0.220602 0.015104 0.017130
0 0.755208 0.049769 0.014063 0.025463
0 0.764323 0.083102 0.014063 0.025463
0 0.773047 0.113657 0.013802 0.030093
0 0.706771 0.905324 0.011458 0.031019
