0 0.647005 0.714815 0.015365 0.025926
0 0.586589 0.178009 0.013802 0.023611
0 0.754297 0.159954 0.013802 0.018981
0 0.951172 0.184259 0.017448 0.015741
0 0.786719 0.768750 0.015104 0.029167
0 0.673047 0.771296 0.012760 0.025000
0 0.832812 0.187269 0.016146 0.018981
0 0.500130 0.610185 0.016406 0.017593
0 0.986328 0.512037 0.010677 0.017593
0 0.685807 0.950463 0.007552 0.025926
0 0.717578 0.056944 0.010156 0.029630
2 0.912760 0.575000 0.030729 0.042593
0 0.602734 0.452315 0.018490 0.014815
0 0.461328 0.252315 0.014844 0.017593
0 0.711458 0.023380 0.009896 0.024537
0 0.581510 0.641435 0.012500 0.020833
0 0.624219 0.087037 0.013021 0.026852
0 0.679557 0.444444 0.017969 0.014815
0 0.437109 0.252315 0.017448 0.016667
0 0.664844 0.153241 0.016667 0.019444
0 0.686589 0.827315 0.011198 0.026852
0 0.665495 0.799537 0.011198 0.025000
0 0.322656 0.250926 0.016146 0.013889
0 0.079687 0.238426 0.018229 0.015741
0 0.225000 0.387731 0.017708 0.016204
0 0.478255 0.250926 0.014844 0.017593
0 0.500130 0.243519 0.014844 0.017593
2 0.529818 0.236343 0.029948 0.028241
0 0.749740 0.100463 0.013542 0.024074
0 0.738021 0.070833 0.013542 0.024074
0 0.729297 0.092130 0.012240 0.030556
0 0.884245 0.191435 0.016406 0.013426
0 0.838802 0.340046 0.016667 0.018056
0 0.663021 0.402315 0.015625 0.016667
0 0.516927 0.458796 0.015625 0.012037
0 0.551693 0.327083 0.008594 0.031019
2 0.503255 0.484028 0.039844 0.021759
0 0.548958 0.563426 0.014063 0.024074
0 0.570573 0.577315 0.014063 0.024074
0 0.580990 0.640509 0.012500 0.020833
0 0.697005 0.935417 0.007552 0.026389
0 0.647786 0.783565 0.013802 0.027315
0 0.770052 0.826620 0.015104 0.029167
0 0.768490 0.925694 0.015104 0.029167
