0 0.702474 0.738194 0.012760 0.023611
0 0.597656 0.175926 0.018229 0.023148
0 0.856771 0.689352 0.012500 0.024074
0 0.634896 0.156481 0.017708 0.022222
0 0.751693 0.087500 0.020052 0.017593
0 0.533594 0.204630 0.019271 0.015741
0 0.858333 0.185648 0.018229 0.025926
0 0.747135 0.365741 0.018229 0.013889
0 0.876432 0.167593 0.015885 0.025000
0 0.775130 0.035185 0.014323 0.028704
2 0.717578 0.436806 0.027865 0.019907
0 0.501432 0.215278 0.020052 0.015741
0 0.100911 0.353704 0.017448 0.013889
0 0.627474 0.611111 0.014844 0.026852
0 0.406120 0.395139 0.020052 0.016204
0 0.791406 0.027083 0.015625 0.030093
0 0.822917 0.114352 0.015104 0.016667
0 0.905599 0.316898 0.022135 0.020833
2 0.888151 0.528472 0.023698 0.054167
0 0.907552 0.633796 0.015625 0.026852
0 0.721484 0.787037 0.013281 0.030556
0 0.730729 0.933102 0.009896 0.032870
