0 0.947266 0.494444 0.016406 0.018519
0 0.633464 0.612037 0.015365 0.018519
0 0.729427 0.771991 0.011979 0.024537
0 0.597656 0.500926 0.009375 0.015741
0 0.731641 0.100231 0.017448 0.017130
0 0.748828 0.810185 0.010677 0.028704
0 0.716667 0.729630 0.011458 0.022222
0 0.611198 0.112037 0.013542 0.021296
0 0.699219 0.687500 0.012500 0.025926
0 0.815365 0.128241 0.016146 0.021296
0 0.465104 0.571528 0.016667 0.016204
0 0.697396 0.661574 0.014063 0.024074
0 0.223307 0.569907 0.015885 0.014815
0 0.744661 0.860880 0.009635 0.029167
0 0.789583 0.019907 0.012500 0.023148
0 0.156771 0.222685 0.018229 0.016667
0 0.229687 0.368287 0.017188 0.014352
0 0.564714 0.218981 0.017969 0.017593
0 0.661719 0.149537 0.015625 0.022222
0 0.750521 0.339583 0.017188 0.018056
0 0.163021 0.375694 0.017188 0.014352
0 0.046615 0.231019 0.018229 0.016667
0 0.607161 0.271065 0.010677 0.027315
0 0.586328 0.316898 0.010677 0.027315
0 0.543359 0.217824 0.014323 0.017130
0 0.723958 0.363194 0.017188 0.018056
0 0.774479 0.351157 0.017188 0.018056
0 0.875781 0.297917 0.017188 0.018056
0 0.989844 0.276157 0.017188 0.018056
0 0.972266 0.134954 0.016927 0.015278
0 0.779557 0.042824 0.013281 0.030093
0 0.800391 0.050463 0.012760 0.026852
0 0.732812 0.735880 0.012500 0.026389
0 0.739714 0.819444 0.010677 0.028704
0 0.754818 0.850000 0.008594 0.026852
0 0.757682 0.897685 0.008594 0.026852
0 0.748437 0.930093 0.007812 0.025000
0 0.757031 0.985648 0.007812 0.025000
0 0.746875 0.986574 0.007812 0.025000
