0 0.528646 0.574306 0.018750 0.019907
0 0.661198 0.646528 0.012500 0.018056
0 0.889714 0.540741 0.013802 0.022222
0 0.704557 0.685880 0.013281 0.020833
0 0.179297 0.568750 0.016406 0.012500
0 0.727995 0.103935 0.013802 0.016204
0 0.744531 0.946528 0.011979 0.025463
0 0.643880 0.137963 0.012240 0.018519
0 0.641276 0.064120 0.011719 0.021759
0 0.347266 0.459491 0.017448 0.013426
0 0.696484 0.696528 0.014323 0.020833
0 0.581641 0.289583 0.011198 0.023611
0 0.114714 0.368981 0.019531 0.014815
0 0.652865 0.600231 0.015104 0.019907
0 0.773047 0.044213 0.011198 0.024537
0 0.716536 0.747454 0.012240 0.028241
0 0.981120 0.133102 0.012240 0.015278
0 0.424219 0.439583 0.017188 0.009722
0 0.856510 0.182639 0.011979 0.020833
0 0.158724 0.378241 0.015885 0.014815
0 0.288411 0.374537 0.015885 0.014815
0 0.478776 0.461111 0.015885 0.014815
0 0.400130 0.395370 0.015885 0.014815
0 0.599089 0.307176 0.011198 0.023611
2 0.815365 0.077083 0.035937 0.057870
0 0.655208 0.356713 0.016146 0.013426
0 0.902214 0.435648 0.013802 0.022222
0 0.920182 0.583796 0.013802 0.022222
0 0.752344 0.853241 0.010417 0.024074
0 0.728646 0.794444 0.010417 0.024074
0 0.741927 0.865741 0.010417 0.024074
0 0.754167 0.895370 0.010417 0.024074
0 0.754167 0.960880 0.011979 0.025463
0 0.796224 0.962731 0.011719 0.023611
1 0.738932 0.770602 0.023177 0.066204
