0 0.585807 0.205787 0.014323 0.020833
0 0.629687 0.711574 0.014583 0.022222
0 0.229687 0.478009 0.015104 0.013426
0 0.654167 0.759491 0.013021 0.023611
0 0.222135 0.578935 0.015625 0.014352
0 0.626823 0.673843 0.012500 0.019907
0 0.625781 0.172454 0.015625 0.018981
0 0.607812 0.699769 0.013021 0.018056
0 0.579557 0.666898 0.015365 0.018981
0 0.665885 0.746759 0.011979 0.025926
0 0.291927 0.587500 0.014583 0.014815
0 0.869661 0.565278 0.009115 0.016667
0 0.854688 0.513657 0.009896 0.023611
0 0.293099 0.463194 0.016927 0.015278
0 0.671224 0.803704 0.011198 0.025926
0 0.697005 0.143519 0.015885 0.013889
0 0.441667 0.600231 0.018750 0.014352
0 0.581901 0.635880 0.014844 0.026389
0 0.512630 0.243981 0.014844 0.015741
0 0.787760 0.643519 0.013542 0.018519
0 0.400260 0.594213 0.015104 0.016204
0 0.688672 0.803241 0.010156 0.022222
0 0.412630 0.256481 0.015365 0.013889
0 0.446615 0.258102 0.016146 0.015278
0 0.286849 0.403704 0.018490 0.014815
0 0.368620 0.258796 0.015365 0.013889
0 0.477865 0.255324 0.016146 0.015278
0 0.538021 0.174074 0.013021 0.021296
0 0.544271 0.345370 0.009375 0.028704
0 0.590365 0.617361 0.016667 0.032870
0 0.694792 0.851852 0.008333 0.024074
0 0.701302 0.901852 0.008333 0.024074
0 0.691016 0.929630 0.010156 0.030556
0 0.703125 0.945833 0.007292 0.023148
0 0.753385 0.953241 0.010417 0.028704
0 0.809115 0.700926 0.011979 0.026852
2 0.881641 0.616667 0.017969 0.027778
0 0.932161 0.516435 0.015365 0.018981
0 0.825781 0.363889 0.016667 0.019444
0 0.816536 0.234954 0.009635 0.020833
0 0.723828 0.075694 0.009635 0.020833
