0 0.751302 0.358102 0.015104 0.012500
0 0.591276 0.346991 0.019010 0.014352
0 0.425000 0.341435 0.015625 0.013426
0 0.384245 0.647685 0.007031 0.025926
0 0.509375 0.340046 0.016667 0.014352
0 0.156380 0.218056 0.013802 0.023148
0 0.271354 0.554398 0.016146 0.018981
0 0.128125 0.226157 0.019271 0.031019
0 0.980078 0.378241 0.016927 0.012037
0 0.409766 0.784954 0.013802 0.014352
0 0.409115 0.802083 0.013542 0.011574
0 0.285807 0.580324 0.016927 0.019907
0 0.336979 0.456481 0.012500 0.027778
0 0.728646 0.039352 0.013021 0.013889
0 0.987109 0.396759 0.016927 0.015741
0 0.117188 0.579398 0.008333 0.025463
0 0.384896 0.684028 0.008854 0.019907
0 0.411719 0.820139 0.015625 0.013426
0 0.567318 0.274537 0.013281 0.014815
0 0.471354 0.417593 0.017188 0.012963
0 0.429427 0.955556 0.015625 0.012963
0 0.443620 0.910185 0.016406 0.016667
0 0.411849 0.868287 0.013802 0.013426
0 0.204818 0.361806 0.008594 0.029167
0 0.411458 0.854398 0.011979 0.013426
0 0.677474 0.127546 0.011198 0.013426
1 0.182161 0.697917 0.010156 0.034722
0 0.433854 0.974537 0.016667 0.013889
0 0.384505 0.721065 0.008594 0.026389
0 0.413932 0.836806 0.014844 0.011574
0 0.800651 0.426157 0.016927 0.015278
0 0.442839 0.925231 0.016406 0.012500
0 0.382682 0.280787 0.014844 0.019907
0 0.137760 0.495833 0.016146 0.026852
0 0.240365 0.571991 0.014583 0.016204
0 0.035547 0.318056 0.017448 0.017593
0 0.236589 0.770602 0.008073 0.023611
0 0.714583 0.418750 0.016146 0.014352
0 0.384245 0.760185 0.005990 0.022222
0 0.078906 0.288194 0.015625 0.018981
0 0.362891 0.950694 0.007552 0.023611
0 0.158203 0.521296 0.016927 0.023148
0 0.163932 0.606250 0.008073 0.026389
1 0.682031 0.038194 0.018229 0.012500
0 0.123568 0.443519 0.013281 0.027778
0 0.179167 0.762500 0.008333 0.028704
0 0.177604 0.053009 0.009375 0.031019
0 0.260937 0.052546 0.005729 0.025463
0 0.243880 0.402546 0.008594 0.026389
0 0.177995 0.613426 0.008073 0.026852
0 0.181641 0.647917 0.008594 0.031019
1 0.190495 0.586806 0.029948 0.029167
0 0.230208 0.595139 0.014583 0.016204
1 0.379557 0.109028 0.012760 0.079167
0 0.215234 0.465046 0.008073 0.025463
0 0.401172 0.440972 0.019010 0.013426
0 0.409115 0.883333 0.017188 0.012037
0 0.382031 0.832639 0.006771 0.023611
0 0.382292 0.861806 0.004687 0.017130
0 0.382943 0.939815 0.007031 0.030556
0 0.361589 0.978935 0.007552 0.024537
0 0.232161 0.857870 0.008073 0.036111
0 0.244271 0.844444 0.006771 0.027778
0 0.232552 0.932407 0.006771 0.027778
0 0.241667 0.946759 0.006771 0.027778
0 0.712240 0.173380 0.009375 0.029167
0 0.726042 0.168056 0.012500 0.017593
0 0.594922 0.408333 0.020573 0.014815
0 0.851172 0.153009 0.008594 0.023611
0 0.743229 0.035648 0.013021 0.013889
0 0.933203 0.140509 0.010677 0.026389
0 0.944531 0.143056 0.009375 0.032407
