0 0.589063 0.168981 0.010937 0.018519
0 0.599479 0.671065 0.013542 0.023611
0 0.026302 0.251620 0.019271 0.013426
0 0.651953 0.715278 0.013281 0.025000
0 0.880599 0.553704 0.014323 0.019444
0 0.588542 0.225231 0.012500 0.023611
0 0.678646 0.825000 0.010417 0.026852
0 0.032552 0.428009 0.015104 0.016204
0 0.913802 0.566667 0.015104 0.019444
0 0.309245 0.489583 0.014323 0.014352
0 0.950391 0.485648 0.017448 0.017593
0 0.510417 0.204630 0.015625 0.017593
0 0.894661 0.185417 0.017448 0.015278
0 0.064453 0.390278 0.016406 0.016667
0 0.661068 0.769444 0.010677 0.021296
0 0.699349 0.140972 0.016927 0.019907
0 0.684115 0.791667 0.008333 0.016667
0 0.561979 0.544676 0.010937 0.024537
0 0.763021 0.156713 0.013542 0.021759
0 0.706641 0.948843 0.008594 0.026389
0 0.469661 0.428472 0.017448 0.017130
0 0.662109 0.146065 0.015885 0.016204
0 0.410807 0.236111 0.014844 0.015741
0 0.708984 0.371296 0.016927 0.013889
0 0.641667 0.729861 0.013542 0.021759
0 0.392448 0.257176 0.016146 0.016204
0 0.412891 0.428935 0.014844 0.012500
0 0.423047 0.601157 0.014844 0.012500
0 0.360417 0.260417 0.016146 0.016204
0 0.321484 0.259491 0.012760 0.014352
0 0.423047 0.263426 0.014844 0.015741
2 0.476562 0.255324 0.026562 0.022685
2 0.505990 0.246528 0.026562 0.022685
0 0.535677 0.238426 0.015625 0.017593
0 0.558724 0.295139 0.011719 0.027315
0 0.707943 0.391667 0.016927 0.013889
0 0.618099 0.411111 0.016927 0.013889
0 0.547396 0.416204 0.021875 0.017593
0 0.777083 0.140972 0.013542 0.021759
0 0.724219 0.077778 0.013021 0.025926
0 0.709766 0.028009 0.010677 0.025463
2 0.735417 0.053704 0.021354 0.051852
0 0.622917 0.668287 0.013542 0.020833
0 0.614583 0.709028 0.013542 0.020833
0 0.692969 0.830556 0.010417 0.026852
0 0.695312 0.948380 0.008854 0.026389
0 0.689844 0.883102 0.008854 0.026389
0 0.703906 0.896065 0.008854 0.026389
0 0.770833 0.989120 0.008854 0.021759
0 0.837760 0.562963 0.010417 0.025926
2 0.873307 0.627083 0.034635 0.051389
0 0.937240 0.179398 0.013021 0.012500
0 0.799479 0.181713 0.014063 0.022685
