0 0.733333 0.723148 0.019271 0.017593
0 0.655078 0.729861 0.013281 0.023611
0 0.248307 0.594676 0.014323 0.016204
0 0.301172 0.414815 0.017448 0.012037
0 0.122526 0.461111 0.020573 0.018519
0 0.305859 0.238657 0.015365 0.018056
0 0.811458 0.186343 0.015104 0.017130
0 0.626172 0.212500 0.016406 0.021296
0 0.558203 0.318056 0.011719 0.030556
0 0.649349 0.024074 0.011719 0.030556
0 0.697656 0.156713 0.013542 0.016204
0 0.742578 0.162269 0.013802 0.013426
0 0.603776 0.645602 0.013281 0.023611
0 0.580729 0.601620 0.011458 0.024537
0 0.691797 0.823380 0.008594 0.020833
0 0.704427 0.897685 0.007292 0.024074
0 0.709115 0.969444 0.007292 0.024074
