0 0.153255 0.217361 0.016927 0.014352
0 0.868099 0.213194 0.013802 0.024537
0 0.110547 0.200231 0.017448 0.014352
0 0.006120 0.210880 0.008594 0.015278
0 0.532161 0.203472 0.014323 0.014352
0 0.565365 0.192593 0.016146 0.016667
2 0.751042 0.694907 0.031771 0.025926
0 0.616797 0.181481 0.014844 0.027778
0 0.720313 0.093981 0.018750 0.017593
2 0.166276 0.446065 0.027865 0.021759
0 0.203646 0.387731 0.017708 0.016204
0 0.925130 0.608102 0.016406 0.025463
0 0.692708 0.748380 0.011458 0.025463
0 0.195443 0.199306 0.016927 0.014352
0 0.489323 0.376852 0.016146 0.016667
0 0.509635 0.401389 0.016146 0.016667
0 0.739844 0.347222 0.016146 0.016667
0 0.657422 0.035185 0.014844 0.027778
0 0.766016 0.093750 0.019010 0.018056
0 0.802604 0.119444 0.016146 0.022222
0 0.791667 0.038194 0.018229 0.030093
0 0.767578 0.029861 0.010156 0.020833
0 0.870964 0.549769 0.016406 0.025463
0 0.879036 0.607176 0.012760 0.031019
0 0.859766 0.779398 0.012760 0.031019
0 0.795443 0.665278 0.019010 0.021296
