0 0.527083 0.574306 0.015104 0.013426
0 0.843359 0.129167 0.014844 0.027778
0 0.633724 0.141435 0.012760 0.023611
0 0.948307 0.485648 0.014323 0.016667
0 0.738151 0.758333 0.011198 0.027778
1 0.754036 0.658333 0.042448 0.025000
0 0.845703 0.691204 0.011719 0.024074
0 0.774089 0.111343 0.016927 0.018981
0 0.601432 0.607176 0.016406 0.018981
0 0.026302 0.565741 0.018229 0.014815
0 0.929948 0.499074 0.014583 0.020370
0 0.155859 0.386574 0.015885 0.016667
0 0.756771 0.872222 0.008333 0.024074
0 0.747396 0.805093 0.012500 0.027778
0 0.776432 0.053241 0.013802 0.029630
0 0.805859 0.631944 0.017969 0.022222
0 0.890755 0.551852 0.014323 0.030556
0 0.909896 0.451389 0.011458 0.030556
0 0.104297 0.375694 0.018490 0.016204
2 0.203516 0.562731 0.021094 0.018981
0 0.598437 0.298148 0.009896 0.030556
0 0.848307 0.386111 0.017969 0.019444
0 0.721094 0.752083 0.009896 0.018056
0 0.224609 0.400926 0.015885 0.016667
0 0.044010 0.362500 0.021875 0.016667
0 0.418359 0.229398 0.017448 0.014352
0 0.501953 0.380787 0.017448 0.014352
0 0.638151 0.362037 0.016406 0.016667
2 0.621224 0.211111 0.015885 0.037963
0 0.795443 0.046759 0.013281 0.025926
0 0.884115 0.238657 0.012500 0.025463
2 0.710677 0.426389 0.023958 0.018519
0 0.938281 0.546991 0.015625 0.023611
2 0.873437 0.710417 0.027604 0.056944
0 0.611719 0.509491 0.013021 0.028241
0 0.601302 0.523380 0.010937 0.025463
0 0.724609 0.719676 0.011719 0.022685
0 0.710807 0.722917 0.011719 0.022685
0 0.738411 0.814120 0.011198 0.026389
0 0.745703 0.883796 0.009635 0.028704
0 0.757422 0.939583 0.008073 0.026389
0 0.748958 0.951852 0.007292 0.022222
