0 0.991146 0.349074 0.017708 0.018519
0 0.796875 0.093519 0.020833 0.019444
0 0.157292 0.454630 0.018750 0.016667
0 0.584115 0.624769 0.016667 0.017130
0 0.841146 0.649537 0.016146 0.020370
0 0.733854 0.925231 0.008854 0.027315
0 0.181901 0.589815 0.020052 0.016667
0 0.657031 0.044444 0.013542 0.030556
0 0.622786 0.125926 0.014323 0.025926
0 0.660807 0.694676 0.014323 0.018056
0 0.721615 0.781019 0.011458 0.024074
0 0.727474 0.865278 0.010156 0.028704
0 0.719010 0.826389 0.012500 0.025926
0 0.561068 0.198380 0.017969 0.018056
0 0.701172 0.760880 0.015365 0.032870
0 0.083073 0.363889 0.018750 0.016667
0 0.408333 0.225231 0.021875 0.014352
0 0.566667 0.323380 0.012500 0.028241
0 0.893620 0.483565 0.011719 0.031019
0 0.872786 0.727546 0.014844 0.031944
0 0.803385 0.915046 0.010417 0.028241
0 0.794531 0.976620 0.010417 0.028241
