0 0.929427 0.495370 0.016146 0.022222
0 0.631771 0.146065 0.010937 0.025463
0 0.746354 0.817361 0.008333 0.023611
0 0.726042 0.744444 0.011458 0.021296
0 0.032161 0.239352 0.014323 0.012037
0 0.541536 0.574537 0.014844 0.016667
0 0.709245 0.709491 0.013281 0.019907
0 0.809375 0.113657 0.016667 0.020833
0 0.650260 0.032176 0.011979 0.020833
0 0.657292 0.621296 0.012500 0.016667
0 0.360677 0.573611 0.015625 0.014815
0 0.784635 0.019444 0.011979 0.025926
0 0.954818 0.473148 0.014844 0.017593
0 0.705339 0.730093 0.013802 0.025926
0 0.738932 0.787037 0.010156 0.023148
0 0.751042 0.873611 0.011458 0.026852
0 0.869401 0.646296 0.011719 0.029630
0 0.710156 0.103935 0.016146 0.018056
0 0.728516 0.708796 0.010677 0.022222
0 0.736328 0.854630 0.009115 0.025926
0 0.741536 0.753009 0.010156 0.023611
0 0.899740 0.549306 0.013542 0.025463
0 0.749089 0.659954 0.014323 0.014352
0 0.655469 0.591898 0.012500 0.018056
0 0.284505 0.220370 0.014323 0.012037
0 0.549089 0.209259 0.014844 0.016667
0 0.685807 0.426852 0.014844 0.016667
0 0.853776 0.298611 0.014844 0.016667
2 0.881771 0.215046 0.013021 0.026389
2 0.596224 0.188426 0.023177 0.026852
0 0.815495 0.064815 0.014323 0.024074
0 0.862240 0.113426 0.014063 0.015741
0 0.879818 0.684259 0.011719 0.029630
0 0.761849 0.866204 0.008073 0.022222
0 0.755859 0.814815 0.008073 0.022222
0 0.743490 0.935417 0.008333 0.023611
0 0.753125 0.934491 0.008333 0.023611
0 0.764062 0.968750 0.008333 0.023611
0 0.753125 0.972222 0.007292 0.023148
