0 0.667708 0.684028 0.014583 0.013426
0 0.687760 0.853241 0.009375 0.022222
0 0.546875 0.537500 0.011979 0.024074
0 0.929167 0.501389 0.015625 0.016667
0 0.745182 0.671991 0.015885 0.015278
0 0.603385 0.130556 0.011458 0.026852
0 0.674870 0.791667 0.009115 0.021296
0 0.628255 0.055093 0.009115 0.022222
0 0.697526 0.835880 0.010677 0.023611
0 0.162240 0.577778 0.013021 0.015741
0 0.423698 0.465741 0.021354 0.012037
0 0.551693 0.267130 0.010677 0.024074
0 0.683984 0.779861 0.009635 0.024537
0 0.712630 0.049074 0.009115 0.022222
0 0.726562 0.089815 0.009896 0.021296
0 0.729167 0.140046 0.014583 0.013426
0 0.798047 0.195139 0.014844 0.022685
0 0.537760 0.225926 0.014583 0.018519
2 0.515234 0.241204 0.020052 0.021296
0 0.492578 0.250000 0.015885 0.014815
0 0.470182 0.252315 0.015885 0.012963
0 0.446745 0.256481 0.015885 0.012963
0 0.575391 0.617361 0.013281 0.022685
0 0.600260 0.628009 0.015625 0.023611
0 0.660677 0.756944 0.013021 0.025000
0 0.705990 0.913426 0.009375 0.022222
0 0.694661 0.936343 0.009115 0.027315
