0 0.969141 0.286806 0.020052 0.014352
0 0.107161 0.224537 0.018490 0.013889
0 0.396484 0.577315 0.018490 0.013889
0 0.576172 0.206713 0.019010 0.024537
0 0.828776 0.148148 0.017969 0.018519
0 0.674870 0.698611 0.014844 0.022222
0 0.956120 0.373611 0.021094 0.016667
0 0.138932 0.415278 0.020052 0.015741
0 0.041406 0.227778 0.015104 0.012037
0 0.715625 0.828935 0.010937 0.029167
0 0.993229 0.273611 0.009375 0.016667
0 0.615234 0.147222 0.013802 0.030556
0 0.708464 0.125694 0.019531 0.018981
0 0.622135 0.198611 0.015625 0.026852
0 0.782552 0.075694 0.013021 0.023611
0 0.298568 0.228935 0.021094 0.013426
0 0.227214 0.214583 0.015365 0.011574
0 0.089714 0.365509 0.020573 0.016204
0 0.756641 0.012037 0.011198 0.023148
0 0.097005 0.346528 0.019531 0.015278
0 0.391276 0.409259 0.020052 0.015741
0 0.533203 0.405093 0.020052 0.015741
0 0.421484 0.388426 0.024740 0.017593
0 0.239193 0.391667 0.024740 0.017593
0 0.612370 0.398611 0.020052 0.015741
0 0.599609 0.380093 0.020052 0.015741
0 0.744922 0.375000 0.020052 0.015741
0 0.812630 0.360648 0.020052 0.015741
0 0.939974 0.320833 0.020052 0.015741
0 0.919141 0.171296 0.020052 0.015741
0 0.769792 0.043750 0.013021 0.023611
0 0.879167 0.484722 0.011979 0.028704
0 0.588802 0.540741 0.011979 0.028704
0 0.695833 0.750231 0.014583 0.032870
0 0.722396 0.884954 0.008854 0.030093
0 0.790365 0.949769 0.008854 0.030093
0 0.722135 0.954398 0.008854 0.030093
