0 0.670443 0.790972 0.011198 0.022685
0 0.582682 0.629398 0.011719 0.018981
0 0.973047 0.154167 0.017448 0.012963
0 0.606510 0.187500 0.013542 0.021296
1 0.035026 0.366204 0.025781 0.019444
0 0.661328 0.699537 0.013802 0.015741
0 0.683594 0.934259 0.009896 0.023148
0 0.653125 0.457407 0.015104 0.012037
2 0.398568 0.255093 0.020052 0.012963
0 0.694010 0.431019 0.016667 0.012963
0 0.371745 0.468056 0.019010 0.014815
0 0.806250 0.788657 0.015104 0.033796
0 0.572786 0.196991 0.010677 0.022685
0 0.430208 0.254630 0.015104 0.013889
0 0.459635 0.251389 0.015104 0.013889
0 0.480859 0.249769 0.013802 0.012500
0 0.503776 0.243750 0.013802 0.012500
0 0.522526 0.234028 0.013802 0.012500
0 0.624609 0.061111 0.008594 0.019444
0 0.660286 0.139583 0.016406 0.016204
0 0.526953 0.341667 0.008073 0.023148
0 0.436198 0.403241 0.013021 0.012037
0 0.331510 0.593981 0.015104 0.012963
0 0.092969 0.437037 0.015104 0.012963
0 0.577344 0.412037 0.015104 0.012037
0 0.774740 0.346296 0.016667 0.012963
0 0.836979 0.232870 0.010417 0.023148
0 0.782943 0.184259 0.014844 0.021296
0 0.767188 0.121759 0.013542 0.021296
0 0.794141 0.847685 0.012760 0.026852
0 0.801562 0.611111 0.014583 0.025926
0 0.832422 0.587500 0.011719 0.027778
0 0.694271 0.963889 0.009896 0.023148
0 0.692708 0.911111 0.008854 0.019444
0 0.688932 0.864583 0.008073 0.022685
0 0.653516 0.745139 0.012240 0.021759
