0 0.047396 0.413889 0.017188 0.016667
0 0.774479 0.048148 0.016667 0.030556
0 0.307812 0.590509 0.018229 0.017130
0 0.679036 0.721528 0.015365 0.023611
0 0.808984 0.410880 0.020573 0.015278
0 0.648828 0.643519 0.017448 0.020370
0 0.602474 0.603704 0.013802 0.025926
0 0.391667 0.583102 0.016146 0.016204
0 0.589063 0.521296 0.012500 0.024074
0 0.642057 0.073611 0.014323 0.032407
0 0.716927 0.369676 0.019792 0.018056
0 0.977604 0.132639 0.016667 0.014352
0 0.635677 0.367824 0.019792 0.018056
0 0.471745 0.386574 0.019531 0.015741
0 0.497526 0.402778 0.019531 0.015741
0 0.575521 0.396065 0.019792 0.018056
0 0.747135 0.342361 0.019792 0.018056
0 0.597656 0.166898 0.019792 0.025463
0 0.779427 0.111111 0.017188 0.023148
0 0.954557 0.274537 0.017448 0.019444
0 0.963151 0.293056 0.017448 0.019444
0 0.574740 0.532870 0.012500 0.024074
2 0.650000 0.700926 0.030208 0.044444
0 0.807031 0.984028 0.012500 0.031944
