0 0.244401 0.573148 0.016927 0.015741
0 0.186979 0.551389 0.018750 0.016667
2 0.635677 0.146528 0.018750 0.042130
0 0.124870 0.417824 0.017969 0.017130
0 0.684766 0.635880 0.016927 0.018056
0 0.608333 0.599306 0.015625 0.018056
0 0.867188 0.673380 0.011458 0.028241
0 0.717708 0.655324 0.016667 0.017130
0 0.786458 0.110880 0.017708 0.019907
0 0.827214 0.132870 0.014844 0.025926
0 0.743229 0.770833 0.010417 0.026852
0 0.419661 0.572685 0.016927 0.015741
0 0.342708 0.569213 0.018229 0.018981
0 0.714453 0.735880 0.013281 0.027315
0 0.751953 0.810185 0.010677 0.026852
0 0.849219 0.326620 0.016146 0.015278
0 0.700000 0.700000 0.013542 0.024074
0 0.773438 0.034259 0.010937 0.025000
0 0.081771 0.353472 0.018229 0.018981
0 0.726302 0.766898 0.011458 0.025463
0 0.492839 0.440741 0.016406 0.015741
0 0.177604 0.388657 0.016667 0.015278
0 0.722396 0.704630 0.012500 0.026852
0 0.464193 0.463426 0.016406 0.015741
0 0.360286 0.381481 0.016406 0.015741
0 0.884766 0.199769 0.014323 0.027315
0 0.879036 0.228935 0.014323 0.027315
0 0.888932 0.289583 0.016406 0.018056
0 0.895312 0.541898 0.016146 0.023611
0 0.833854 0.757639 0.011458 0.028241
0 0.849219 0.702315 0.009896 0.020370
0 0.596615 0.506481 0.011979 0.027778
0 0.734896 0.742130 0.011979 0.025000
0 0.741406 0.826620 0.010417 0.028241
0 0.757031 0.853935 0.010417 0.028241
0 0.746484 0.874306 0.009115 0.026389
0 0.759635 0.910185 0.009375 0.029630
0 0.750260 0.937037 0.009375 0.029630
0 0.760156 0.957639 0.008854 0.026389
0 0.758594 0.986806 0.008854 0.026389
