0 0.988672 0.531944 0.016927 0.017593
0 0.727474 0.912731 0.013802 0.045833
0 0.285547 0.571296 0.017448 0.019444
0 0.654818 0.660417 0.015365 0.027315
0 0.436849 0.584259 0.020573 0.016667
1 0.620573 0.175694 0.034375 0.063426
0 0.057292 0.566667 0.023958 0.017593
0 0.628646 0.644444 0.017708 0.023148
0 0.593620 0.174769 0.017448 0.024537
0 0.877995 0.572685 0.013281 0.026852
0 0.036849 0.213194 0.016927 0.016204
0 0.931120 0.309954 0.033073 0.019907
0 0.592969 0.247917 0.013021 0.029167
0 0.762891 0.423843 0.020052 0.014352
0 0.886068 0.236343 0.014844 0.019907
0 0.121615 0.370833 0.018229 0.018519
0 0.281901 0.394907 0.020573 0.016667
0 0.436068 0.396991 0.020573 0.016204
0 0.536068 0.393519 0.020573 0.016667
0 0.089974 0.345602 0.020573 0.016204
0 0.159766 0.201620 0.028906 0.021759
0 0.415625 0.192130 0.023958 0.018519
0 0.539323 0.156019 0.018750 0.018519
0 0.729297 0.368056 0.020573 0.016667
0 0.857943 0.336343 0.020573 0.016204
0 0.718750 0.348843 0.020313 0.016204
0 0.557943 0.326620 0.011719 0.024537
0 0.839974 0.619907 0.013281 0.026852
0 0.599870 0.564120 0.015365 0.027315
0 0.692839 0.723380 0.015365 0.027315
0 0.722526 0.806019 0.012760 0.031481
0 0.838151 0.843056 0.012760 0.031481
0 0.787500 0.968519 0.012500 0.031481
0 0.803646 0.954167 0.012500 0.031481
0 0.741146 0.978704 0.012500 0.031481
