0 0.927995 0.291667 0.014844 0.019444
0 0.311068 0.554167 0.014323 0.025926
0 0.163151 0.535880 0.011198 0.023611
0 0.327995 0.184259 0.014844 0.027778
0 0.044271 0.337269 0.018750 0.018056
0 0.447917 0.911806 0.015625 0.016204
0 0.258594 0.431019 0.009375 0.026852
0 0.294922 0.173843 0.009635 0.028241
0 0.414974 0.820833 0.013802 0.012963
0 0.122396 0.577778 0.009375 0.025926
0 0.243620 0.974306 0.011198 0.024537
0 0.389193 0.686806 0.006510 0.027315
0 0.482422 0.335417 0.017448 0.013426
0 0.261719 0.255556 0.009375 0.030556
0 0.389714 0.646759 0.007552 0.025000
0 0.393620 0.447917 0.014323 0.017130
0 0.413672 0.803935 0.014323 0.013426
0 0.315365 0.587269 0.011979 0.020833
0 0.374219 0.466204 0.013021 0.022222
0 0.857292 0.154398 0.008854 0.025463
0 0.111719 0.254861 0.018750 0.024537
0 0.211849 0.363657 0.011719 0.029167
0 0.134245 0.261343 0.016927 0.030093
0 0.511849 0.418750 0.023177 0.012500
0 0.433724 0.957407 0.014844 0.013889
0 0.413672 0.856019 0.014844 0.012963
0 0.366146 0.980093 0.008333 0.020370
0 0.684115 0.128241 0.016146 0.011111
0 0.414193 0.885417 0.016927 0.015278
0 0.389844 0.722222 0.006250 0.028704
0 0.419271 0.432176 0.009896 0.011574
0 0.454297 0.397454 0.013281 0.010648
0 0.734375 0.038657 0.012500 0.018981
0 0.164974 0.215741 0.016927 0.027778
0 0.416797 0.839583 0.013802 0.013426
0 0.388802 0.760417 0.007812 0.018981
0 0.687370 0.037731 0.013802 0.015278
0 0.278516 0.031019 0.007552 0.025926
0 0.386849 0.834491 0.004948 0.025463
0 0.395573 0.316667 0.018750 0.018519
0 0.477865 0.398380 0.012500 0.011574
0 0.396224 0.421528 0.021094 0.020833
0 0.366667 0.949769 0.006771 0.023611
0 0.245443 0.527083 0.008594 0.018056
0 0.483073 0.416667 0.025000 0.018519
0 0.444922 0.421991 0.014844 0.013426
0 0.288672 0.058333 0.008073 0.028704
0 0.414323 0.869444 0.013021 0.015741
0 0.504427 0.397454 0.016667 0.013426
0 0.386068 0.864120 0.007552 0.022685
0 0.436589 0.972917 0.016927 0.011574
0 0.386589 0.937269 0.007552 0.026389
0 0.563021 0.422222 0.015625 0.012037
0 0.539844 0.419907 0.014583 0.011111
0 0.428646 0.399769 0.015104 0.011574
0 0.365625 0.447222 0.015625 0.021296
0 0.339193 0.440972 0.009115 0.020833
0 0.339714 0.306944 0.008594 0.018519
0 0.320573 0.253935 0.013021 0.023611
0 0.278125 0.085880 0.006771 0.024537
0 0.247396 0.434259 0.006771 0.026852
0 0.244792 0.571296 0.015625 0.014815
0 0.087370 0.457407 0.016406 0.018519
0 0.016146 0.425231 0.015625 0.015278
0 0.026042 0.648843 0.011979 0.009722
0 0.025391 0.665046 0.012760 0.006944
0 0.021745 0.682407 0.019531 0.015741
0 0.300000 0.534491 0.012500 0.018981
0 0.268490 0.815046 0.008333 0.023611
0 0.247396 0.845370 0.005208 0.018519
0 0.265365 0.945833 0.007292 0.032407
0 0.770573 0.363194 0.013021 0.018056
0 0.738021 0.438657 0.011979 0.016204
0 0.718490 0.174306 0.009375 0.022685
0 0.730469 0.170602 0.010937 0.016204
0 0.748568 0.038426 0.012240 0.013889
0 0.940495 0.143056 0.007031 0.023148
0 0.951172 0.146991 0.008073 0.030093
0 0.571745 0.276852 0.010156 0.007407
