0 0.720443 0.159954 0.016927 0.015278
0 0.369922 0.241667 0.023177 0.016667
0 0.911719 0.210648 0.017708 0.012037
0 0.692708 0.874537 0.009375 0.025000
0 0.713932 0.952315 0.007552 0.026852
0 0.871094 0.554398 0.012500 0.024537
0 0.042969 0.380093 0.018750 0.021296
0 0.567839 0.563194 0.010677 0.031944
0 0.621745 0.705556 0.014323 0.021296
0 0.140495 0.406944 0.017448 0.015741
2 0.069922 0.365972 0.035677 0.023611
0 0.327344 0.421759 0.015625 0.015741
0 0.498568 0.430093 0.019531 0.012963
0 0.564063 0.251620 0.014583 0.018981
0 0.589844 0.275694 0.012500 0.027315
0 0.775521 0.174769 0.015625 0.014352
0 0.707031 0.876852 0.009375 0.020370
