0 0.553125 0.559028 0.008854 0.018981
0 0.433854 0.255556 0.015104 0.013889
0 0.983464 0.493519 0.016406 0.017593
0 0.672266 0.851620 0.007552 0.025463
0 0.637891 0.712731 0.013281 0.023611
0 0.230469 0.461343 0.016667 0.011574
0 0.533724 0.476620 0.014844 0.012500
0 0.714323 0.127546 0.013542 0.013426
0 0.655208 0.146528 0.015625 0.024537
0 0.761849 0.661343 0.016406 0.019907
0 0.576172 0.452546 0.015365 0.012500
0 0.007552 0.374769 0.014583 0.016204
0 0.793620 0.163657 0.013802 0.018981
2 0.403906 0.254630 0.020833 0.018519
0 0.822786 0.254861 0.012240 0.025463
0 0.607812 0.111111 0.011458 0.021296
0 0.661328 0.763889 0.011719 0.021296
2 0.931771 0.374074 0.046875 0.034259
0 0.459896 0.251852 0.015104 0.013889
0 0.482031 0.249074 0.015104 0.013889
0 0.503906 0.245139 0.014063 0.013426
0 0.523438 0.234491 0.014063 0.013426
0 0.552214 0.244907 0.011198 0.022222
0 0.552474 0.302315 0.011198 0.022222
0 0.557161 0.393750 0.015365 0.012500
2 0.151042 0.390046 0.024479 0.019907
0 0.710026 0.384028 0.015365 0.014352
0 0.901432 0.303009 0.014844 0.017130
0 0.807682 0.678241 0.010156 0.025926
0 0.595833 0.667361 0.014063 0.017130
0 0.684635 0.834491 0.008854 0.023611
0 0.691016 0.882407 0.008594 0.021296
0 0.693750 0.932407 0.008333 0.022222
0 0.696484 0.970833 0.008594 0.026852
0 0.774609 0.952315 0.008594 0.026852
0 0.786719 0.888426 0.012500 0.032407
0 0.713281 0.050231 0.008333 0.021759
0 0.725260 0.030556 0.009896 0.021296
