0 0.906771 0.528704 0.016146 0.020370
0 0.715365 0.652315 0.016667 0.014815
0 0.866016 0.556019 0.013802 0.022222
0 0.246484 0.572454 0.016406 0.014352
0 0.695964 0.108102 0.016927 0.022685
0 0.783073 0.647917 0.017708 0.016204
0 0.548307 0.374769 0.020573 0.015278
0 0.218750 0.236574 0.018229 0.014815
0 0.663802 0.623611 0.019271 0.018519
0 0.297005 0.574537 0.016406 0.016667
0 0.946224 0.134259 0.016406 0.016667
0 0.145313 0.565278 0.015625 0.013889
0 0.610677 0.256250 0.012500 0.030093
0 0.695443 0.690509 0.014844 0.026389
0 0.750000 0.813194 0.010417 0.025463
0 0.262630 0.232639 0.016927 0.016204
0 0.846745 0.714352 0.012760 0.029630
0 0.746094 0.890509 0.009375 0.023611
0 0.465365 0.224537 0.017188 0.013889
0 0.403255 0.210417 0.014323 0.015278
0 0.533984 0.181019 0.015885 0.018519
0 0.567969 0.582639 0.017708 0.016204
0 0.786068 0.014583 0.013281 0.027315
0 0.865234 0.306019 0.016927 0.017593
0 0.953516 0.349074 0.016927 0.017593
0 0.853776 0.778704 0.012760 0.029630
0 0.815365 0.854167 0.011458 0.027778
0 0.725130 0.716435 0.011719 0.024537
0 0.735417 0.743287 0.011458 0.027315
0 0.709766 0.725000 0.013802 0.025926
0 0.721224 0.751620 0.011198 0.025463
0 0.733984 0.786806 0.011719 0.031944
0 0.743229 0.771065 0.010417 0.025463
0 0.742188 0.833565 0.008854 0.026389
0 0.756771 0.864120 0.009375 0.029167
0 0.758594 0.907176 0.008333 0.027315
0 0.757812 0.945602 0.008333 0.027315
0 0.748177 0.946065 0.007812 0.025463
0 0.796354 0.982176 0.009896 0.029167
