0 0.607943 0.674537 0.012240 0.019444
0 0.772135 0.696528 0.015625 0.018056
0 0.524349 0.455093 0.014323 0.013889
0 0.677604 0.817130 0.008333 0.024074
0 0.640755 0.692361 0.013802 0.022685
0 0.273438 0.576389 0.016667 0.013889
0 0.688021 0.880324 0.008854 0.029167
0 0.694010 0.842130 0.008854 0.028704
0 0.589844 0.643981 0.012500 0.020370
0 0.690885 0.928009 0.009375 0.024537
0 0.593880 0.161806 0.012760 0.027315
0 0.600391 0.207176 0.011719 0.018981
0 0.096354 0.540741 0.013542 0.012963
0 0.920703 0.394907 0.016927 0.016667
0 0.908203 0.375000 0.019010 0.019444
0 0.954297 0.987963 0.027344 0.016667
0 0.746224 0.072917 0.011198 0.021759
0 0.481901 0.482639 0.015365 0.014352
0 0.016146 0.340278 0.016667 0.016667
2 0.505599 0.248148 0.025260 0.023148
0 0.713281 0.028009 0.010417 0.025463
0 0.679948 0.780556 0.009375 0.022222
2 0.562891 0.594676 0.027344 0.056944
0 0.060417 0.354167 0.015625 0.012963
0 0.081250 0.376852 0.014583 0.012963
1 0.365755 0.400231 0.044010 0.022685
0 0.547005 0.400000 0.014323 0.013889
0 0.382943 0.249769 0.016406 0.012500
2 0.411979 0.225000 0.021875 0.021296
0 0.441797 0.253704 0.013802 0.013889
0 0.472786 0.250000 0.013802 0.013889
0 0.533464 0.233333 0.015365 0.014815
0 0.519010 0.197222 0.014583 0.020370
0 0.586328 0.109722 0.011719 0.019444
0 0.617708 0.050694 0.013542 0.028241
0 0.675260 0.142361 0.014583 0.015278
0 0.727995 0.026389 0.012760 0.029630
0 0.723047 0.063194 0.012240 0.025463
0 0.755859 0.143750 0.011198 0.021759
0 0.779036 0.136806 0.011198 0.021759
0 0.804036 0.215972 0.013281 0.021759
0 0.834635 0.281019 0.009375 0.022222
0 0.585547 0.599537 0.012760 0.019444
0 0.650911 0.742824 0.013802 0.022685
0 0.701302 0.921991 0.008333 0.020833
0 0.691927 0.982176 0.008333 0.020833
