0 0.245964 0.973843 0.009115 0.028241
0 0.073698 0.323611 0.013542 0.016667
0 0.762109 0.376852 0.020052 0.012963
2 0.284375 0.548380 0.021354 0.027315
0 0.288281 0.571991 0.020833 0.026389
0 0.416406 0.819213 0.015625 0.014352
0 0.900391 0.373148 0.014844 0.012963
0 0.748698 0.035880 0.014063 0.012500
0 0.050391 0.310880 0.015365 0.015278
0 0.351432 0.452546 0.011719 0.023611
0 0.123828 0.577315 0.008073 0.024074
0 0.386198 0.452546 0.015104 0.018981
0 0.447396 0.908333 0.015625 0.017593
0 0.333984 0.292361 0.009635 0.025463
0 0.389453 0.646759 0.010677 0.027778
0 0.323307 0.493056 0.014323 0.028704
2 0.507031 0.416667 0.022917 0.022222
0 0.686198 0.035417 0.015104 0.018056
0 0.585547 0.423611 0.012760 0.014815
0 0.433984 0.955787 0.017448 0.014352
0 0.173307 0.203241 0.013281 0.019444
0 0.135026 0.252315 0.013802 0.027778
2 0.424089 0.428704 0.023177 0.021296
0 0.422266 0.400926 0.017448 0.017593
0 0.193750 0.553935 0.015625 0.018056
0 0.539714 0.418981 0.015365 0.016667
0 0.366406 0.978935 0.007292 0.025463
0 0.036589 0.340509 0.014844 0.017130
0 0.413802 0.783333 0.016146 0.012963
0 0.463021 0.396528 0.021354 0.015278
0 0.208984 0.356481 0.011719 0.026852
0 0.415625 0.853704 0.015625 0.015741
0 0.683724 0.125926 0.012240 0.012963
0 0.697135 0.412500 0.016667 0.016667
0 0.253516 0.264583 0.007552 0.025463
0 0.387630 0.937269 0.008594 0.026389
0 0.417839 0.837731 0.014844 0.014352
0 0.388411 0.760417 0.008594 0.025463
0 0.436979 0.973380 0.015625 0.015278
0 0.857031 0.153241 0.008854 0.024074
0 0.413672 0.880324 0.016927 0.013426
0 0.389583 0.683796 0.007812 0.024074
0 0.257943 0.075000 0.007031 0.028704
0 0.302995 0.155787 0.011198 0.028241
0 0.835026 0.443981 0.015365 0.013889
0 0.213021 0.591204 0.015104 0.015741
0 0.389714 0.720139 0.007552 0.027315
0 0.389193 0.284028 0.017448 0.021759
0 0.392969 0.420833 0.016146 0.020370
0 0.252734 0.343056 0.011719 0.028704
0 0.367448 0.950463 0.009896 0.025926
0 0.278516 0.091898 0.009635 0.026389
0 0.357422 0.483102 0.014844 0.026389
0 0.287109 0.145602 0.010156 0.028241
0 0.387370 0.832639 0.008594 0.023611
0 0.571615 0.275000 0.012500 0.010185
0 0.272656 0.681944 0.008333 0.027778
0 0.734245 0.038889 0.012240 0.012963
0 0.983854 0.436574 0.013021 0.015741
0 0.279687 0.039583 0.006771 0.027315
0 0.022917 0.680324 0.019792 0.014352
0 0.025651 0.662269 0.013281 0.011574
0 0.026432 0.647917 0.013281 0.011574
0 0.251563 0.682407 0.008333 0.027778
0 0.240625 0.780093 0.008333 0.027778
0 0.259505 0.855093 0.007552 0.024074
0 0.280859 0.718056 0.007552 0.024074
0 0.246354 0.487963 0.008333 0.027778
0 0.067448 0.454167 0.015625 0.018519
0 0.095573 0.447222 0.015625 0.018519
0 0.105208 0.299769 0.013542 0.021759
0 0.117578 0.247685 0.014323 0.020370
0 0.318620 0.206250 0.013802 0.020833
0 0.386979 0.864120 0.007292 0.026389
0 0.415234 0.868519 0.013281 0.012963
0 0.413411 0.801389 0.012240 0.013889
0 0.559245 0.423611 0.015365 0.016667
0 0.940885 0.140509 0.010937 0.024537
0 0.951302 0.142824 0.010937 0.024537
0 0.718490 0.171759 0.009896 0.024074
0 0.730729 0.169907 0.010937 0.015741
