0 0.675260 0.695370 0.015104 0.021296
0 0.192057 0.556481 0.017448 0.016667
0 0.700781 0.788889 0.011458 0.026852
0 0.648568 0.050463 0.013802 0.026852
0 0.786328 0.109722 0.016406 0.025000
0 0.413802 0.465046 0.022917 0.016204
0 0.558984 0.195833 0.014844 0.016667
0 0.035677 0.327546 0.018750 0.018056
0 0.492318 0.587500 0.016927 0.015741
0 0.644531 0.141898 0.015625 0.026389
0 0.584245 0.229167 0.011198 0.021296
0 0.506250 0.210648 0.016146 0.014815
0 0.715885 0.845370 0.012500 0.026852
0 0.604167 0.568750 0.012500 0.024537
0 0.536979 0.203935 0.015625 0.014352
0 0.974870 0.140046 0.019010 0.014352
0 0.199609 0.381944 0.017448 0.016667
2 0.400911 0.399769 0.024740 0.015278
0 0.439583 0.378472 0.019271 0.016204
0 0.476172 0.399537 0.016927 0.015741
0 0.644661 0.385185 0.016927 0.015741
0 0.751693 0.346296 0.016927 0.015741
2 0.781250 0.045602 0.023438 0.050463
0 0.803255 0.054630 0.013802 0.028704
0 0.647526 0.703472 0.016406 0.025463
0 0.717187 0.783796 0.011458 0.026852
0 0.734766 0.909491 0.009635 0.031019
0 0.805469 0.986111 0.011458 0.027778
