0 0.567708 0.611343 0.012500 0.023611
0 0.649740 0.687963 0.016667 0.016667
0 0.759635 0.152778 0.015625 0.013889
0 0.592969 0.165741 0.011979 0.025000
0 0.660547 0.810648 0.011198 0.023148
0 0.707812 0.026389 0.009375 0.028704
0 0.666927 0.785417 0.008854 0.021759
0 0.640104 0.169444 0.014063 0.020370
0 0.250260 0.240972 0.014583 0.014352
0 0.314844 0.236111 0.013542 0.015741
0 0.921354 0.188194 0.019271 0.018981
0 0.685156 0.853009 0.011458 0.029167
0 0.683984 0.693519 0.014844 0.016667
0 0.352474 0.406481 0.014844 0.017593
0 0.420703 0.420370 0.017969 0.016667
0 0.651693 0.759954 0.010677 0.021759
0 0.410417 0.258102 0.016146 0.013426
0 0.190104 0.244444 0.014063 0.014815
0 0.725391 0.147454 0.014323 0.017130
0 0.284375 0.422917 0.014583 0.018981
0 0.290365 0.255556 0.015625 0.016667
0 0.717057 0.057176 0.010156 0.024537
0 0.724870 0.086343 0.010156 0.024537
2 0.737630 0.057176 0.026302 0.062500
0 0.690234 0.144213 0.014323 0.017130
0 0.538021 0.324074 0.009896 0.029630
0 0.531641 0.243287 0.016927 0.020833
0 0.512891 0.246528 0.016927 0.020833
0 0.492057 0.251389 0.017448 0.014815
0 0.470964 0.253472 0.013802 0.014352
0 0.449870 0.255324 0.013802 0.014352
0 0.048828 0.362963 0.017448 0.015741
0 0.367318 0.427315 0.014844 0.017593
0 0.404297 0.597454 0.014323 0.012500
0 0.730599 0.689815 0.014844 0.016667
0 0.773438 0.840509 0.009375 0.022685
0 0.794271 0.815509 0.009375 0.022685
0 0.939583 0.507870 0.015104 0.018519
0 0.948958 0.300463 0.015104 0.018519
2 0.820182 0.239583 0.027865 0.046759
