0 0.586849 0.575694 0.010677 0.017130
0 0.689063 0.731481 0.014063 0.030556
0 0.599740 0.170370 0.011979 0.027778
0 0.664844 0.033565 0.010417 0.027315
0 0.250000 0.383102 0.021875 0.013426
0 0.196094 0.368750 0.019792 0.013426
0 0.657943 0.665278 0.014844 0.017593
0 0.280078 0.383565 0.017969 0.013426
0 0.719141 0.894676 0.009635 0.025463
0 0.994010 0.157639 0.011979 0.016204
0 0.831771 0.764120 0.017708 0.039352
0 0.706901 0.443287 0.020573 0.014352
0 0.743359 0.122685 0.016927 0.019444
2 0.411849 0.379167 0.034115 0.021296
0 0.869922 0.557639 0.010677 0.031019
0 0.313802 0.202083 0.019792 0.013426
0 0.432292 0.224769 0.019792 0.013426
0 0.404297 0.398843 0.017969 0.013426
0 0.623437 0.128241 0.011979 0.027778
0 0.559896 0.289815 0.011979 0.027778
0 0.610677 0.212500 0.011979 0.027778
0 0.573698 0.312037 0.011979 0.027778
0 0.780078 0.129630 0.016927 0.019444
0 0.904818 0.598611 0.015885 0.026852
0 0.847005 0.698611 0.015885 0.026852
0 0.708854 0.804630 0.014063 0.030556
