0 0.669271 0.134028 0.016146 0.020833
0 0.700651 0.669676 0.015365 0.018056
0 0.923568 0.492593 0.016406 0.018519
0 0.734896 0.654398 0.015625 0.014352
0 0.833854 0.108565 0.017188 0.018056
0 0.851432 0.687500 0.011719 0.027778
0 0.901693 0.544676 0.013802 0.020833
0 0.791276 0.103935 0.017969 0.019907
0 0.744401 0.850463 0.009115 0.026852
0 0.640625 0.575000 0.014063 0.020370
0 0.735938 0.794907 0.010937 0.029630
0 0.808854 0.065509 0.015625 0.022685
0 0.552995 0.212731 0.016927 0.017130
0 0.303255 0.575463 0.012240 0.013889
0 0.426563 0.384722 0.018750 0.017593
0 0.747135 0.896065 0.009375 0.031944
0 0.389062 0.577083 0.017188 0.018056
0 0.594531 0.192361 0.015625 0.018056
0 0.369922 0.234954 0.016927 0.018981
0 0.557943 0.159722 0.012760 0.022222
0 0.469401 0.231713 0.016406 0.018056
0 0.782292 0.059259 0.012500 0.029630
0 0.766406 0.021065 0.012500 0.028241
0 0.875000 0.181250 0.013542 0.022685
0 0.978906 0.460417 0.016667 0.018981
0 0.865104 0.605324 0.011458 0.033796
0 0.878906 0.672222 0.013542 0.025926
0 0.830990 0.888889 0.013021 0.032407
0 0.806380 0.910417 0.011198 0.031019
0 0.708594 0.717824 0.012500 0.021759
0 0.725781 0.715046 0.012500 0.021759
0 0.719271 0.736574 0.011458 0.024074
0 0.738802 0.754630 0.011458 0.024074
0 0.726042 0.762963 0.011458 0.024074
0 0.745964 0.785880 0.011198 0.026389
0 0.753385 0.821991 0.011458 0.025463
0 0.759505 0.933796 0.008594 0.028704
0 0.749479 0.940741 0.008333 0.028704
0 0.750130 0.975926 0.008073 0.025000
2 0.014714 0.250463 0.028906 0.019444
