0 0.164714 0.565741 0.016927 0.016667
0 0.493490 0.468981 0.020313 0.018519
0 0.590755 0.241204 0.014323 0.025926
0 0.602474 0.607176 0.012760 0.026389
0 0.946354 0.299537 0.019792 0.018519
0 0.844922 0.167361 0.016406 0.029167
0 0.034635 0.347917 0.018750 0.018056
0 0.567448 0.265741 0.010937 0.025926
0 0.007943 0.361574 0.015365 0.016667
0 0.090104 0.583333 0.019792 0.018519
0 0.765365 0.021296 0.013542 0.027778
0 0.703125 0.100926 0.020833 0.020370
0 0.859635 0.330556 0.019792 0.018519
0 0.802865 0.330093 0.019792 0.018519
2 0.563932 0.617361 0.034115 0.032870
