0 0.847917 0.591898 0.019792 0.022685
0 0.810156 0.107176 0.018229 0.018981
0 0.673698 0.137269 0.016146 0.025463
0 0.895052 0.535185 0.015625 0.022222
0 0.532943 0.575926 0.017969 0.018519
0 0.650000 0.157407 0.015625 0.022222
0 0.810156 0.888889 0.010417 0.029630
0 0.737370 0.653704 0.017969 0.015741
0 0.571354 0.160417 0.013542 0.022685
0 0.755469 0.875231 0.007812 0.025463
0 0.476823 0.565046 0.016146 0.016204
2 0.657292 0.629398 0.023438 0.034722
0 0.857292 0.125694 0.016667 0.019907
0 0.293359 0.229398 0.017969 0.015278
0 0.722266 0.711343 0.012760 0.026389
0 0.714714 0.730787 0.014323 0.026389
0 0.629167 0.201620 0.015104 0.025463
0 0.596354 0.131250 0.014583 0.022685
0 0.719271 0.105787 0.018750 0.021759
0 0.608594 0.265509 0.010417 0.029167
0 0.741406 0.842824 0.009896 0.026389
0 0.518490 0.218981 0.017188 0.016667
0 0.137630 0.564583 0.021094 0.017130
0 0.130339 0.223611 0.017969 0.012963
0 0.584245 0.293287 0.011198 0.031944
0 0.970182 0.467130 0.014844 0.023148
0 0.571354 0.204398 0.019271 0.021759
0 0.742057 0.777546 0.008594 0.024537
0 0.774089 0.036111 0.011198 0.023148
0 0.378516 0.227083 0.017969 0.015278
0 0.456250 0.224537 0.017708 0.015741
0 0.641797 0.579398 0.017448 0.031019
0 0.612760 0.533102 0.013021 0.028241
0 0.609635 0.498843 0.012500 0.031944
0 0.517578 0.373380 0.018490 0.018056
0 0.625651 0.381713 0.018490 0.018056
0 0.781641 0.325231 0.018490 0.018056
0 0.755469 0.934954 0.007812 0.025463
0 0.738021 0.930787 0.007812 0.025463
