0 0.812240 0.078009 0.015625 0.027315
0 0.598568 0.555787 0.014844 0.030093
0 0.689844 0.721528 0.012500 0.018981
0 0.695312 0.771296 0.013542 0.025000
0 0.084245 0.403935 0.015885 0.017130
0 0.114453 0.368519 0.019531 0.016667
0 0.469792 0.403241 0.017708 0.015741
0 0.695703 0.106481 0.019531 0.022222
0 0.611719 0.070833 0.013542 0.022222
0 0.144922 0.442593 0.021094 0.019444
0 0.710807 0.822222 0.011719 0.027778
1 0.622135 0.649306 0.023958 0.036574
0 0.842057 0.117593 0.020052 0.021296
0 0.570964 0.517593 0.014323 0.030556
0 0.891406 0.137731 0.021354 0.018981
0 0.994271 0.146528 0.008854 0.018056
0 0.387891 0.403472 0.019010 0.015278
0 0.304036 0.396065 0.019010 0.015278
0 0.605469 0.393056 0.017708 0.015741
0 0.663542 0.362500 0.017708 0.015741
0 0.535677 0.209259 0.017708 0.015741
0 0.514844 0.212500 0.017708 0.015741
0 0.494792 0.214352 0.017708 0.015741
2 0.560417 0.202083 0.021354 0.023611
0 0.576823 0.251620 0.012500 0.033796
0 0.589844 0.259954 0.012500 0.033796
0 0.642188 0.149769 0.016146 0.025463
0 0.824089 0.790278 0.017448 0.037037
