0 0.611198 0.605787 0.016667 0.021759
1 0.846875 0.715046 0.016667 0.045833
0 0.861328 0.636111 0.012240 0.027778
0 0.836849 0.106481 0.016927 0.016667
0 0.707031 0.711343 0.010417 0.021759
0 0.690365 0.644213 0.014583 0.023611
0 0.880859 0.553009 0.018490 0.026389
0 0.674089 0.653009 0.017969 0.015278
0 0.749219 0.954398 0.008854 0.026389
0 0.724609 0.750463 0.011198 0.024074
0 0.413021 0.565046 0.016146 0.014352
0 0.609245 0.202315 0.013281 0.027778
0 0.756641 0.853704 0.010156 0.025926
0 0.732812 0.779167 0.010937 0.022222
0 0.285938 0.575463 0.016146 0.016667
0 0.752734 0.815046 0.009635 0.024537
0 0.912500 0.362037 0.020833 0.020370
0 0.955859 0.127546 0.014323 0.013426
0 0.775260 0.102315 0.016667 0.017593
0 0.392708 0.203241 0.017708 0.020370
0 0.713932 0.343519 0.017448 0.019444
0 0.890495 0.659259 0.012240 0.027778
0 0.722266 0.705093 0.013281 0.023148
0 0.741146 0.762963 0.011979 0.027778
0 0.740755 0.820602 0.009635 0.024537
0 0.748307 0.898611 0.010156 0.025926
0 0.758984 0.911574 0.010156 0.025926
0 0.758333 0.972917 0.008854 0.026389
