0 0.616667 0.614120 0.018229 0.020833
0 0.611589 0.203704 0.013281 0.024074
0 0.206120 0.575231 0.018490 0.018056
0 0.730599 0.734722 0.011719 0.023148
0 0.515755 0.566204 0.015885 0.017593
0 0.697917 0.692130 0.015625 0.025926
0 0.471745 0.567824 0.017448 0.015278
0 0.731771 0.782176 0.010937 0.027315
0 0.585026 0.197454 0.018490 0.022685
0 0.747135 0.791204 0.009375 0.027778
0 0.755859 0.859028 0.008594 0.023611
0 0.735807 0.098148 0.017969 0.017593
0 0.669792 0.356019 0.016667 0.018519
0 0.989453 0.449074 0.014323 0.017593
0 0.273438 0.377315 0.016667 0.017593
0 0.558724 0.207176 0.016406 0.019907
0 0.166146 0.546528 0.017188 0.018056
0 0.841276 0.147685 0.018490 0.024074
0 0.768099 0.092824 0.018490 0.015278
0 0.682031 0.690509 0.012500 0.020833
0 0.701432 0.097917 0.017448 0.019907
0 0.439323 0.573380 0.016146 0.017130
0 0.892578 0.476852 0.011198 0.029630
0 0.776302 0.045370 0.012500 0.030556
0 0.238932 0.394907 0.018490 0.017593
0 0.128646 0.361574 0.016667 0.017593
0 0.336979 0.398611 0.016667 0.017593
0 0.403385 0.381944 0.016667 0.017593
0 0.440104 0.205093 0.016667 0.017593
0 0.471615 0.226852 0.016667 0.017593
0 0.645052 0.418056 0.016667 0.018519
0 0.642969 0.440741 0.016667 0.018519
0 0.795443 0.039815 0.015885 0.028704
0 0.781380 0.012037 0.012760 0.023148
0 0.804818 0.120370 0.016927 0.020370
0 0.870313 0.205093 0.016667 0.029630
0 0.813281 0.982639 0.014583 0.034722
0 0.618229 0.529398 0.013021 0.025463
0 0.678125 0.623148 0.018229 0.024074
0 0.707812 0.677315 0.014583 0.024074
0 0.744792 0.852778 0.009375 0.029630
0 0.757812 0.898843 0.007812 0.027315
0 0.758594 0.933565 0.007812 0.027315
0 0.758594 0.968287 0.007812 0.027315
0 0.747917 0.933102 0.007812 0.027315
