0 0.629818 0.589120 0.014844 0.025463
0 0.731510 0.671759 0.016667 0.015741
0 0.250781 0.438657 0.018229 0.013426
0 0.925391 0.505787 0.016927 0.023611
0 0.848958 0.590278 0.016146 0.024074
0 0.194271 0.552083 0.018750 0.018981
0 0.615885 0.611574 0.014583 0.019444
0 0.832682 0.113657 0.019531 0.018056
0 0.658333 0.154861 0.015625 0.021759
0 0.685937 0.697454 0.012500 0.020833
0 0.709245 0.712037 0.012240 0.024074
0 0.726432 0.715278 0.011719 0.024074
0 0.687109 0.639583 0.014844 0.018981
0 0.606380 0.528241 0.013281 0.025926
0 0.795703 0.101389 0.016406 0.017593
0 0.464323 0.566435 0.016667 0.015278
0 0.758203 0.095370 0.018490 0.016667
0 0.751693 0.819676 0.010156 0.028241
0 0.613932 0.179167 0.016927 0.021296
2 0.708984 0.111574 0.024219 0.025926
0 0.700000 0.724769 0.011979 0.025463
0 0.756641 0.860880 0.008594 0.028241
0 0.533854 0.217824 0.016667 0.018981
0 0.746224 0.782176 0.011198 0.026389
0 0.534635 0.453935 0.017708 0.015278
0 0.659115 0.087731 0.014063 0.027315
0 0.328255 0.464352 0.015365 0.014815
0 0.366016 0.575000 0.018490 0.015741
0 0.757552 0.902778 0.007812 0.025000
0 0.025521 0.333102 0.018229 0.013426
0 0.318490 0.215972 0.016667 0.013426
0 0.509766 0.222454 0.015365 0.016204
0 0.583333 0.201852 0.015104 0.018519
0 0.556771 0.209259 0.015104 0.018519
0 0.794141 0.041204 0.012760 0.026852
0 0.774219 0.038657 0.011979 0.020833
0 0.769401 0.011111 0.012240 0.021296
0 0.915234 0.132176 0.019531 0.018056
0 0.897917 0.465509 0.011979 0.032870
0 0.868099 0.361574 0.017448 0.018519
0 0.624609 0.546528 0.012240 0.024537
0 0.735417 0.748148 0.011458 0.026852
0 0.738021 0.884722 0.009896 0.029630
0 0.740365 0.943056 0.007812 0.025000
0 0.758594 0.975926 0.007812 0.025000
