0 0.591797 0.208333 0.013802 0.020370
0 0.415625 0.473380 0.017708 0.015278
0 0.320964 0.239815 0.014323 0.012963
0 0.582422 0.650926 0.014323 0.019444
0 0.473438 0.489120 0.017708 0.016204
0 0.674349 0.766898 0.012760 0.024537
0 0.630469 0.159259 0.013021 0.017593
0 0.187500 0.457407 0.015625 0.014815
0 0.061198 0.554398 0.016146 0.014352
0 0.670182 0.797685 0.010677 0.020370
0 0.177474 0.396528 0.016406 0.014352
0 0.650781 0.701157 0.015625 0.025463
0 0.671745 0.143519 0.014323 0.013889
0 0.510417 0.241204 0.013021 0.018519
0 0.694271 0.132639 0.014583 0.013426
0 0.674219 0.375694 0.014583 0.018056
0 0.687370 0.818287 0.008594 0.018981
0 0.628906 0.700231 0.015104 0.019907
0 0.236589 0.422454 0.016406 0.014352
0 0.193620 0.243519 0.016927 0.013889
0 0.373177 0.261574 0.014063 0.012963
0 0.499870 0.421991 0.016406 0.016204
0 0.535547 0.417130 0.014323 0.015741
0 0.422526 0.260648 0.014323 0.012963
0 0.436198 0.231019 0.015625 0.015741
0 0.489844 0.248843 0.011979 0.015278
0 0.531771 0.232870 0.015104 0.016667
0 0.558594 0.242593 0.011458 0.021296
0 0.552214 0.310648 0.010156 0.026852
0 0.619271 0.087731 0.010417 0.021759
0 0.780599 0.178704 0.016406 0.023148
0 0.811068 0.228472 0.012240 0.021759
0 0.843750 0.323380 0.015625 0.018056
0 0.863021 0.336806 0.015625 0.018056
0 0.931380 0.293519 0.014323 0.015741
0 0.936589 0.536111 0.014323 0.015741
0 0.879818 0.605324 0.013802 0.020833
0 0.848307 0.671065 0.013802 0.020833
0 0.804557 0.730787 0.011719 0.023611
0 0.772786 0.881713 0.011719 0.029167
0 0.706901 0.964815 0.009635 0.028704
0 0.704036 0.910185 0.009635 0.028704
0 0.684115 0.843287 0.010937 0.025463
