0 0.164583 0.486111 0.018229 0.019444
0 0.596615 0.205787 0.012500 0.020833
0 0.214583 0.163657 0.019271 0.014352
0 0.128255 0.310417 0.019010 0.017130
0 0.689193 0.342593 0.021094 0.016667
0 0.648177 0.626852 0.016146 0.022222
0 0.676042 0.693981 0.012500 0.024074
0 0.992188 0.163194 0.015625 0.017130
0 0.595833 0.542361 0.013021 0.026389
0 0.556380 0.369444 0.021094 0.018519
0 0.695573 0.829398 0.011458 0.026389
0 0.293620 0.349306 0.020052 0.014352
0 0.819271 0.401157 0.017708 0.016204
0 0.853646 0.144213 0.018750 0.018056
0 0.633854 0.415972 0.025521 0.014352
0 0.733984 0.416667 0.021094 0.016667
0 0.663281 0.701389 0.012500 0.024074
0 0.696094 0.751852 0.012500 0.024074
0 0.683854 0.762963 0.012500 0.024074
0 0.706250 0.804630 0.011979 0.028704
0 0.707812 0.847222 0.009375 0.029630
0 0.710156 0.892593 0.009375 0.029630
0 0.699740 0.915278 0.009375 0.029630
0 0.707292 0.950926 0.009375 0.029630
0 0.766927 0.880093 0.009375 0.029630
