0 0.609245 0.186111 0.016406 0.020370
0 0.011979 0.417824 0.013542 0.018981
0 0.525260 0.620139 0.013021 0.014352
0 0.461458 0.596759 0.018229 0.016667
0 0.621224 0.720833 0.014844 0.022222
0 0.679818 0.787500 0.012760 0.027778
0 0.655859 0.680556 0.016927 0.016667
0 0.690495 0.826620 0.011198 0.023611
0 0.597396 0.653704 0.012500 0.021296
0 0.668099 0.746991 0.011719 0.024537
0 0.524870 0.353472 0.009115 0.021759
0 0.060547 0.574537 0.016927 0.017593
0 0.335677 0.589815 0.015625 0.020370
0 0.184766 0.251620 0.019010 0.016204
0 0.906901 0.581019 0.014323 0.019444
0 0.699089 0.872917 0.010156 0.023611
0 0.671484 0.804630 0.010677 0.023148
0 0.563802 0.219213 0.014063 0.017130
0 0.713281 0.028935 0.010417 0.023611
0 0.236068 0.411111 0.014844 0.016667
0 0.288802 0.251620 0.014583 0.016204
0 0.319141 0.251389 0.018490 0.016667
0 0.353906 0.253935 0.016146 0.015278
0 0.385677 0.253472 0.016146 0.015278
0 0.427344 0.254861 0.016146 0.015278
0 0.470313 0.252315 0.013542 0.015741
0 0.510156 0.246296 0.013542 0.015741
0 0.712760 0.370833 0.018229 0.013889
0 0.685026 0.144676 0.015885 0.016204
0 0.781641 0.192130 0.012760 0.017593
0 0.741667 0.072454 0.010937 0.023611
0 0.752344 0.097917 0.010937 0.023611
1 0.726432 0.076389 0.024740 0.065741
0 0.829688 0.279167 0.011979 0.023148
0 0.657943 0.764120 0.011198 0.022685
0 0.763932 0.882176 0.010156 0.023611
0 0.700651 0.923843 0.010156 0.023611
0 0.702995 0.985417 0.010156 0.023611
