0 0.994531 0.167593 0.010937 0.014815
0 0.663932 0.790972 0.010677 0.019907
0 0.586719 0.185417 0.012500 0.024537
0 0.864323 0.565509 0.016146 0.019907
0 0.532813 0.630093 0.015625 0.016667
0 0.558724 0.591435 0.011719 0.023611
0 0.625911 0.732407 0.013281 0.021296
0 0.595052 0.658102 0.013021 0.019907
0 0.612630 0.112963 0.011719 0.022222
0 0.377083 0.593056 0.016146 0.015741
0 0.555599 0.230556 0.017448 0.021296
0 0.008984 0.525000 0.013281 0.017593
0 0.342318 0.598380 0.016927 0.017130
0 0.951432 0.181019 0.013281 0.015741
0 0.679167 0.837963 0.010417 0.022222
0 0.432031 0.258102 0.017188 0.014352
0 0.587630 0.099537 0.012240 0.019444
0 0.614844 0.034491 0.009896 0.020833
0 0.133854 0.242593 0.015625 0.015741
0 0.768750 0.132639 0.014583 0.020833
0 0.556771 0.162037 0.012500 0.022222
0 0.491016 0.250463 0.016927 0.014815
0 0.693620 0.853009 0.010156 0.028241
0 0.405990 0.256713 0.017708 0.016204
0 0.957943 0.295833 0.018490 0.019444
0 0.980469 0.306481 0.016146 0.018519
0 0.703125 0.378241 0.015625 0.013889
0 0.816536 0.253009 0.012760 0.022685
0 0.786328 0.205324 0.012760 0.022685
0 0.739583 0.134491 0.011979 0.020833
0 0.716797 0.062731 0.010677 0.024537
0 0.730078 0.046991 0.010677 0.024537
2 0.802214 0.183333 0.033594 0.060185
2 0.828385 0.625463 0.022396 0.047222
2 0.811198 0.698843 0.022396 0.047685
0 0.824740 0.747222 0.011458 0.024074
0 0.700651 0.928935 0.010156 0.028241
0 0.634896 0.720139 0.013542 0.025463
0 0.542448 0.420833 0.018750 0.013889
1 0.468359 0.407639 0.041406 0.019907
0 0.424740 0.601389 0.016146 0.015741
0 0.453385 0.255787 0.017188 0.014352
0 0.469792 0.254861 0.014063 0.015278
0 0.516016 0.246759 0.016927 0.014815
