0 0.652995 0.792130 0.011198 0.021296
0 0.755599 0.152083 0.014323 0.018056
0 0.643490 0.703704 0.013542 0.022222
0 0.673568 0.770833 0.010677 0.025000
0 0.608073 0.182407 0.013021 0.018519
0 0.689323 0.833333 0.008854 0.024074
0 0.873177 0.566667 0.015104 0.016667
0 0.750391 0.098380 0.010156 0.021759
0 0.802995 0.167593 0.013802 0.014815
0 0.683594 0.457870 0.013542 0.012963
0 0.674870 0.145370 0.011719 0.021296
0 0.925521 0.384491 0.014583 0.018981
0 0.686198 0.147454 0.011979 0.019907
0 0.558594 0.287269 0.009896 0.025463
0 0.709115 0.015741 0.009896 0.025000
0 0.717969 0.058565 0.011458 0.022685
0 0.727344 0.089352 0.009896 0.022222
1 0.827214 0.267593 0.029948 0.060185
0 0.684245 0.378472 0.013802 0.014352
0 0.542318 0.280093 0.010677 0.022222
0 0.527995 0.240741 0.011719 0.012963
0 0.503646 0.246296 0.014583 0.015741
0 0.940365 0.503704 0.015104 0.016667
0 0.826693 0.566204 0.012240 0.026852
0 0.834245 0.706481 0.013281 0.022222
0 0.581771 0.602083 0.011458 0.024537
0 0.679948 0.843981 0.009375 0.025000
0 0.700521 0.930556 0.009375 0.025000
0 0.309896 0.592130 0.018750 0.015741
0 0.063542 0.377778 0.016667 0.017593
0 0.476172 0.252546 0.013802 0.014352
0 0.425521 0.255556 0.018229 0.015741
0 0.366797 0.252546 0.017969 0.015278
0 0.342448 0.253472 0.015104 0.012500
0 0.314193 0.252546 0.017969 0.016204
0 0.304297 0.230556 0.014844 0.015741
