0 0.668750 0.751389 0.012500 0.025000
0 0.769661 0.171296 0.016927 0.016667
0 0.892057 0.445139 0.019010 0.017130
0 0.660807 0.795139 0.011719 0.024537
0 0.125391 0.252083 0.021094 0.018056
0 0.643099 0.688889 0.016927 0.021296
0 0.613411 0.238889 0.013281 0.024074
0 0.650651 0.415741 0.017448 0.016667
0 0.569271 0.372222 0.007292 0.025000
0 0.884766 0.680093 0.014323 0.025000
0 0.493880 0.500463 0.016406 0.013889
0 0.844792 0.375463 0.016667 0.015741
0 0.797266 0.179167 0.015365 0.013889
0 0.691536 0.805324 0.010156 0.025463
0 0.708073 0.867130 0.008333 0.025000
0 0.713281 0.930093 0.008333 0.025000
0 0.968359 0.339120 0.019010 0.017130
