0 0.372135 0.616435 0.022396 0.013426
0 0.710417 0.893056 0.009375 0.028704
0 0.974870 0.207176 0.012760 0.012500
0 0.333594 0.244213 0.025000 0.015278
0 0.413281 0.505787 0.016146 0.013426
0 0.580078 0.577546 0.014323 0.028241
0 0.779557 0.121528 0.010677 0.019907
0 0.640755 0.696759 0.013281 0.018519
0 0.660807 0.739120 0.010677 0.018981
0 0.753255 0.394907 0.015365 0.011111
0 0.306250 0.478935 0.017188 0.015278
0 0.930729 0.612037 0.015625 0.020370
0 0.187891 0.480556 0.021094 0.019444
0 0.036198 0.361806 0.029687 0.021759
0 0.155208 0.575694 0.021875 0.014352
0 0.878125 0.381481 0.017708 0.017593
0 0.206120 0.403704 0.017448 0.013889
0 0.577214 0.630787 0.011719 0.025463
0 0.602474 0.632870 0.011198 0.021296
0 0.699870 0.836111 0.009635 0.025000
0 0.711458 0.944213 0.006771 0.027315
0 0.789323 0.969444 0.009896 0.027778
0 0.785417 0.175694 0.016146 0.015278
0 0.782031 0.401389 0.009375 0.005556
