0 0.923568 0.506481 0.016406 0.017593
0 0.893620 0.564815 0.014844 0.023148
0 0.721094 0.755787 0.010417 0.027315
0 0.694010 0.662037 0.015104 0.017593
0 0.012760 0.402546 0.013021 0.014352
0 0.665625 0.149537 0.015104 0.017593
0 0.256120 0.370370 0.019010 0.016667
0 0.798958 0.104630 0.013021 0.021296
0 0.182682 0.383333 0.016406 0.019444
0 0.832031 0.120370 0.015625 0.016667
0 0.592187 0.276157 0.012500 0.024537
0 0.796745 0.036574 0.010677 0.026852
0 0.734896 0.751852 0.009375 0.020370
1 0.616016 0.524537 0.027344 0.063889
0 0.604557 0.550231 0.011719 0.025463
0 0.746615 0.991667 0.013021 0.016667
0 0.040365 0.562037 0.021354 0.017593
0 0.213021 0.234491 0.019792 0.020833
1 0.775130 0.025000 0.024740 0.049074
0 0.604948 0.224769 0.012500 0.024537
2 0.818099 0.077315 0.028385 0.047222
0 0.817187 0.344213 0.016146 0.015278
0 0.888411 0.222685 0.014844 0.025926
0 0.862500 0.325694 0.016146 0.015278
0 0.902344 0.291898 0.016146 0.015278
0 0.968229 0.141435 0.016146 0.015278
0 0.686458 0.685648 0.016146 0.019444
0 0.842187 0.732407 0.009375 0.020370
0 0.735156 0.808102 0.010417 0.027315
0 0.750260 0.832176 0.010417 0.027315
0 0.742448 0.875231 0.010417 0.027315
0 0.755208 0.890509 0.010417 0.027315
0 0.745573 0.930787 0.010417 0.027315
0 0.756510 0.965046 0.010417 0.027315
0 0.811979 0.935417 0.010417 0.027315
0 0.795833 0.978472 0.010417 0.027315
