2 0.680078 0.784259 0.028906 0.058333
0 0.130990 0.455556 0.020833 0.017593
0 0.348047 0.608565 0.014844 0.013426
0 0.995182 0.553935 0.009635 0.018056
0 0.290755 0.596991 0.016927 0.014352
0 0.794010 0.182407 0.016146 0.016667
0 0.040885 0.374306 0.019271 0.016204
0 0.004427 0.246528 0.008333 0.013426
0 0.704427 0.874074 0.010417 0.025926
0 0.823698 0.825000 0.014583 0.024074
0 0.694141 0.485880 0.017969 0.013426
0 0.982552 0.334722 0.022917 0.012037
0 0.926432 0.353241 0.019531 0.012963
0 0.848958 0.209259 0.015104 0.014815
0 0.635807 0.078935 0.012240 0.023611
0 0.610547 0.437037 0.016406 0.012963
0 0.586328 0.418750 0.017969 0.011574
0 0.554818 0.376389 0.010156 0.012963
1 0.071745 0.360648 0.035677 0.028704
1 0.312760 0.409491 0.026042 0.018981
0 0.307031 0.434259 0.018750 0.013889
1 0.234115 0.592361 0.042188 0.026389
