0 0.585938 0.666435 0.012500 0.018981
0 0.684375 0.829167 0.010937 0.024074
0 0.666667 0.772454 0.009375 0.019907
0 0.592187 0.612500 0.013021 0.023148
0 0.407031 0.466435 0.019271 0.013426
0 0.570573 0.254398 0.011458 0.021759
0 0.235417 0.235185 0.015625 0.012963
0 0.639323 0.688889 0.013021 0.021296
0 0.598828 0.648843 0.011719 0.019907
0 0.591927 0.165278 0.015104 0.022222
0 0.766406 0.146296 0.015625 0.018519
0 0.693099 0.881481 0.011198 0.021296
0 0.148698 0.236574 0.011458 0.011111
0 0.407943 0.595370 0.019010 0.015741
0 0.672135 0.748843 0.009896 0.019907
0 0.105729 0.587500 0.014583 0.012037
0 0.319661 0.588426 0.015365 0.012963
0 0.695443 0.931481 0.007031 0.021296
2 0.342318 0.253009 0.021615 0.018056
0 0.639844 0.715509 0.012500 0.019907
0 0.308073 0.401157 0.014063 0.016204
0 0.598698 0.073843 0.012500 0.019907
0 0.555599 0.300463 0.008594 0.023148
0 0.482161 0.482870 0.018490 0.013889
0 0.705208 0.979398 0.007812 0.025463
0 0.044531 0.385880 0.015625 0.018056
0 0.176563 0.394213 0.015625 0.013426
0 0.316667 0.424306 0.014063 0.016204
0 0.359375 0.424306 0.013542 0.010648
0 0.438542 0.409491 0.013542 0.010648
0 0.627214 0.381019 0.014323 0.012037
0 0.556641 0.535185 0.010156 0.026852
0 0.667188 0.826389 0.010937 0.024074
0 0.787500 0.770833 0.010937 0.024074
0 0.827865 0.592593 0.010937 0.024074
0 0.919271 0.508333 0.013542 0.019444
0 0.556771 0.243287 0.011458 0.021759
0 0.553125 0.156481 0.013021 0.019444
0 0.523568 0.234028 0.014323 0.016204
0 0.494661 0.209954 0.014323 0.016204
0 0.465755 0.214120 0.012760 0.013426
0 0.486589 0.248611 0.013802 0.013889
0 0.446484 0.252778 0.014323 0.012037
0 0.407813 0.253009 0.016146 0.012500
0 0.377995 0.253704 0.014844 0.010185
0 0.635156 0.017593 0.008854 0.023148
0 0.836328 0.168056 0.015365 0.012037
0 0.734375 0.096991 0.014063 0.026389
0 0.746615 0.088194 0.014063 0.026389
0 0.731380 0.045139 0.010677 0.024537
0 0.714714 0.046528 0.010677 0.024537
0 0.830990 0.280324 0.008854 0.015278
