0 0.245443 0.406944 0.017448 0.018519
0 0.395833 0.610185 0.018229 0.012037
0 0.126953 0.383565 0.015365 0.014352
0 0.035417 0.380093 0.017708 0.020370
0 0.053516 0.361343 0.019010 0.012500
0 0.680339 0.163889 0.015885 0.018519
0 0.027865 0.529861 0.014583 0.018981
0 0.128125 0.404630 0.015625 0.013889
0 0.349609 0.441435 0.019531 0.014352
0 0.519271 0.444213 0.019792 0.014352
0 0.607943 0.440509 0.019531 0.014352
0 0.579688 0.300694 0.014583 0.026389
0 0.729036 0.422222 0.017969 0.016667
0 0.837370 0.377778 0.017969 0.016667
