0 0.607422 0.251852 0.017448 0.026852
0 0.685156 0.791667 0.011458 0.025000
0 0.640625 0.700463 0.015104 0.022222
0 0.583854 0.592130 0.013021 0.022222
0 0.958724 0.217130 0.016927 0.012037
0 0.698698 0.170833 0.017708 0.019444
0 0.335807 0.427315 0.021615 0.014815
0 0.706510 0.875926 0.008854 0.025926
0 0.825260 0.744676 0.012500 0.032870
2 0.827734 0.818750 0.016406 0.034722
0 0.739844 0.152083 0.018750 0.016204
0 0.759115 0.172917 0.017188 0.017130
0 0.776823 0.121759 0.010937 0.022222
0 0.866406 0.203935 0.015104 0.015278
