0 0.670312 0.685880 0.017188 0.023611
0 0.574219 0.536111 0.013542 0.024074
0 0.242969 0.584954 0.015625 0.013426
0 0.723177 0.093981 0.017708 0.019444
0 0.793620 0.036806 0.014844 0.027315
0 0.519401 0.206019 0.017969 0.017593
0 0.798828 0.098380 0.017969 0.018981
0 0.605208 0.208796 0.013021 0.022222
0 0.618099 0.637731 0.016406 0.022685
0 0.628776 0.099769 0.015885 0.029167
0 0.864193 0.159028 0.014844 0.025463
0 0.262630 0.209954 0.019531 0.014352
0 0.482552 0.378009 0.018229 0.013426
0 0.561198 0.194907 0.018750 0.016667
0 0.541797 0.202315 0.016927 0.016667
0 0.440104 0.583565 0.018750 0.015278
0 0.743490 0.365509 0.018229 0.013426
0 0.872396 0.307176 0.018229 0.013426
2 0.947786 0.302546 0.026302 0.022685
0 0.777995 0.047454 0.014844 0.027315
2 0.833333 0.135648 0.028646 0.045370
0 0.602865 0.557407 0.013542 0.024074
0 0.725781 0.822917 0.013542 0.034722
0 0.736068 0.907639 0.010677 0.032870
