0 0.923568 0.517130 0.014323 0.021296
0 0.550130 0.580324 0.016927 0.016204
0 0.863151 0.568056 0.016927 0.023148
0 0.883464 0.655556 0.014323 0.025926
0 0.655859 0.637500 0.013281 0.022222
0 0.731120 0.774074 0.010677 0.029630
0 0.610807 0.199537 0.012240 0.027778
0 0.675391 0.626620 0.014323 0.018056
0 0.109766 0.247685 0.018490 0.016667
2 0.815495 0.070602 0.020573 0.035648
0 0.752734 0.814352 0.011719 0.027778
0 0.875781 0.167824 0.013021 0.023611
0 0.695182 0.691435 0.014844 0.022685
0 0.054427 0.236574 0.018750 0.015741
0 0.580599 0.200231 0.017448 0.018981
0 0.708333 0.110648 0.016667 0.021296
0 0.739193 0.812037 0.011198 0.025926
0 0.796615 0.653704 0.015625 0.018519
0 0.745182 0.864352 0.010677 0.032407
0 0.706250 0.348843 0.020833 0.016204
0 0.583203 0.583333 0.015365 0.018519
0 0.071615 0.569213 0.014063 0.013426
0 0.817187 0.128241 0.015625 0.019444
0 0.163802 0.577083 0.019271 0.018056
0 0.749609 0.989352 0.010156 0.021296
0 0.845443 0.155556 0.014844 0.023148
0 0.170703 0.227315 0.018490 0.016667
2 0.199609 0.245602 0.026823 0.016204
0 0.543880 0.220139 0.017448 0.018981
0 0.494661 0.232639 0.017448 0.018981
0 0.617578 0.227778 0.012240 0.027778
0 0.773568 0.038194 0.013281 0.027315
0 0.971354 0.133565 0.019792 0.016204
0 0.805729 0.906944 0.010417 0.031481
0 0.730208 0.728935 0.013021 0.027315
0 0.717448 0.736806 0.013021 0.027315
0 0.745443 0.781019 0.012760 0.026852
0 0.757292 0.868056 0.009375 0.029630
0 0.737240 0.882870 0.009375 0.029630
0 0.747656 0.906481 0.009375 0.029630
0 0.759375 0.950463 0.009375 0.029630
0 0.749349 0.951389 0.009635 0.027778
