1 0.933333 0.494907 0.041667 0.045370
0 0.622266 0.167824 0.014323 0.017130
0 0.676302 0.645833 0.014063 0.019444
0 0.707552 0.710880 0.012500 0.021759
0 0.492188 0.572685 0.015625 0.014815
0 0.556771 0.577315 0.018750 0.017593
0 0.734115 0.093981 0.015625 0.014815
0 0.666146 0.130093 0.016146 0.021296
0 0.795964 0.104630 0.016927 0.017593
0 0.005078 0.564815 0.009635 0.012037
0 0.355208 0.570833 0.018229 0.016667
2 0.177083 0.226852 0.021875 0.016667
0 0.154427 0.578472 0.018229 0.015278
2 0.073307 0.526389 0.021094 0.019444
0 0.751042 0.814583 0.010937 0.029167
0 0.737240 0.796759 0.011458 0.027778
0 0.114323 0.374074 0.015104 0.014815
0 0.082031 0.236111 0.018229 0.017593
0 0.758464 0.956481 0.008073 0.025926
0 0.287500 0.236343 0.019271 0.017130
0 0.735938 0.750926 0.013021 0.026852
0 0.781250 0.659259 0.015625 0.015741
2 0.725651 0.718519 0.017448 0.034259
0 0.537109 0.218287 0.020052 0.019907
0 0.859375 0.744676 0.014583 0.029167
0 0.425911 0.232870 0.014844 0.014815
0 0.504297 0.379167 0.016927 0.015741
0 0.899479 0.429398 0.010417 0.030093
0 0.938542 0.287963 0.016667 0.016667
0 0.947005 0.262963 0.016406 0.017593
0 0.859115 0.181944 0.017188 0.026852
0 0.836068 0.149537 0.016406 0.020370
0 0.799219 0.049537 0.016146 0.028704
0 0.772266 0.035880 0.013281 0.028241
0 0.832682 0.871065 0.011198 0.030093
0 0.821354 0.948380 0.009896 0.024537
0 0.809375 0.945602 0.009896 0.028241
0 0.748828 0.982407 0.009115 0.024074
0 0.757682 0.986343 0.008073 0.027315
0 0.747526 0.946759 0.008594 0.028704
0 0.757682 0.917593 0.008073 0.028704
0 0.748307 0.908333 0.009115 0.027778
0 0.757812 0.881250 0.009375 0.027315
0 0.754948 0.848843 0.009375 0.026389
0 0.744531 0.863889 0.007292 0.019444
0 0.742578 0.831713 0.008073 0.027315
0 0.744531 0.777778 0.011979 0.025000
0 0.726693 0.763426 0.012760 0.025926
0 0.717318 0.737963 0.012240 0.023148
2 0.732422 0.843287 0.013281 0.035648
