0 0.847005 0.113657 0.020052 0.017130
0 0.558203 0.189120 0.016927 0.018056
0 0.633724 0.091435 0.015365 0.031019
0 0.629036 0.633796 0.015365 0.022222
0 0.706120 0.779861 0.013802 0.029167
0 0.608984 0.203009 0.013281 0.026389
0 0.615625 0.068981 0.017188 0.033333
0 0.660286 0.659259 0.014844 0.023148
0 0.472396 0.581713 0.017708 0.015278
0 0.029557 0.218056 0.020573 0.017593
0 0.821094 0.404630 0.020833 0.017593
0 0.682292 0.110185 0.016667 0.025000
0 0.582292 0.225463 0.011979 0.025926
0 0.713021 0.752083 0.016146 0.031019
0 0.681380 0.725000 0.016927 0.029630
0 0.465755 0.465741 0.023177 0.016667
0 0.852083 0.373380 0.021354 0.018981
0 0.576823 0.523148 0.012500 0.022222
0 0.792057 0.031481 0.010677 0.025926
0 0.733724 0.824769 0.012760 0.027315
0 0.774870 0.030787 0.011198 0.024537
0 0.727995 0.882870 0.010156 0.035185
0 0.788932 0.104167 0.016927 0.020370
0 0.569661 0.127315 0.013281 0.019444
0 0.964453 0.131250 0.020052 0.017130
0 0.888802 0.322685 0.017188 0.017593
0 0.598047 0.536574 0.015885 0.025926
0 0.720443 0.831250 0.012760 0.027315
0 0.740625 0.873380 0.010937 0.026389
0 0.743099 0.932639 0.009115 0.027315
0 0.744661 0.987269 0.008594 0.025463
0 0.733203 0.989815 0.007031 0.020370
2 0.867839 0.666204 0.019010 0.050000
