0 0.677995 0.689583 0.015885 0.026389
0 0.818490 0.650694 0.020313 0.021759
0 0.908724 0.487731 0.010677 0.032870
0 0.722266 0.861574 0.011198 0.027778
0 0.714323 0.764583 0.012500 0.022685
0 0.565234 0.190046 0.017448 0.018981
0 0.643229 0.075694 0.013021 0.030093
0 0.697656 0.101389 0.015625 0.023148
0 0.602995 0.166898 0.013802 0.025463
0 0.126172 0.434954 0.020052 0.015278
0 0.589583 0.090972 0.013021 0.019907
0 0.605859 0.564352 0.011719 0.022222
0 0.882943 0.208333 0.014323 0.031481
0 0.743359 0.087037 0.019531 0.021296
0 0.823568 0.091898 0.017448 0.026389
0 0.079557 0.365972 0.017969 0.017130
0 0.731641 0.824537 0.012240 0.029630
2 0.856901 0.314815 0.024740 0.022222
0 0.040755 0.335648 0.021094 0.016667
0 0.526693 0.166435 0.017448 0.018981
0 0.823568 0.345602 0.018490 0.018056
0 0.620573 0.123380 0.013021 0.030093
0 0.582031 0.293056 0.010417 0.031481
0 0.572266 0.521065 0.012760 0.027315
0 0.882943 0.706019 0.013802 0.030556
0 0.703646 0.784491 0.013021 0.025463
0 0.812630 0.851389 0.012240 0.029630
0 0.738932 0.868981 0.012240 0.029630
0 0.740625 0.919907 0.009375 0.030556
