0 0.016016 0.443519 0.016927 0.013889
0 0.947786 0.161806 0.016927 0.013426
0 0.706120 0.700926 0.016406 0.015741
0 0.572005 0.204167 0.014844 0.022222
0 0.008203 0.264583 0.010677 0.014352
0 0.715495 0.132176 0.014844 0.018056
0 0.200911 0.586806 0.012240 0.015278
0 0.793880 0.623611 0.014323 0.021296
0 0.634115 0.679861 0.018750 0.018056
0 0.673958 0.744213 0.010937 0.020833
0 0.147396 0.260417 0.014063 0.016204
0 0.090104 0.503704 0.013021 0.021296
0 0.871615 0.557870 0.017188 0.022222
0 0.544271 0.167593 0.016146 0.022222
0 0.674219 0.795833 0.009375 0.024074
0 0.511849 0.241667 0.017448 0.020370
0 0.539714 0.539815 0.010156 0.023148
0 0.066797 0.261574 0.018490 0.015741
0 0.066536 0.435648 0.016927 0.013889
0 0.293880 0.421528 0.014844 0.013426
0 0.337891 0.590741 0.013802 0.015741
0 0.472786 0.422685 0.013802 0.015741
0 0.462109 0.404630 0.013802 0.015741
0 0.558984 0.533796 0.010156 0.023148
0 0.562370 0.597222 0.010677 0.022222
0 0.654167 0.740509 0.010937 0.020833
0 0.640495 0.743981 0.013281 0.021296
0 0.679688 0.878241 0.009375 0.024074
0 0.700781 0.882407 0.009375 0.024074
0 0.707552 0.963889 0.009375 0.024074
0 0.773438 0.955093 0.009375 0.024074
2 0.841146 0.536343 0.014063 0.036574
0 0.618620 0.385185 0.020573 0.014815
0 0.747526 0.373843 0.016927 0.016204
0 0.716276 0.051389 0.012240 0.025926
0 0.717578 0.013194 0.012240 0.025463
0 0.620964 0.078935 0.011198 0.026389
0 0.488411 0.253241 0.017448 0.020370
0 0.470964 0.253241 0.017448 0.020370
0 0.423568 0.255093 0.017448 0.020370
0 0.385286 0.232639 0.015365 0.017130
0 0.973437 0.277778 0.016146 0.018519
2 0.661719 0.144444 0.020833 0.023148
