0 0.628125 0.645602 0.016667 0.025463
0 0.690104 0.774537 0.013021 0.023148
0 0.628906 0.607176 0.015625 0.026389
0 0.932943 0.529861 0.017448 0.019907
0 0.717187 0.811574 0.012500 0.028704
0 0.699740 0.754167 0.016146 0.028704
0 0.660417 0.683333 0.017188 0.024074
0 0.943620 0.575463 0.016406 0.022222
0 0.726823 0.094213 0.019792 0.023611
0 0.985677 0.259491 0.016146 0.016204
0 0.286719 0.582870 0.019271 0.016667
0 0.933984 0.309491 0.022135 0.020833
0 0.843359 0.315741 0.023698 0.020370
0 0.608724 0.159259 0.014323 0.027778
0 0.267708 0.451389 0.019271 0.016667
0 0.269531 0.226389 0.019271 0.016667
0 0.365625 0.201852 0.019271 0.016667
0 0.771615 0.096528 0.021354 0.022685
0 0.828776 0.135185 0.017448 0.025926
0 0.856250 0.180093 0.015625 0.025000
0 0.795052 0.040278 0.016146 0.028704
0 0.767318 0.026157 0.013802 0.030093
0 0.906250 0.455787 0.015104 0.034722
0 0.573958 0.518981 0.013021 0.027778
0 0.729427 0.864352 0.012500 0.028704
0 0.740625 0.956944 0.010417 0.030556
