0 0.665495 0.689815 0.013802 0.017593
0 0.619271 0.617361 0.015625 0.026389
0 0.655469 0.646296 0.015104 0.022222
0 0.795833 0.030093 0.014583 0.028704
0 0.149089 0.455556 0.020573 0.015741
0 0.610026 0.644676 0.016927 0.022685
0 0.692318 0.698380 0.013802 0.023611
0 0.545964 0.198843 0.016927 0.019907
0 0.887891 0.207639 0.014844 0.027315
0 0.475911 0.587500 0.020052 0.017593
0 0.726042 0.830787 0.010937 0.026389
0 0.566536 0.187269 0.016406 0.018981
0 0.116797 0.225000 0.020573 0.016667
0 0.062370 0.218056 0.017448 0.012963
0 0.724479 0.892824 0.009896 0.024537
0 0.672005 0.111806 0.018490 0.020833
0 0.890104 0.510417 0.014063 0.031944
0 0.600260 0.165972 0.015104 0.028241
0 0.798958 0.334259 0.015104 0.016667
0 0.595703 0.243750 0.014323 0.039352
0 0.964714 0.284954 0.018490 0.022685
0 0.418359 0.405787 0.023698 0.018981
0 0.053125 0.374537 0.019792 0.022222
0 0.176432 0.394907 0.020573 0.016667
0 0.278255 0.385648 0.020573 0.015741
0 0.368880 0.201389 0.020573 0.015741
0 0.574219 0.273380 0.010937 0.029167
0 0.557031 0.323843 0.010937 0.029167
0 0.705599 0.094213 0.018490 0.020833
0 0.897917 0.302546 0.017188 0.018056
0 0.934635 0.273843 0.017188 0.018056
0 0.883333 0.583102 0.014063 0.031944
0 0.705599 0.761574 0.014323 0.029630
0 0.723568 0.764352 0.014323 0.029630
0 0.735286 0.817593 0.010156 0.023148
0 0.735156 0.895833 0.011458 0.027778
0 0.746094 0.903472 0.010417 0.028241
0 0.141797 0.560648 0.020573 0.015741
