0 0.593880 0.655787 0.014323 0.016204
0 0.478255 0.606250 0.015365 0.013426
0 0.666146 0.685417 0.015104 0.010648
0 0.554167 0.566898 0.011458 0.025463
0 0.207161 0.596296 0.013802 0.012963
0 0.531250 0.317593 0.010417 0.023148
0 0.665885 0.775463 0.011458 0.025926
0 0.357161 0.594444 0.013281 0.013889
0 0.667057 0.739120 0.013281 0.023611
0 0.533854 0.230324 0.014583 0.014352
0 0.775260 0.426389 0.017188 0.016667
0 0.608333 0.119907 0.011458 0.023148
0 0.035026 0.261574 0.015885 0.015741
0 0.687109 0.853935 0.008073 0.025463
0 0.702604 0.012731 0.009375 0.023611
0 0.021354 0.383796 0.015104 0.012963
0 0.582422 0.601389 0.012760 0.020370
0 0.653255 0.743287 0.013281 0.023611
0 0.661458 0.804630 0.010937 0.025926
0 0.678385 0.811111 0.010937 0.025926
0 0.692839 0.901157 0.008073 0.025463
0 0.685807 0.957639 0.008073 0.025463
0 0.781901 0.776852 0.010677 0.023148
0 0.695182 0.966898 0.008073 0.025463
0 0.783724 0.363194 0.016406 0.016204
0 0.854557 0.474537 0.010156 0.026852
0 0.890104 0.322222 0.017188 0.016667
0 0.825911 0.262037 0.012240 0.025000
0 0.542448 0.346759 0.010417 0.023148
0 0.513281 0.237269 0.014583 0.014352
2 0.484896 0.250463 0.020833 0.018519
0 0.455990 0.254861 0.014583 0.014352
0 0.423828 0.256250 0.016406 0.014352
0 0.623958 0.055093 0.011458 0.023148
0 0.710677 0.044213 0.009375 0.023611
0 0.722917 0.078472 0.009375 0.023611
0 0.716016 0.133796 0.014323 0.015741
0 0.755859 0.152778 0.014323 0.015741
0 0.993359 0.276852 0.013281 0.016667
