0 0.714844 0.731019 0.012500 0.023148
0 0.827474 0.656019 0.016927 0.020370
0 0.686198 0.676157 0.015104 0.021759
0 0.704688 0.747917 0.009896 0.024537
0 0.630469 0.167130 0.015625 0.024074
0 0.607943 0.570602 0.011198 0.021759
0 0.151823 0.240278 0.015104 0.016667
0 0.771094 0.121296 0.013021 0.013889
0 0.856771 0.589352 0.010417 0.025926
0 0.258594 0.563657 0.015104 0.014352
0 0.948047 0.168519 0.016927 0.014815
0 0.731771 0.791435 0.011458 0.026389
0 0.583073 0.218519 0.015625 0.015741
0 0.944792 0.521759 0.018750 0.021296
0 0.770964 0.056019 0.012240 0.023148
0 0.475521 0.237269 0.014583 0.014352
0 0.648698 0.050231 0.012500 0.024537
0 0.436719 0.458102 0.015625 0.012500
0 0.367839 0.234259 0.013802 0.012963
0 0.538672 0.230093 0.014323 0.014815
0 0.657813 0.663194 0.014583 0.024537
0 0.793099 0.062269 0.011198 0.027315
0 0.452344 0.238194 0.017708 0.017130
0 0.506771 0.237963 0.014583 0.012963
0 0.701823 0.132407 0.015625 0.016667
0 0.893620 0.158333 0.013802 0.014815
0 0.936589 0.297917 0.014844 0.018056
0 0.120443 0.371759 0.014844 0.013889
0 0.302865 0.403241 0.015104 0.013889
0 0.386198 0.406944 0.015104 0.013889
0 0.399870 0.581019 0.014844 0.014815
0 0.555990 0.385185 0.015625 0.012963
0 0.601693 0.249306 0.010156 0.026389
0 0.633073 0.598380 0.011979 0.024537
0 0.723047 0.797685 0.008594 0.024074
0 0.731771 0.851852 0.008854 0.024074
0 0.743620 0.843519 0.008594 0.024074
0 0.737370 0.936806 0.008594 0.023611
0 0.748568 0.972685 0.008594 0.024074
0 0.738672 0.983333 0.008594 0.024074
0 0.800521 0.927778 0.008854 0.024074
0 0.852995 0.139583 0.014323 0.014352
0 0.764193 0.023148 0.012240 0.024074
0 0.559896 0.229630 0.012500 0.012963
0 0.555990 0.171759 0.012500 0.015741
0 0.605469 0.123843 0.011979 0.018981
0 0.487370 0.206019 0.014323 0.014815
0 0.402214 0.240741 0.013802 0.012963
0 0.406641 0.213889 0.013802 0.012963
0 0.303646 0.217130 0.013542 0.012963
0 0.064844 0.235880 0.015625 0.009722
0 0.425521 0.239583 0.018750 0.018056
