0 0.649870 0.645833 0.014323 0.024074
0 0.325391 0.449306 0.017969 0.015278
0 0.754297 0.415741 0.019531 0.020370
0 0.630469 0.147454 0.015625 0.031019
0 0.944271 0.317130 0.018229 0.017593
0 0.613672 0.584259 0.014323 0.025926
0 0.619271 0.629167 0.015104 0.023148
0 0.737370 0.111806 0.016927 0.018981
0 0.070443 0.321991 0.021094 0.015278
0 0.441146 0.462269 0.018750 0.013426
0 0.524219 0.458102 0.022396 0.016204
0 0.676693 0.387269 0.020573 0.015278
0 0.788672 0.084028 0.014844 0.029167
0 0.457292 0.396528 0.018750 0.013426
0 0.465365 0.199769 0.018750 0.013426
0 0.666146 0.709028 0.015625 0.030093
0 0.701042 0.748380 0.015625 0.030093
0 0.687500 0.756481 0.015625 0.030556
0 0.713021 0.792593 0.011979 0.029630
0 0.704688 0.811343 0.011979 0.030093
0 0.721745 0.868519 0.010156 0.030556
0 0.722917 0.918056 0.006771 0.023148
0 0.711719 0.930556 0.006771 0.027778
0 0.724219 0.978472 0.006771 0.023611
