0 0.629948 0.152546 0.016146 0.023611
0 0.715234 0.728935 0.014323 0.024537
0 0.645964 0.617130 0.013281 0.026852
0 0.248958 0.215972 0.017708 0.014352
0 0.756901 0.090741 0.015365 0.015741
0 0.007552 0.344676 0.014583 0.012500
0 0.675781 0.130787 0.015625 0.024537
0 0.735156 0.796528 0.012500 0.027315
0 0.700781 0.673380 0.013021 0.019907
0 0.666016 0.612269 0.015365 0.019907
0 0.632943 0.193056 0.014844 0.022222
0 0.825521 0.095833 0.016667 0.026852
0 0.753125 0.821065 0.011458 0.028241
0 0.662370 0.045833 0.013802 0.021296
0 0.548958 0.195370 0.018229 0.017593
1 0.805990 0.093287 0.035417 0.059722
0 0.618750 0.562963 0.013542 0.025926
0 0.736979 0.752546 0.011458 0.027315
0 0.692318 0.041435 0.013802 0.020833
0 0.581510 0.186574 0.015625 0.017593
0 0.797656 0.043056 0.012500 0.022222
0 0.252604 0.369444 0.019271 0.014815
0 0.088411 0.365509 0.016406 0.013426
0 0.143880 0.356713 0.016406 0.013426
0 0.155208 0.382176 0.016667 0.013426
0 0.160156 0.236343 0.017708 0.014352
0 0.744792 0.868750 0.011458 0.028241
0 0.747917 0.942361 0.011458 0.028241
0 0.992708 0.495370 0.014583 0.021296
0 0.830469 0.328704 0.017188 0.018519
0 0.991406 0.243981 0.017188 0.018519
0 0.944922 0.131481 0.015365 0.015741
