0 0.588672 0.189815 0.015365 0.018519
0 0.594271 0.646065 0.014583 0.022685
0 0.566276 0.595370 0.012760 0.025000
0 0.666667 0.784954 0.011458 0.019907
0 0.205859 0.231944 0.016927 0.017593
0 0.651693 0.707639 0.013281 0.019907
2 0.868620 0.568056 0.022656 0.033333
0 0.417969 0.592593 0.013021 0.014815
0 0.505078 0.606250 0.014844 0.014352
0 0.371615 0.589583 0.016146 0.014352
0 0.715755 0.037963 0.011198 0.026852
0 0.563021 0.152315 0.014583 0.021296
0 0.954557 0.177083 0.016927 0.014352
0 0.603646 0.631713 0.011458 0.021759
0 0.908594 0.182639 0.015104 0.017130
0 0.020443 0.233565 0.015885 0.019907
0 0.092708 0.237731 0.015625 0.015278
0 0.750781 0.140509 0.011458 0.020833
0 0.126172 0.577315 0.016406 0.016667
0 0.697917 0.856944 0.011979 0.025000
0 0.595182 0.096296 0.010677 0.023148
0 0.776042 0.679861 0.014583 0.018056
0 0.726302 0.073611 0.013021 0.028704
0 0.271094 0.231019 0.017188 0.017593
0 0.255469 0.251157 0.015625 0.017130
0 0.680208 0.825694 0.009896 0.024537
0 0.390365 0.251620 0.016667 0.015278
0 0.352604 0.252083 0.012500 0.014352
0 0.330729 0.251620 0.015625 0.015278
0 0.345573 0.228472 0.014583 0.017130
0 0.418750 0.253472 0.018229 0.017130
0 0.479948 0.249769 0.018229 0.017130
0 0.294401 0.583333 0.016406 0.016667
0 0.572786 0.575463 0.012760 0.025000
0 0.642708 0.402546 0.016146 0.018056
0 0.534505 0.228241 0.015365 0.018519
0 0.730599 0.034722 0.009635 0.024074
0 0.750130 0.084954 0.011719 0.025463
0 0.778906 0.141898 0.011458 0.020833
0 0.713021 0.386343 0.016146 0.018056
0 0.806901 0.217593 0.013802 0.023148
0 0.885156 0.337269 0.015104 0.017130
0 0.988021 0.501157 0.015104 0.017130
0 0.847917 0.519444 0.009896 0.021296
0 0.638151 0.716898 0.013281 0.019907
0 0.842708 0.695602 0.011458 0.021759
0 0.681510 0.780787 0.011979 0.024537
0 0.701693 0.893750 0.009635 0.026389
0 0.692578 0.917824 0.009635 0.026389
0 0.693099 0.947917 0.009635 0.026389
0 0.701953 0.933102 0.009635 0.026389
0 0.702734 0.978935 0.009635 0.026389
