0 0.332943 0.425926 0.013802 0.014815
2 0.686458 0.137500 0.031250 0.025000
0 0.546745 0.638889 0.020573 0.025000
0 0.676042 0.809722 0.011458 0.025926
0 0.659635 0.759954 0.011979 0.020833
0 0.594922 0.211574 0.013802 0.023148
0 0.960417 0.298380 0.016146 0.015278
0 0.080208 0.379630 0.016667 0.016667
0 0.548568 0.271065 0.010156 0.023611
0 0.762760 0.414583 0.019271 0.014352
2 0.523568 0.236806 0.019531 0.023611
0 0.538672 0.310417 0.009635 0.023611
0 0.624089 0.081713 0.011719 0.023611
0 0.626172 0.702778 0.013802 0.022222
0 0.410547 0.423611 0.016406 0.012037
0 0.687760 0.865278 0.008854 0.023148
0 0.177083 0.407176 0.017188 0.013426
0 0.575000 0.240972 0.011458 0.022685
0 0.560677 0.280324 0.011458 0.022685
0 0.487370 0.251852 0.016406 0.012037
0 0.451432 0.254630 0.013802 0.012963
0 0.410026 0.256944 0.013802 0.012963
0 0.388281 0.259259 0.010937 0.010185
0 0.589193 0.647222 0.013802 0.022222
0 0.616797 0.661574 0.016406 0.024074
0 0.693490 0.922685 0.008854 0.023148
0 0.694271 0.973611 0.008854 0.023148
0 0.571875 0.464583 0.014583 0.011574
