0 0.679167 0.134259 0.016146 0.022222
0 0.715365 0.734954 0.012500 0.023611
0 0.692839 0.686574 0.014844 0.022222
0 0.642839 0.147685 0.017969 0.022222
0 0.735026 0.753935 0.012240 0.028241
0 0.902995 0.441435 0.010156 0.031944
0 0.041406 0.233565 0.018750 0.017130
0 0.726953 0.773148 0.010677 0.026852
0 0.065755 0.560185 0.015365 0.014815
0 0.745964 0.882870 0.008594 0.025926
0 0.764453 0.107176 0.018490 0.018056
0 0.886198 0.569213 0.013542 0.023611
0 0.701562 0.666667 0.013542 0.022222
0 0.567187 0.218287 0.017188 0.018056
0 0.660547 0.615046 0.017969 0.020833
0 0.510547 0.234722 0.020052 0.016667
0 0.119271 0.433796 0.019271 0.015741
0 0.195703 0.223148 0.017448 0.015741
0 0.741927 0.838889 0.009375 0.025926
0 0.426563 0.464120 0.017188 0.014352
0 0.521354 0.391435 0.017708 0.016204
0 0.512760 0.441204 0.020833 0.014815
0 0.654036 0.032176 0.013802 0.030093
0 0.603125 0.239815 0.013021 0.028704
0 0.151432 0.219907 0.017448 0.015741
0 0.287891 0.399074 0.017448 0.015741
0 0.381380 0.228241 0.017448 0.015741
0 0.621484 0.102546 0.013802 0.030093
0 0.601562 0.281019 0.013021 0.028704
0 0.796224 0.343287 0.018490 0.018056
0 0.785547 0.390509 0.018490 0.018056
0 0.662891 0.376620 0.018490 0.018056
0 0.600130 0.520139 0.014844 0.030093
0 0.745443 0.796296 0.011198 0.028704
0 0.753776 0.848148 0.009115 0.026852
0 0.757031 0.919213 0.009896 0.030093
0 0.747526 0.955556 0.008073 0.027778
0 0.758333 0.972222 0.008333 0.025926
0 0.863932 0.724074 0.012240 0.027778
0 0.816797 0.956944 0.012240 0.027778
0 0.794141 0.985185 0.012240 0.027778
