0 0.606641 0.212037 0.013281 0.026852
0 0.630859 0.669213 0.015885 0.023611
0 0.029948 0.213657 0.018750 0.014352
0 0.661458 0.684259 0.013021 0.020370
0 0.749089 0.124537 0.016927 0.016667
0 0.051693 0.403009 0.017969 0.013426
0 0.990234 0.305324 0.010677 0.013426
0 0.580078 0.618519 0.014323 0.015741
0 0.810286 0.365046 0.014844 0.018056
0 0.662760 0.150694 0.018229 0.023611
0 0.855078 0.255787 0.012240 0.027315
0 0.470703 0.405556 0.017969 0.015741
0 0.339453 0.460185 0.021094 0.015741
0 0.660937 0.050000 0.011979 0.027778
0 0.747917 0.355787 0.018750 0.014352
0 0.532682 0.386343 0.016927 0.013426
0 0.270833 0.965972 0.014583 0.025463
0 0.276172 0.391435 0.019531 0.018056
0 0.974740 0.180787 0.015625 0.013426
0 0.113672 0.341435 0.017969 0.013426
0 0.147266 0.370139 0.017969 0.013426
0 0.195964 0.440046 0.017969 0.013426
0 0.361849 0.388194 0.017969 0.013426
0 0.218359 0.550231 0.019531 0.018056
0 0.542188 0.226852 0.015104 0.013889
0 0.559896 0.216435 0.014583 0.013426
0 0.564323 0.284491 0.013021 0.030093
0 0.567187 0.521759 0.010417 0.024074
0 0.805859 0.170139 0.016927 0.023611
0 0.780729 0.085417 0.012500 0.024537
0 0.758594 0.068750 0.012500 0.024537
0 0.770573 0.054398 0.012500 0.024537
0 0.760938 0.028472 0.012500 0.024537
0 0.739583 0.013194 0.012500 0.024537
0 0.897786 0.342593 0.017969 0.016667
0 0.945964 0.322222 0.017969 0.016667
0 0.667448 0.725926 0.013542 0.023148
0 0.694401 0.758796 0.010677 0.027778
0 0.689714 0.783796 0.011198 0.027778
0 0.702214 0.857407 0.011198 0.027778
0 0.716016 0.900694 0.007552 0.028241
0 0.779167 0.887963 0.009896 0.026852
0 0.895833 0.609028 0.013021 0.024537
0 0.716016 0.971991 0.007552 0.028241
