0 0.629557 0.609028 0.014323 0.018056
0 0.168620 0.229630 0.020052 0.015741
0 0.925000 0.503472 0.016667 0.019907
0 0.742708 0.089583 0.015625 0.019907
0 0.788151 0.097222 0.014844 0.020370
0 0.665495 0.623380 0.013802 0.014352
0 0.710156 0.674769 0.014583 0.027315
0 0.436068 0.565741 0.017448 0.017593
0 0.730729 0.730324 0.011458 0.021759
0 0.744141 0.848148 0.008073 0.021296
0 0.929948 0.553704 0.015104 0.023148
0 0.448437 0.396528 0.021875 0.018056
0 0.729818 0.777083 0.010677 0.023611
0 0.225391 0.557870 0.016927 0.014815
0 0.714714 0.725231 0.011198 0.023611
0 0.740885 0.815046 0.009896 0.024537
0 0.696875 0.690278 0.012500 0.022222
0 0.744401 0.780093 0.009635 0.024074
0 0.718490 0.782870 0.010417 0.023148
0 0.979036 0.127083 0.016406 0.017130
0 0.868229 0.204167 0.012500 0.025926
0 0.390365 0.225926 0.019271 0.014815
0 0.092578 0.240046 0.015365 0.019907
0 0.386458 0.378009 0.016146 0.018981
0 0.518490 0.218287 0.018750 0.022685
0 0.545312 0.215509 0.013542 0.017130
0 0.576693 0.205093 0.016927 0.019444
0 0.604036 0.215509 0.012760 0.029167
2 0.660026 0.140972 0.022135 0.030093
0 0.606510 0.380093 0.019792 0.017593
0 0.548438 0.388194 0.015625 0.017130
0 0.774219 0.037731 0.015104 0.027315
0 0.790104 0.027083 0.016667 0.032870
0 0.751693 0.822454 0.011198 0.031944
0 0.745182 0.875926 0.009635 0.026852
0 0.754557 0.855093 0.009635 0.029630
0 0.756510 0.891667 0.009896 0.030556
0 0.746875 0.905787 0.010417 0.026389
0 0.757943 0.929167 0.009635 0.027778
0 0.748307 0.947685 0.011198 0.029630
0 0.758073 0.978009 0.009896 0.031019
0 0.969010 0.507407 0.015104 0.021296
0 0.810156 0.858565 0.010417 0.027315
0 0.830078 0.875231 0.010677 0.030093
