0 0.628516 0.171759 0.013802 0.022222
0 0.773828 0.114120 0.014844 0.013426
0 0.706510 0.708565 0.013542 0.024537
0 0.705859 0.739352 0.011719 0.028704
0 0.694922 0.676852 0.014323 0.017593
0 0.729818 0.815046 0.010156 0.030093
0 0.852604 0.147685 0.015104 0.013889
0 0.414844 0.578472 0.015625 0.016204
0 0.655729 0.174306 0.013021 0.024537
0 0.425130 0.410185 0.016927 0.014815
0 0.640365 0.604167 0.016667 0.019444
0 0.847396 0.412037 0.018229 0.013889
0 0.681510 0.149074 0.014063 0.020370
0 0.566667 0.221759 0.014063 0.013889
0 0.719531 0.773380 0.009375 0.024537
0 0.741797 0.971296 0.010156 0.027778
0 0.592187 0.219213 0.011979 0.012500
0 0.310677 0.236806 0.013021 0.012500
0 0.867448 0.344213 0.014583 0.015278
0 0.343880 0.236806 0.012240 0.012500
0 0.775391 0.055556 0.009115 0.024074
0 0.360286 0.237963 0.012760 0.013889
0 0.735417 0.881713 0.007812 0.027315
0 0.681120 0.694444 0.014844 0.024074
0 0.880990 0.247917 0.013021 0.025463
0 0.455859 0.584259 0.014844 0.012037
0 0.827083 0.881250 0.008333 0.028241
0 0.772005 0.352546 0.015885 0.015278
0 0.171484 0.363889 0.018490 0.014815
0 0.395703 0.236806 0.012760 0.014352
0 0.434766 0.236806 0.012760 0.014352
0 0.464453 0.239352 0.017969 0.015741
0 0.491406 0.237269 0.017708 0.015278
0 0.515104 0.237037 0.015625 0.014815
0 0.536458 0.232639 0.015104 0.013426
0 0.488542 0.390972 0.015104 0.013426
0 0.469401 0.411574 0.014323 0.012037
0 0.766536 0.021759 0.009115 0.024074
0 0.729688 0.762731 0.009375 0.024537
0 0.742188 0.927546 0.008333 0.028241
