0 0.568880 0.317824 0.013802 0.034722
0 0.627214 0.149306 0.012760 0.030093
0 0.308594 0.439120 0.017188 0.014352
0 0.684896 0.434491 0.022396 0.016204
0 0.986328 0.590972 0.010677 0.013426
0 0.851823 0.206944 0.021354 0.016667
0 0.157943 0.391898 0.021094 0.014352
0 0.580469 0.617824 0.016146 0.030093
0 0.946745 0.221296 0.021094 0.013889
2 0.985156 0.415741 0.029687 0.028704
0 0.073047 0.373380 0.021094 0.014352
0 0.530599 0.223380 0.018490 0.020833
0 0.666016 0.177083 0.018490 0.020833
0 0.681771 0.410417 0.022396 0.016204
