0 0.448307 0.589120 0.018490 0.017130
0 0.806250 0.073380 0.013542 0.025463
0 0.189974 0.566667 0.016927 0.012963
0 0.839453 0.115046 0.021615 0.020833
0 0.921354 0.536806 0.015625 0.018056
0 0.650000 0.680324 0.015104 0.022685
0 0.505078 0.214583 0.021615 0.017130
0 0.104557 0.214120 0.017448 0.014352
0 0.587760 0.269907 0.010937 0.025926
0 0.689193 0.710880 0.013281 0.025463
0 0.237370 0.207870 0.017448 0.016667
0 0.891797 0.537731 0.011198 0.024537
0 0.622917 0.061574 0.015625 0.030556
2 0.657552 0.720370 0.020833 0.035185
0 0.118099 0.554167 0.017448 0.017593
0 0.941667 0.516667 0.016146 0.019444
0 0.518880 0.595833 0.017448 0.014815
0 0.661068 0.658565 0.015365 0.026389
0 0.787370 0.020833 0.014323 0.027778
0 0.682813 0.727083 0.014063 0.025463
0 0.494010 0.191435 0.019271 0.016204
0 0.158203 0.369444 0.014844 0.020370
0 0.733724 0.844676 0.009115 0.025463
0 0.313151 0.393056 0.016927 0.012963
0 0.558203 0.147685 0.016927 0.021296
0 0.556380 0.197222 0.016927 0.021296
0 0.686458 0.358796 0.020313 0.015741
0 0.838021 0.739120 0.013542 0.031944
0 0.716016 0.775694 0.013281 0.030093
0 0.725521 0.890509 0.010417 0.031019
0 0.741927 0.957176 0.010417 0.031019
0 0.732552 0.975926 0.009375 0.026852
0 0.839323 0.857176 0.013542 0.031944
