0 0.985807 0.209259 0.010677 0.012037
0 0.269141 0.596991 0.016927 0.012500
0 0.627344 0.212500 0.017708 0.027778
0 0.841146 0.241204 0.014583 0.025926
0 0.209896 0.402315 0.023958 0.016667
0 0.615495 0.665278 0.014323 0.021296
0 0.768880 0.172917 0.019531 0.019907
0 0.688021 0.801389 0.011979 0.024074
0 0.646094 0.117130 0.014583 0.031481
0 0.695833 0.164583 0.020833 0.018981
0 0.891667 0.380324 0.018750 0.019907
0 0.163542 0.411574 0.023958 0.016667
0 0.671094 0.031944 0.014583 0.031481
0 0.823828 0.379398 0.023698 0.022685
0 0.686068 0.842824 0.013281 0.031944
