0 0.725260 0.712269 0.010937 0.022685
0 0.518099 0.570833 0.013802 0.014815
0 0.720573 0.782639 0.011979 0.027315
0 0.695182 0.713657 0.012760 0.025463
0 0.635286 0.168056 0.014323 0.022222
0 0.293750 0.572685 0.016667 0.016667
0 0.610547 0.603935 0.016927 0.019907
0 0.666146 0.640278 0.013021 0.021296
2 0.813802 0.107639 0.023438 0.021759
0 0.197786 0.577778 0.019010 0.018519
0 0.750260 0.804861 0.010417 0.024537
0 0.033594 0.506481 0.018750 0.021296
0 0.276823 0.453704 0.019792 0.014815
0 0.875391 0.549769 0.012240 0.027315
0 0.767057 0.100926 0.017448 0.016667
0 0.545312 0.213889 0.017708 0.016667
0 0.076563 0.426389 0.016146 0.016667
0 0.907813 0.523611 0.016146 0.025000
0 0.748828 0.659954 0.016406 0.013426
0 0.990104 0.497222 0.016667 0.021296
0 0.664844 0.135648 0.017708 0.022222
0 0.961328 0.521065 0.017969 0.025463
0 0.589974 0.195602 0.014844 0.019907
0 0.587109 0.431944 0.016406 0.014815
0 0.870052 0.124769 0.019792 0.018981
0 0.511328 0.221528 0.014844 0.015278
0 0.861458 0.666898 0.013021 0.030093
0 0.661589 0.661343 0.013281 0.019907
0 0.474089 0.198611 0.014323 0.017593
0 0.049479 0.342130 0.016146 0.016667
0 0.304167 0.379630 0.016667 0.014815
0 0.026823 0.246065 0.017708 0.014352
0 0.798438 0.052778 0.010937 0.025000
0 0.777734 0.045833 0.009635 0.020370
0 0.784635 0.012269 0.013542 0.023611
0 0.768099 0.011574 0.013281 0.022222
0 0.869531 0.123843 0.019792 0.018981
0 0.917318 0.132639 0.015365 0.015278
0 0.971745 0.130787 0.019010 0.015278
0 0.759375 0.930556 0.007812 0.025000
0 0.747786 0.912037 0.008073 0.030556
0 0.757031 0.869444 0.007812 0.025000
0 0.754818 0.837037 0.009115 0.027778
0 0.731250 0.834259 0.010937 0.024074
0 0.744531 0.773380 0.011979 0.027315
0 0.734635 0.743287 0.011979 0.025463
0 0.604167 0.497454 0.011979 0.022685
