0 0.673828 0.669444 0.016927 0.019444
0 0.656380 0.154167 0.017969 0.024074
0 0.351172 0.569676 0.017448 0.015278
0 0.052474 0.343519 0.020052 0.015741
0 0.533464 0.466204 0.021094 0.015741
0 0.619401 0.649074 0.013281 0.022222
0 0.585286 0.578472 0.013281 0.024537
0 0.242708 0.390046 0.018229 0.016204
0 0.388281 0.466435 0.019271 0.013426
0 0.592318 0.255093 0.013802 0.022222
0 0.135156 0.362500 0.017708 0.015741
0 0.669531 0.734722 0.014063 0.025000
0 0.955208 0.180787 0.015625 0.013426
0 0.259505 0.452083 0.017969 0.019907
0 0.780469 0.081250 0.012500 0.023611
0 0.707422 0.387731 0.022656 0.013426
0 0.239583 0.428935 0.019792 0.016204
0 0.813542 0.364120 0.018750 0.013426
0 0.993880 0.504630 0.008073 0.016667
0 0.558333 0.216204 0.017708 0.017593
0 0.343490 0.380093 0.017708 0.015741
0 0.539844 0.226157 0.016146 0.014352
0 0.553125 0.382176 0.019271 0.013426
0 0.613672 0.400000 0.021094 0.015741
0 0.759505 0.375000 0.021094 0.015741
0 0.848047 0.352315 0.021094 0.015741
0 0.718880 0.127315 0.021094 0.015741
0 0.600911 0.192361 0.015365 0.029167
0 0.781250 0.151620 0.016146 0.021759
0 0.866667 0.172222 0.014583 0.017593
0 0.767708 0.053935 0.012500 0.023611
0 0.759635 0.028472 0.012500 0.023611
0 0.754427 0.056250 0.012500 0.023611
2 0.901693 0.317593 0.033594 0.027778
0 0.818880 0.713657 0.013802 0.027315
0 0.792318 0.911111 0.012760 0.033333
0 0.689844 0.736574 0.014063 0.025000
0 0.686979 0.781019 0.014063 0.025000
0 0.707812 0.805556 0.014063 0.025000
0 0.701693 0.843750 0.008594 0.031019
0 0.706380 0.957176 0.008594 0.031019
