0 0.606510 0.113194 0.013021 0.019907
0 0.570573 0.593056 0.017708 0.021296
0 0.924089 0.516667 0.015365 0.023148
0 0.490625 0.575694 0.018229 0.015278
0 0.766406 0.654398 0.014063 0.016204
0 0.526302 0.578935 0.015625 0.014352
0 0.652474 0.625231 0.013802 0.020833
0 0.752214 0.093287 0.014844 0.018056
0 0.710156 0.714120 0.011979 0.019907
0 0.461328 0.232870 0.015365 0.018519
0 0.687109 0.705787 0.013281 0.020833
0 0.013021 0.338426 0.017708 0.019444
2 0.071224 0.252083 0.025781 0.020833
0 0.881641 0.510417 0.014844 0.030093
0 0.335938 0.406019 0.018229 0.018519
0 0.747396 0.803704 0.007292 0.016667
0 0.728646 0.755324 0.008854 0.019907
0 0.724479 0.723611 0.009375 0.021296
0 0.736719 0.762731 0.008854 0.018981
0 0.716016 0.104861 0.017969 0.019907
0 0.839453 0.611343 0.016927 0.020833
0 0.550911 0.376389 0.016927 0.012963
0 0.792188 0.045833 0.015625 0.030556
0 0.380859 0.221065 0.020052 0.020833
0 0.515755 0.229398 0.015365 0.019907
0 0.120313 0.252083 0.017188 0.014352
0 0.902344 0.447917 0.012500 0.033796
0 0.675391 0.694213 0.013802 0.019907
0 0.036458 0.244213 0.016667 0.015278
0 0.560026 0.213426 0.019531 0.015741
0 0.634505 0.189120 0.014844 0.029167
0 0.586328 0.309491 0.012240 0.032870
0 0.573698 0.391435 0.018750 0.016204
0 0.904818 0.126852 0.017448 0.015741
0 0.803385 0.339815 0.017708 0.016667
0 0.851953 0.323148 0.016927 0.017593
0 0.851823 0.303704 0.017708 0.015741
0 0.664714 0.613194 0.016406 0.022685
2 0.645182 0.646065 0.021615 0.030093
0 0.830859 0.768750 0.011719 0.030093
0 0.800391 0.958333 0.011719 0.032407
0 0.759375 0.980093 0.009896 0.029630
0 0.749349 0.953472 0.008594 0.023611
0 0.758854 0.939352 0.009896 0.029630
0 0.757292 0.887963 0.009896 0.029630
0 0.747135 0.889815 0.009896 0.029630
0 0.744792 0.838889 0.009896 0.029630
