0 0.392057 0.562731 0.019531 0.018981
0 0.732682 0.658102 0.017448 0.015278
0 0.932682 0.496065 0.015365 0.020833
0 0.467057 0.571759 0.017448 0.016667
0 0.218750 0.444907 0.020833 0.015741
0 0.018750 0.557176 0.017708 0.019907
0 0.705859 0.708565 0.010677 0.019907
0 0.314974 0.569444 0.020052 0.016667
0 0.330339 0.438194 0.020573 0.014352
0 0.883724 0.128704 0.020052 0.017593
0 0.882943 0.522917 0.014323 0.019907
0 0.133854 0.562731 0.022396 0.018981
0 0.276432 0.560185 0.015365 0.016667
0 0.829557 0.109259 0.014323 0.017593
0 0.876693 0.581944 0.013802 0.024074
0 0.064974 0.241667 0.023177 0.017593
0 0.970443 0.465278 0.017448 0.022222
0 0.736719 0.814120 0.009896 0.023611
0 0.744661 0.886574 0.010677 0.022222
0 0.788672 0.070139 0.014323 0.025463
0 0.743880 0.777546 0.013281 0.027315
0 0.810677 0.067361 0.014583 0.026389
0 0.614714 0.365972 0.018490 0.023611
0 0.747786 0.941435 0.010677 0.027315
0 0.169661 0.381481 0.020573 0.018519
0 0.502344 0.229861 0.017708 0.019907
0 0.426693 0.379861 0.019010 0.016204
0 0.356641 0.208102 0.023177 0.018981
0 0.767969 0.020602 0.011979 0.030093
0 0.720443 0.743981 0.010677 0.019444
0 0.690365 0.709259 0.017708 0.036111
0 0.219010 0.389352 0.017708 0.015741
0 0.543880 0.214120 0.018490 0.016204
0 0.564844 0.208796 0.018750 0.018519
0 0.584115 0.199537 0.018750 0.018519
0 0.603906 0.210185 0.018750 0.018519
0 0.633854 0.568750 0.015625 0.024537
0 0.726562 0.771528 0.013021 0.026389
0 0.733724 0.745833 0.012760 0.022222
0 0.724219 0.717130 0.009896 0.018519
0 0.749740 0.814120 0.013021 0.026389
0 0.756771 0.898843 0.013021 0.026389
0 0.758203 0.978935 0.010677 0.027315
0 0.784635 0.020139 0.014063 0.023611
1 0.655859 0.151389 0.043490 0.059259
0 0.994531 0.453009 0.010937 0.021759
