0 0.595964 0.657639 0.013802 0.024537
0 0.983333 0.468981 0.016146 0.018519
0 0.664974 0.777546 0.012760 0.023611
0 0.564063 0.593519 0.009896 0.018519
0 0.321745 0.467593 0.020052 0.013889
0 0.117578 0.456713 0.013281 0.013426
0 0.627474 0.700231 0.013281 0.019907
0 0.756771 0.374306 0.014063 0.012500
0 0.693750 0.955556 0.009375 0.024074
0 0.701042 0.137269 0.015625 0.015278
0 0.575391 0.212500 0.013802 0.021296
0 0.020964 0.255787 0.014844 0.014352
0 0.693229 0.452315 0.016667 0.012963
0 0.953385 0.526157 0.014583 0.016204
0 0.707031 0.018519 0.014583 0.036111
0 0.624089 0.037963 0.011719 0.024074
0 0.160417 0.253935 0.014583 0.014352
0 0.763281 0.156250 0.015625 0.015278
0 0.689193 0.885417 0.010156 0.024537
0 0.629948 0.400694 0.017708 0.015278
0 0.416146 0.258102 0.009896 0.014352
0 0.732161 0.145602 0.014844 0.018056
0 0.096875 0.373843 0.016146 0.014352
0 0.147396 0.400926 0.017708 0.014815
0 0.240495 0.399074 0.015885 0.012963
0 0.361849 0.593750 0.019531 0.015278
0 0.542578 0.397454 0.016406 0.013426
0 0.450521 0.257407 0.016667 0.012963
0 0.481380 0.248843 0.014323 0.013426
0 0.500130 0.247917 0.014323 0.013426
0 0.526693 0.235648 0.021094 0.023148
0 0.741016 0.064352 0.013281 0.028704
0 0.643359 0.012037 0.010156 0.023148
0 0.820312 0.352315 0.016667 0.013889
2 0.829036 0.267824 0.023177 0.047685
0 0.685026 0.802546 0.012760 0.023611
0 0.677474 0.822454 0.010677 0.022685
0 0.799609 0.722222 0.010677 0.027778
0 0.700521 0.878472 0.008854 0.026389
