0 0.668490 0.687037 0.015104 0.025000
0 0.613151 0.593519 0.015365 0.028704
0 0.717969 0.834722 0.010937 0.029630
0 0.289583 0.565046 0.015625 0.013426
0 0.773307 0.664815 0.016927 0.016667
0 0.369401 0.577778 0.015885 0.013889
0 0.171615 0.542824 0.017708 0.017130
0 0.827083 0.358333 0.020833 0.017593
0 0.102083 0.422454 0.020313 0.018981
0 0.634635 0.166667 0.015625 0.023148
0 0.703646 0.129167 0.019792 0.021296
0 0.427995 0.410185 0.021094 0.016667
0 0.759896 0.015046 0.011458 0.029167
0 0.346354 0.913194 0.013021 0.031019
0 0.690234 0.374306 0.020573 0.013426
0 0.322005 0.402083 0.019531 0.013426
0 0.731641 0.127083 0.021615 0.019907
0 0.634505 0.660648 0.014844 0.024074
0 0.934375 0.178009 0.018750 0.016204
0 0.492448 0.386806 0.018750 0.014352
0 0.038542 0.323380 0.020313 0.018981
0 0.067448 0.351157 0.020313 0.018981
0 0.136979 0.367361 0.020313 0.018981
0 0.213802 0.385880 0.020313 0.018981
0 0.026302 0.495139 0.020313 0.018981
0 0.486328 0.406944 0.021094 0.016667
0 0.522526 0.387269 0.024219 0.015278
0 0.530339 0.227315 0.021094 0.016667
0 0.665885 0.147222 0.015625 0.023148
0 0.782552 0.074537 0.011458 0.029630
0 0.750260 0.377315 0.020833 0.017593
0 0.657292 0.395370 0.020833 0.017593
0 0.595573 0.404630 0.020833 0.017593
0 0.933333 0.370833 0.020833 0.017593
0 0.770833 0.048611 0.011458 0.029630
0 0.581120 0.293750 0.012760 0.031944
0 0.706510 0.772454 0.013021 0.029167
0 0.724479 0.882870 0.010937 0.029630
0 0.724219 0.921296 0.009896 0.032407
0 0.722266 0.970370 0.010156 0.032407
