0 0.577214 0.636111 0.012240 0.022222
0 0.758464 0.152546 0.015365 0.019907
0 0.653776 0.726620 0.014844 0.021759
0 0.668490 0.803472 0.009896 0.024537
0 0.738021 0.071528 0.014063 0.025463
0 0.306120 0.576852 0.014844 0.016667
0 0.221224 0.569213 0.020052 0.014352
1 0.634115 0.726852 0.031771 0.054630
0 0.134245 0.229630 0.016927 0.012963
0 0.030208 0.521065 0.017708 0.019907
0 0.894922 0.588426 0.014844 0.021296
0 0.756380 0.111806 0.012760 0.025463
0 0.688151 0.910417 0.013281 0.030093
0 0.575000 0.204861 0.012500 0.025463
0 0.239193 0.462963 0.016406 0.017593
0 0.081250 0.535417 0.015104 0.017130
0 0.441276 0.401157 0.013802 0.013426
0 0.440755 0.400231 0.013802 0.013426
0 0.665234 0.380324 0.013802 0.013426
0 0.609505 0.388657 0.013802 0.013426
0 0.550260 0.231713 0.010417 0.022685
0 0.583854 0.230093 0.010417 0.022222
2 0.610938 0.183102 0.033854 0.032870
2 0.500130 0.245139 0.032031 0.023611
0 0.549740 0.230787 0.010417 0.022685
0 0.458854 0.249537 0.015104 0.014815
0 0.417708 0.251389 0.015104 0.014815
0 0.389583 0.250000 0.015104 0.014815
0 0.358594 0.251852 0.015104 0.014815
0 0.096224 0.361111 0.016927 0.012963
0 0.562240 0.556713 0.012500 0.024537
0 0.604036 0.641667 0.012240 0.022222
0 0.680208 0.798380 0.009896 0.024537
0 0.693620 0.864815 0.011719 0.028704
0 0.680859 0.867824 0.011198 0.022685
0 0.688151 0.977546 0.013281 0.030093
0 0.698568 0.976157 0.009115 0.029167
0 0.795573 0.723843 0.009896 0.030093
0 0.839323 0.690046 0.009896 0.030093
0 0.870443 0.186806 0.015365 0.019907
0 0.728255 0.086343 0.012760 0.025463
0 0.729427 0.035417 0.014063 0.025463
