0 0.610156 0.128009 0.013021 0.020833
0 0.844271 0.201620 0.021354 0.018981
0 0.234375 0.593519 0.016146 0.014815
0 0.946484 0.222685 0.017969 0.012037
0 0.611068 0.211343 0.016406 0.025463
0 0.778776 0.116204 0.010677 0.022222
0 0.648958 0.721991 0.020313 0.035648
0 0.792318 0.180787 0.017448 0.018056
0 0.435807 0.427083 0.019531 0.014352
0 0.078385 0.448843 0.025521 0.020833
0 0.813932 0.854630 0.014323 0.035185
0 0.665104 0.415278 0.019271 0.012963
0 0.570182 0.299537 0.014844 0.031481
0 0.635156 0.137269 0.011979 0.030093
0 0.650651 0.034491 0.014323 0.030093
0 0.602865 0.438426 0.019271 0.012963
0 0.713411 0.968519 0.011719 0.034259
