0 0.648307 0.673380 0.016927 0.027315
0 0.616146 0.618981 0.016667 0.029630
0 0.132552 0.435648 0.021354 0.016667
0 0.873958 0.583333 0.011979 0.026852
0 0.108984 0.574769 0.020052 0.018056
0 0.249479 0.570139 0.015625 0.015278
0 0.576562 0.293981 0.011979 0.026852
0 0.825391 0.083102 0.019531 0.032870
0 0.795312 0.039352 0.013542 0.032407
0 0.034375 0.559722 0.021354 0.016667
0 0.729688 0.958796 0.010417 0.028704
2 0.014193 0.210880 0.027865 0.022685
0 0.612891 0.076620 0.013802 0.019907
0 0.847396 0.690972 0.010937 0.030093
0 0.062370 0.527315 0.018490 0.014815
0 0.726953 0.905324 0.009115 0.029167
0 0.963411 0.276389 0.022135 0.020370
0 0.692578 0.755787 0.014323 0.027315
0 0.864062 0.632639 0.011979 0.031019
0 0.795182 0.089815 0.015885 0.030556
0 0.711068 0.803472 0.012760 0.027315
0 0.769141 0.015741 0.014844 0.027778
0 0.407552 0.399537 0.019271 0.012963
0 0.526172 0.200926 0.019010 0.020370
0 0.538411 0.155093 0.019010 0.020370
0 0.690495 0.102778 0.019010 0.020370
0 0.566797 0.393519 0.019010 0.015741
0 0.925130 0.311111 0.022135 0.020370
0 0.857161 0.316667 0.022135 0.020370
0 0.844271 0.150231 0.017188 0.026389
0 0.910937 0.474537 0.011979 0.026852
2 0.834115 0.762500 0.016667 0.038889
