2 0.043620 0.254630 0.026302 0.017593
0 0.127865 0.387731 0.019792 0.017130
0 0.551172 0.447454 0.019531 0.018056
0 0.707292 0.165741 0.016146 0.016667
0 0.394271 0.446065 0.021875 0.014352
0 0.438542 0.246991 0.021875 0.014352
0 0.494792 0.237269 0.021875 0.014352
0 0.574089 0.318981 0.014844 0.036111
0 0.587891 0.421528 0.019531 0.018056
0 0.641016 0.420370 0.019531 0.018519
0 0.661719 0.499769 0.019271 0.018056
0 0.853516 0.378009 0.019531 0.018056
0 0.733073 0.163657 0.016146 0.017130
0 0.926823 0.617593 0.017188 0.027778
0 0.609245 0.655093 0.017448 0.027778
0 0.700521 0.856944 0.014583 0.029630
