0 0.630339 0.612269 0.017448 0.018981
0 0.129818 0.413657 0.017969 0.014352
0 0.277604 0.559028 0.015625 0.014352
0 0.073047 0.419444 0.020573 0.016667
0 0.991797 0.128704 0.007031 0.015741
0 0.930599 0.496759 0.013802 0.017593
0 0.192969 0.572454 0.021354 0.019907
0 0.708333 0.674306 0.012500 0.018056
0 0.656771 0.068519 0.013021 0.022222
0 0.455208 0.399306 0.018229 0.020833
0 0.741797 0.850694 0.008073 0.022685
0 0.348828 0.572685 0.014323 0.016667
0 0.727344 0.726157 0.011458 0.021759
0 0.606120 0.184028 0.013802 0.019907
0 0.159245 0.543056 0.020573 0.019444
0 0.026302 0.557407 0.021875 0.014815
0 0.842969 0.114815 0.019271 0.029630
0 0.505078 0.191667 0.014323 0.018519
0 0.827995 0.133796 0.014323 0.020370
0 0.734245 0.807407 0.008594 0.020370
0 0.398438 0.402083 0.015625 0.018981
0 0.929297 0.132870 0.014844 0.011111
0 0.544792 0.209491 0.022396 0.017130
0 0.200000 0.238657 0.019271 0.014352
0 0.578646 0.199769 0.023958 0.018981
0 0.519922 0.224306 0.013802 0.019907
0 0.607422 0.364120 0.013802 0.019907
1 0.732292 0.095370 0.045833 0.035185
0 0.774219 0.038657 0.015625 0.029167
0 0.790495 0.032870 0.014323 0.032407
0 0.800651 0.321991 0.017448 0.014352
0 0.910417 0.431019 0.010417 0.032407
0 0.683464 0.698611 0.021094 0.035185
0 0.697917 0.691204 0.014063 0.020370
0 0.717839 0.743287 0.011198 0.019907
0 0.726172 0.770139 0.012760 0.025463
0 0.742188 0.776389 0.009896 0.025926
0 0.749089 0.812269 0.009635 0.025463
0 0.753385 0.862037 0.009375 0.025000
0 0.746354 0.906481 0.009896 0.026852
0 0.758073 0.939583 0.009375 0.031944
0 0.737500 0.966435 0.009896 0.025463
0 0.748307 0.965509 0.005990 0.025463
0 0.849349 0.667593 0.012240 0.030556
0 0.841667 0.725231 0.011979 0.029167
0 0.954036 0.479398 0.016927 0.018056
0 0.976172 0.471065 0.013802 0.016204
