0 0.745182 0.428704 0.020573 0.015741
0 0.665755 0.701620 0.012240 0.020833
0 0.707682 0.353704 0.023177 0.016667
0 0.348828 0.583796 0.017448 0.016667
0 0.266927 0.591898 0.018229 0.018056
0 0.612240 0.154630 0.020833 0.025926
0 0.583073 0.560880 0.012500 0.021759
0 0.570182 0.396528 0.020052 0.017130
0 0.784375 0.070370 0.016667 0.032407
0 0.540234 0.380324 0.020052 0.017130
0 0.649089 0.382176 0.020052 0.017130
0 0.629036 0.614583 0.014844 0.023611
2 0.636328 0.680556 0.029427 0.042593
0 0.818099 0.320833 0.020573 0.015741
0 0.789193 0.351389 0.020573 0.015741
0 0.660026 0.024537 0.016927 0.033333
0 0.808724 0.129630 0.017969 0.030556
