0 0.924219 0.515046 0.016146 0.023611
0 0.518490 0.578472 0.020833 0.018056
0 0.788151 0.646991 0.017448 0.018981
0 0.599870 0.605787 0.020052 0.022685
0 0.692448 0.715046 0.017708 0.028241
0 0.891667 0.468519 0.012500 0.030556
0 0.550521 0.584028 0.018229 0.017130
0 0.084766 0.254167 0.017969 0.013889
0 0.691016 0.119907 0.016927 0.023148
0 0.578646 0.150926 0.015625 0.021296
0 0.681771 0.636111 0.018229 0.024074
0 0.724609 0.096991 0.017448 0.018981
0 0.736589 0.805324 0.010677 0.026389
0 0.741927 0.773380 0.011979 0.026389
0 0.713021 0.723380 0.013542 0.030093
0 0.725391 0.762731 0.013802 0.023611
0 0.495443 0.383565 0.021094 0.018981
0 0.735417 0.360648 0.018229 0.023148
0 0.667578 0.647454 0.017969 0.023611
2 0.658984 0.662037 0.023177 0.036111
2 0.729688 0.731250 0.018750 0.037500
0 0.617578 0.228241 0.014323 0.028704
2 0.036068 0.254398 0.026823 0.019907
0 0.337240 0.224769 0.020313 0.015278
0 0.541146 0.219907 0.020833 0.017593
0 0.265625 0.404167 0.018229 0.016667
0 0.432031 0.234954 0.019271 0.021759
0 0.504427 0.400926 0.016667 0.019444
0 0.495443 0.233565 0.018490 0.020833
0 0.791146 0.042361 0.014063 0.031019
0 0.870964 0.120370 0.020573 0.020370
0 0.888281 0.197454 0.017188 0.029167
0 0.788151 0.324537 0.018490 0.021296
0 0.783203 0.346296 0.017969 0.021296
0 0.860547 0.590046 0.018490 0.028241
0 0.844661 0.711806 0.013281 0.032870
0 0.799740 0.962037 0.011458 0.030556
0 0.807552 0.903935 0.011979 0.031944
0 0.759635 0.986574 0.009896 0.026852
0 0.749479 0.965972 0.009375 0.022685
0 0.759245 0.944444 0.009115 0.030556
0 0.748828 0.897454 0.010677 0.031944
0 0.751432 0.810417 0.010156 0.027315
0 0.745182 0.844213 0.010156 0.028241
0 0.758854 0.897917 0.008854 0.031019
