0 0.563281 0.250231 0.017708 0.018056
0 0.648958 0.186806 0.018229 0.024537
0 0.329688 0.492130 0.022396 0.015741
0 0.588411 0.601620 0.013802 0.020833
0 0.705208 0.855556 0.010937 0.029630
0 0.906250 0.639352 0.019792 0.025926
0 0.645833 0.707639 0.017188 0.024537
0 0.721745 0.159722 0.018490 0.015741
0 0.979948 0.209722 0.018229 0.012963
0 0.893359 0.375694 0.021615 0.019907
0 0.548698 0.481713 0.023958 0.016204
0 0.759766 0.165972 0.020573 0.020833
0 0.099479 0.365741 0.022396 0.015741
0 0.333594 0.428704 0.022396 0.015741
0 0.486198 0.263889 0.022396 0.015741
0 0.580859 0.306019 0.013802 0.034259
0 0.572917 0.434954 0.023958 0.016204
0 0.584896 0.413657 0.023958 0.016204
0 0.580469 0.618287 0.015104 0.026389
0 0.681510 0.469213 0.023958 0.016204
0 0.758724 0.057176 0.013802 0.031944
0 0.770182 0.092361 0.013802 0.031944
0 0.684896 0.790278 0.011979 0.030556
0 0.660156 0.794907 0.011979 0.030556
0 0.709375 0.915741 0.010937 0.029630
0 0.712891 0.975926 0.009115 0.025926
