0 0.665495 0.786343 0.010156 0.019907
0 0.672396 0.686806 0.013542 0.014352
0 0.624219 0.084259 0.012500 0.022222
0 0.765104 0.660880 0.015625 0.018056
0 0.774609 0.131713 0.014844 0.028241
0 0.232552 0.250694 0.013021 0.016204
0 0.055078 0.351852 0.016406 0.018519
0 0.585547 0.185185 0.012240 0.024074
0 0.602344 0.637963 0.012500 0.021296
0 0.707292 0.018981 0.010417 0.029630
0 0.649479 0.747222 0.010937 0.022222
0 0.880208 0.556481 0.014063 0.019444
0 0.574609 0.620370 0.011719 0.021296
0 0.725260 0.429630 0.019271 0.015741
2 0.644271 0.030093 0.022917 0.059259
0 0.445312 0.254398 0.015104 0.013426
0 0.859505 0.500694 0.008073 0.024537
0 0.181250 0.584491 0.017708 0.015278
0 0.682292 0.978935 0.008854 0.029167
0 0.748307 0.131019 0.011198 0.024074
2 0.076693 0.240509 0.033594 0.026389
0 0.679557 0.835648 0.009635 0.023148
0 0.685156 0.803241 0.011458 0.027778
0 0.726042 0.078241 0.010417 0.023148
2 0.275000 0.246759 0.033854 0.021296
0 0.384766 0.406944 0.016406 0.015741
2 0.340104 0.484028 0.022396 0.017130
0 0.425391 0.253472 0.014323 0.014352
0 0.468490 0.253009 0.015104 0.013426
0 0.486979 0.250926 0.014583 0.014815
2 0.512630 0.246528 0.024219 0.021759
0 0.534375 0.232870 0.014583 0.014815
0 0.577474 0.242130 0.009635 0.021296
0 0.555339 0.267130 0.009635 0.021296
0 0.582161 0.120833 0.012240 0.020370
0 0.604818 0.136574 0.012240 0.020370
0 0.732422 0.047454 0.009115 0.020833
0 0.750391 0.088194 0.012240 0.023611
0 0.799870 0.164120 0.014323 0.019907
0 0.835547 0.181019 0.013802 0.016667
0 0.559896 0.541435 0.012500 0.023611
0 0.670964 0.762963 0.011198 0.025000
0 0.686849 0.880093 0.009635 0.023148
0 0.696745 0.885417 0.010156 0.027315
0 0.690885 0.926389 0.008333 0.023148
0 0.758594 0.908333 0.008333 0.023148
0 0.692187 0.982639 0.008854 0.029167
0 0.702344 0.979167 0.008854 0.025926
