0 0.630859 0.172685 0.014323 0.022222
0 0.811849 0.693981 0.010677 0.024074
0 0.648568 0.707870 0.012760 0.023148
0 0.744792 0.156944 0.015625 0.018519
0 0.763021 0.688194 0.016146 0.018981
0 0.659635 0.767593 0.010937 0.023148
0 0.675521 0.814352 0.011458 0.026852
0 0.589844 0.662037 0.013542 0.014815
0 0.650521 0.784954 0.009896 0.020833
0 0.534635 0.632407 0.011979 0.015741
0 0.167969 0.571991 0.013021 0.013426
0 0.686589 0.807176 0.008594 0.022685
0 0.682813 0.849074 0.009375 0.025000
0 0.638802 0.723843 0.015625 0.025463
0 0.693229 0.976157 0.007292 0.027315
0 0.082552 0.548380 0.017188 0.018056
0 0.575781 0.132176 0.014583 0.023611
0 0.124219 0.565972 0.014583 0.016204
0 0.124479 0.396991 0.013021 0.013426
0 0.641016 0.392593 0.014844 0.014815
0 0.438411 0.257407 0.014844 0.014815
0 0.499870 0.247222 0.014844 0.014815
0 0.514453 0.202083 0.014323 0.016204
0 0.532943 0.238194 0.017448 0.021759
0 0.549740 0.268981 0.011979 0.027778
0 0.562760 0.277315 0.011979 0.027778
0 0.613542 0.105787 0.014583 0.023611
0 0.726953 0.089583 0.014323 0.024537
0 0.785807 0.166898 0.022135 0.021759
0 0.673438 0.763426 0.010937 0.023148
0 0.695312 0.849074 0.009375 0.025000
0 0.689844 0.909491 0.008854 0.029167
0 0.700781 0.936343 0.008854 0.029167
0 0.702474 0.990972 0.007031 0.018056
