0 0.358984 0.575694 0.015885 0.017130
0 0.673177 0.635880 0.016667 0.019907
0 0.705729 0.674769 0.014063 0.023611
0 0.424609 0.573148 0.017969 0.016667
0 0.727604 0.768981 0.012500 0.027778
0 0.883073 0.518750 0.016146 0.039352
0 0.731771 0.733333 0.012500 0.025000
0 0.660156 0.150231 0.014063 0.021759
0 0.698828 0.111806 0.016927 0.020833
0 0.930599 0.497222 0.014844 0.021296
2 0.371094 0.467361 0.024479 0.017130
0 0.816146 0.075926 0.015104 0.025000
0 0.634115 0.180093 0.015104 0.026852
0 0.950000 0.485417 0.016146 0.020833
0 0.702865 0.704398 0.014583 0.023611
0 0.752734 0.822454 0.011198 0.026389
1 0.635547 0.574306 0.034115 0.057870
0 0.792969 0.085648 0.015625 0.026852
0 0.715625 0.733796 0.009375 0.017593
0 0.841146 0.732176 0.015625 0.030093
0 0.826432 0.142361 0.016927 0.025463
0 0.764714 0.012963 0.011198 0.025000
0 0.423958 0.390741 0.020313 0.018519
0 0.854688 0.135185 0.017188 0.024074
0 0.560286 0.202315 0.016406 0.018519
0 0.638802 0.122917 0.012500 0.030093
0 0.755599 0.855787 0.009115 0.026389
0 0.600000 0.229398 0.013542 0.027315
0 0.606250 0.269444 0.011979 0.032407
0 0.481641 0.450694 0.018490 0.017130
0 0.461198 0.400463 0.017708 0.018519
0 0.520312 0.396296 0.015625 0.016667
0 0.610156 0.388426 0.016667 0.017593
0 0.785677 0.016898 0.013021 0.026389
0 0.876953 0.225463 0.015365 0.032407
0 0.865104 0.298843 0.017188 0.018981
0 0.901042 0.459954 0.011979 0.029167
0 0.859115 0.568287 0.017188 0.028241
0 0.742448 0.771991 0.013021 0.029167
0 0.739844 0.812731 0.011979 0.029167
0 0.747656 0.877315 0.009375 0.025000
0 0.758594 0.903241 0.009375 0.025000
0 0.760677 0.979630 0.009375 0.028704
2 0.749740 0.927315 0.010937 0.046296
0 0.850781 0.792130 0.011458 0.028704
0 0.814453 0.893287 0.010677 0.031944
