0 0.688151 0.853009 0.008594 0.019907
0 0.691927 0.136111 0.014583 0.013889
0 0.409766 0.594444 0.014323 0.015741
0 0.667318 0.748148 0.010677 0.021296
0 0.574870 0.613657 0.011198 0.019907
0 0.634635 0.712037 0.011979 0.018519
0 0.174219 0.590046 0.021875 0.014352
0 0.809896 0.694907 0.012500 0.025926
0 0.994922 0.147917 0.010156 0.013426
0 0.575521 0.571296 0.009896 0.022222
0 0.993229 0.484028 0.013542 0.022685
0 0.049349 0.447454 0.016927 0.018056
0 0.964844 0.505324 0.015625 0.018981
0 0.821745 0.624769 0.011198 0.024537
0 0.832422 0.554630 0.009115 0.018519
0 0.550651 0.311806 0.010156 0.024537
0 0.581641 0.665046 0.013802 0.019907
0 0.692448 0.904398 0.007812 0.024537
0 0.819661 0.209954 0.014323 0.024537
0 0.180339 0.395139 0.014844 0.013426
2 0.364974 0.254167 0.020573 0.016667
0 0.585286 0.184028 0.015885 0.028241
0 0.702344 0.426852 0.014583 0.012037
0 0.392188 0.420602 0.017188 0.013426
0 0.415365 0.226852 0.014583 0.015741
0 0.722917 0.137269 0.014583 0.014352
0 0.399219 0.254630 0.014583 0.015741
0 0.437370 0.252778 0.016406 0.012963
0 0.469922 0.249769 0.013802 0.013426
0 0.481120 0.212269 0.013802 0.013426
0 0.499870 0.245370 0.013802 0.012963
0 0.523568 0.233796 0.013802 0.012963
0 0.038542 0.539583 0.016667 0.018056
0 0.855859 0.575694 0.014844 0.019907
0 0.664974 0.774074 0.010677 0.021296
0 0.695312 0.958565 0.007812 0.024537
0 0.442188 0.421065 0.017188 0.013426
0 0.485938 0.419676 0.017188 0.013426
0 0.559635 0.393287 0.017188 0.013426
0 0.700260 0.366204 0.014063 0.014815
0 0.739974 0.378704 0.015885 0.013889
0 0.774609 0.363426 0.015885 0.013889
0 0.837760 0.328009 0.014063 0.014352
0 0.824349 0.262731 0.012760 0.024537
0 0.603385 0.046759 0.010937 0.021296
0 0.729948 0.045833 0.010937 0.021296
0 0.743750 0.075000 0.010937 0.021296
0 0.723698 0.078704 0.010937 0.021296
