0 0.577474 0.526389 0.013802 0.025926
0 0.606641 0.573611 0.013802 0.024074
0 0.566146 0.193056 0.017708 0.017593
0 0.669401 0.681481 0.017448 0.023148
0 0.719922 0.870833 0.010677 0.030556
0 0.821745 0.138194 0.017969 0.025463
0 0.642448 0.145139 0.016667 0.026389
0 0.482292 0.465278 0.025000 0.022222
0 0.259245 0.388194 0.020052 0.018056
0 0.512370 0.206481 0.019010 0.014815
0 0.543099 0.203241 0.016927 0.015741
0 0.054818 0.351620 0.020052 0.018056
0 0.347526 0.576620 0.020052 0.018056
0 0.680469 0.356944 0.019271 0.019444
0 0.777995 0.426620 0.019531 0.019907
0 0.598568 0.229167 0.013802 0.031481
0 0.581120 0.293056 0.013802 0.031481
0 0.537500 0.158333 0.017708 0.017593
1 0.717839 0.098380 0.044531 0.033796
0 0.976042 0.296991 0.020313 0.020833
0 0.898698 0.501157 0.012500 0.028241
2 0.774219 0.026852 0.022396 0.052778
0 0.968620 0.543981 0.017969 0.020370
0 0.737370 0.891667 0.010677 0.030556
0 0.728516 0.952546 0.010677 0.030093
0 0.789974 0.957407 0.010677 0.030556
0 0.819922 0.929167 0.010677 0.030556
0 0.849349 0.797917 0.011198 0.031019
