0 0.643880 0.705324 0.016927 0.019907
0 0.682943 0.770370 0.013802 0.018519
0 0.827083 0.194676 0.018229 0.018981
0 0.327995 0.491898 0.017448 0.013426
0 0.790104 0.391667 0.018750 0.013889
0 0.238672 0.256481 0.017448 0.012963
0 0.663021 0.184028 0.014583 0.017130
0 0.698698 0.824306 0.011458 0.024537
0 0.421484 0.424306 0.017448 0.013426
0 0.770052 0.475000 0.018750 0.013889
0 0.603646 0.262500 0.012500 0.020370
0 0.595313 0.618056 0.014063 0.025000
0 0.858854 0.204861 0.016667 0.020833
0 0.976953 0.334722 0.018490 0.018519
0 0.860547 0.608333 0.012240 0.026852
0 0.838932 0.792130 0.012240 0.026852
0 0.707812 0.880787 0.011458 0.024537
