0 0.572656 0.211574 0.016146 0.015741
0 0.666276 0.697685 0.013802 0.024074
0 0.733333 0.127315 0.020833 0.015741
0 0.580208 0.567593 0.014063 0.029630
0 0.649870 0.093287 0.012760 0.031019
0 0.351172 0.222917 0.020052 0.017130
0 0.864062 0.279630 0.013542 0.029630
0 0.714323 0.866204 0.009896 0.025000
0 0.891016 0.179861 0.017448 0.017130
0 0.705339 0.794444 0.010156 0.028704
0 0.808724 0.163194 0.015365 0.025463
0 0.554557 0.214352 0.016927 0.017593
0 0.813021 0.131944 0.013021 0.024074
0 0.682292 0.143056 0.016146 0.020370
0 0.783724 0.073611 0.011198 0.025926
0 0.536328 0.382870 0.019531 0.015741
0 0.696224 0.392824 0.019531 0.015278
0 0.532031 0.225463 0.018750 0.015741
0 0.311979 0.364815 0.018750 0.017593
0 0.481510 0.389352 0.018750 0.017593
0 0.516927 0.401852 0.018750 0.017593
0 0.019922 0.290509 0.021615 0.021759
0 0.575651 0.401852 0.019531 0.015741
0 0.641016 0.395833 0.019531 0.015741
0 0.615495 0.171528 0.013281 0.023611
0 0.588802 0.277778 0.011979 0.028704
0 0.760807 0.059259 0.011198 0.025926
0 0.709635 0.925926 0.009896 0.025000
0 0.759505 0.982639 0.013281 0.034722
