0 0.616667 0.110417 0.013021 0.020833
0 0.678255 0.814815 0.011198 0.022222
0 0.716406 0.053241 0.011979 0.025000
0 0.638672 0.719213 0.012760 0.022685
0 0.753776 0.094907 0.011719 0.021296
0 0.656641 0.150926 0.016406 0.014815
0 0.823307 0.397454 0.017448 0.015278
0 0.737370 0.066204 0.012760 0.025926
0 0.621224 0.716435 0.013802 0.021759
0 0.658984 0.723380 0.013281 0.021759
0 0.993880 0.152778 0.007031 0.016667
0 0.896484 0.189815 0.023177 0.017593
0 0.942969 0.175926 0.019792 0.012037
0 0.697396 0.959259 0.007812 0.031481
0 0.300391 0.428472 0.018490 0.013426
0 0.028516 0.587269 0.015885 0.017130
0 0.184505 0.399306 0.015885 0.017130
0 0.435286 0.227083 0.016406 0.014352
2 0.471745 0.251389 0.030469 0.025000
0 0.613932 0.053009 0.010677 0.027315
0 0.530339 0.239352 0.014844 0.020370
0 0.544661 0.279630 0.010156 0.025926
0 0.560547 0.286574 0.010156 0.025926
0 0.620052 0.178009 0.014583 0.021759
0 0.752734 0.143981 0.011719 0.021296
0 0.781901 0.184722 0.011719 0.021296
0 0.708073 0.012731 0.011979 0.024537
0 0.745703 0.421065 0.015365 0.017130
0 0.714714 0.452315 0.015365 0.014815
0 0.836198 0.576620 0.011458 0.025463
0 0.783333 0.899306 0.011458 0.025463
0 0.690755 0.892130 0.008594 0.027778
0 0.685156 0.788426 0.009896 0.029630
0 0.605078 0.674306 0.013802 0.021759
0 0.604557 0.640972 0.013802 0.021759
0 0.575391 0.586806 0.013802 0.021759
0 0.538411 0.628472 0.013802 0.021759
