0 0.651042 0.114352 0.010937 0.025000
0 0.808854 0.969444 0.008333 0.021296
0 0.632422 0.627546 0.014844 0.017130
0 0.655729 0.173380 0.015104 0.025463
0 0.678516 0.655324 0.012240 0.018981
0 0.632812 0.569676 0.013542 0.021759
2 0.817318 0.116204 0.028906 0.030556
0 0.839714 0.646296 0.012760 0.020370
0 0.033594 0.512037 0.017188 0.016667
0 0.700781 0.658102 0.013542 0.019907
0 0.653516 0.581944 0.013281 0.022222
0 0.719661 0.721065 0.013802 0.024537
0 0.536198 0.220602 0.017188 0.016204
0 0.665495 0.012500 0.010677 0.021296
0 0.069792 0.368981 0.015104 0.013889
0 0.759115 0.937269 0.009375 0.028241
0 0.739714 0.780787 0.010156 0.021759
0 0.785026 0.040509 0.011719 0.021759
2 0.348698 0.234954 0.022396 0.018056
2 0.613021 0.186343 0.021875 0.025463
0 0.384896 0.233796 0.015625 0.013889
0 0.384896 0.573148 0.017188 0.013889
0 0.404687 0.211574 0.015625 0.013889
0 0.455469 0.234259 0.015625 0.013889
0 0.422135 0.233333 0.015625 0.013889
0 0.509375 0.225926 0.015625 0.013889
0 0.554297 0.172685 0.014323 0.017593
0 0.572005 0.210185 0.014323 0.016667
0 0.619271 0.367824 0.014583 0.014352
0 0.660417 0.379630 0.015625 0.014815
2 0.720833 0.111111 0.020833 0.024074
0 0.807682 0.045139 0.011719 0.021759
0 0.775781 0.103935 0.015104 0.014352
0 0.854557 0.308333 0.015885 0.014815
0 0.877214 0.598148 0.015365 0.022222
0 0.756250 0.865278 0.007812 0.022222
0 0.757682 0.795139 0.009115 0.022685
0 0.744531 0.750463 0.010417 0.024074
0 0.977604 0.259491 0.016146 0.016204
