0 0.558854 0.592130 0.011979 0.021296
0 0.113151 0.429398 0.016927 0.017130
0 0.927734 0.521528 0.017448 0.020833
0 0.612240 0.684722 0.011979 0.018519
0 0.595964 0.181481 0.012760 0.026852
0 0.567969 0.569213 0.011458 0.020833
0 0.643620 0.762269 0.013281 0.026389
0 0.752734 0.164583 0.014323 0.018981
0 0.625391 0.667130 0.011719 0.022222
0 0.624870 0.093981 0.011198 0.022222
0 0.863151 0.187269 0.014323 0.015278
0 0.762891 0.113426 0.013802 0.022222
0 0.738411 0.061806 0.011198 0.021759
0 0.821875 0.623611 0.012500 0.023148
0 0.167187 0.457870 0.014583 0.016667
0 0.196094 0.441204 0.016667 0.013889
0 0.679948 0.836806 0.010417 0.026389
0 0.684115 0.805324 0.009375 0.023611
0 0.405078 0.251389 0.015885 0.017593
0 0.738672 0.113657 0.011719 0.024537
0 0.691406 0.983796 0.008333 0.028704
0 0.701042 0.453472 0.017188 0.013426
0 0.559896 0.222222 0.015625 0.017593
0 0.726172 0.024769 0.010677 0.023611
2 0.724349 0.064352 0.013802 0.031481
0 0.680078 0.397685 0.017448 0.018519
0 0.646875 0.381250 0.015625 0.014352
0 0.536979 0.176620 0.014063 0.018981
0 0.522526 0.244213 0.013802 0.014352
0 0.534635 0.344676 0.008854 0.024537
0 0.504818 0.246991 0.013281 0.018056
0 0.461979 0.253009 0.012500 0.013426
0 0.439453 0.253704 0.016927 0.012963
0 0.380469 0.248148 0.014583 0.015741
0 0.045964 0.350231 0.016927 0.017130
0 0.104688 0.243519 0.013021 0.015741
0 0.657161 0.758565 0.012760 0.022685
0 0.696484 0.863194 0.009635 0.023611
2 0.676562 0.893519 0.010937 0.033333
0 0.690234 0.912731 0.009635 0.023611
0 0.700651 0.905787 0.009635 0.023611
0 0.701693 0.937269 0.009635 0.023611
0 0.753255 0.942361 0.009635 0.023611
0 0.782813 0.890741 0.010937 0.030556
0 0.701823 0.975000 0.008333 0.028704
