0 0.668099 0.697454 0.012240 0.022685
0 0.626172 0.629861 0.013802 0.019907
0 0.010156 0.212500 0.011979 0.016667
0 0.827734 0.134954 0.021615 0.026389
0 0.942578 0.275926 0.016406 0.016667
0 0.724609 0.094213 0.019531 0.019907
0 0.735417 0.957870 0.009375 0.026852
0 0.688932 0.101620 0.014323 0.018981
0 0.596484 0.230787 0.013802 0.031944
0 0.702214 0.721991 0.013281 0.029167
0 0.083984 0.367593 0.019531 0.017593
0 0.755339 0.091898 0.016406 0.013426
0 0.700781 0.759722 0.011979 0.022222
0 0.411589 0.583565 0.020052 0.014352
0 0.135807 0.363194 0.017969 0.022685
0 0.947917 0.571528 0.018750 0.025463
0 0.741667 0.875926 0.008854 0.025926
0 0.734635 0.921065 0.008854 0.031019
0 0.487240 0.589583 0.018750 0.015278
0 0.655208 0.643287 0.015104 0.020833
0 0.650000 0.139583 0.016667 0.023611
0 0.014453 0.520370 0.019531 0.017593
0 0.260547 0.390972 0.019531 0.020833
0 0.377734 0.401157 0.019531 0.020833
0 0.446745 0.192361 0.019531 0.020833
0 0.507422 0.172917 0.019531 0.020833
0 0.527214 0.205787 0.019531 0.020833
0 0.773698 0.030093 0.014063 0.030556
0 0.791667 0.037500 0.014063 0.030556
0 0.990625 0.520139 0.018750 0.025463
0 0.893359 0.490741 0.012240 0.026852
2 0.916927 0.466667 0.016667 0.046296
0 0.727865 0.793981 0.010417 0.025926
0 0.718750 0.807870 0.010417 0.025926
0 0.738281 0.841204 0.010417 0.025926
0 0.744792 0.921759 0.008854 0.025926
0 0.730339 0.872454 0.012760 0.041204
0 0.746615 0.986111 0.009375 0.026852
