0 0.827083 0.613194 0.017708 0.028241
0 0.689063 0.834954 0.010937 0.025463
0 0.632943 0.729861 0.013281 0.023611
0 0.754036 0.160417 0.013281 0.018981
0 0.694792 0.891898 0.011458 0.024537
0 0.044661 0.344213 0.020573 0.015278
0 0.601693 0.671065 0.013802 0.020833
0 0.678516 0.788657 0.011198 0.028241
0 0.663672 0.153241 0.014844 0.022222
0 0.571875 0.659028 0.013021 0.018981
0 0.808203 0.407407 0.015365 0.019444
0 0.737500 0.070370 0.012500 0.027778
0 0.878776 0.390972 0.019010 0.020833
0 0.702604 0.434259 0.016667 0.012037
0 0.812370 0.665972 0.012760 0.025463
1 0.607682 0.132639 0.029948 0.063426
0 0.809245 0.728935 0.011198 0.026389
0 0.914062 0.317130 0.017708 0.020370
0 0.717318 0.053704 0.011719 0.027778
0 0.669531 0.887731 0.013021 0.026389
0 0.227734 0.248380 0.014844 0.014352
0 0.864062 0.189352 0.015104 0.014815
0 0.574219 0.208102 0.014063 0.023611
0 0.428776 0.420139 0.014844 0.014352
0 0.431380 0.252546 0.014844 0.014352
0 0.460026 0.252546 0.014844 0.014352
0 0.477995 0.248843 0.014844 0.014352
0 0.500130 0.243750 0.014844 0.014352
0 0.537109 0.314815 0.012240 0.025000
0 0.588021 0.224769 0.014063 0.023611
0 0.608984 0.386111 0.016927 0.016667
2 0.654297 0.466667 0.042448 0.025000
0 0.797786 0.169676 0.013281 0.018981
0 0.803776 0.229398 0.013281 0.018981
0 0.749219 0.094444 0.012500 0.027778
0 0.727865 0.090741 0.012500 0.027778
0 0.710026 0.024537 0.011719 0.027778
0 0.679948 0.877778 0.009375 0.025926
0 0.626953 0.682176 0.013281 0.023611
0 0.583984 0.607639 0.013802 0.020833
2 0.528516 0.236343 0.030469 0.027315
