0 0.924089 0.512963 0.013802 0.019444
0 0.795443 0.675231 0.011198 0.014352
0 0.006771 0.564583 0.011458 0.014352
0 0.626823 0.164352 0.012500 0.022222
0 0.744922 0.842130 0.009635 0.023148
1 0.850260 0.118287 0.019792 0.035648
0 0.644271 0.173148 0.011458 0.022222
0 0.728776 0.757407 0.011719 0.028704
0 0.351693 0.572917 0.014323 0.017130
0 0.929688 0.486806 0.015625 0.019907
0 0.610417 0.213426 0.010417 0.027778
0 0.880859 0.584028 0.010677 0.023611
0 0.166667 0.231019 0.016146 0.013889
0 0.654167 0.594213 0.012500 0.019907
0 0.697656 0.659259 0.013542 0.023148
0 0.669401 0.022917 0.012240 0.023611
0 0.701693 0.700231 0.011198 0.018981
0 0.216016 0.392130 0.017969 0.017593
0 0.050651 0.340741 0.015885 0.017593
0 0.302344 0.561343 0.018750 0.014352
0 0.814974 0.064583 0.013802 0.023611
0 0.856641 0.712731 0.008073 0.023611
0 0.741146 0.763426 0.009896 0.021296
0 0.437109 0.204398 0.015365 0.015278
0 0.898828 0.629398 0.014323 0.022685
0 0.683984 0.126157 0.014323 0.021759
0 0.981250 0.123380 0.016667 0.012500
0 0.900911 0.441667 0.008073 0.024074
0 0.757422 0.848611 0.009635 0.023148
0 0.749089 0.909491 0.005990 0.021759
0 0.760677 0.923380 0.007812 0.021759
0 0.751823 0.971991 0.007812 0.021759
2 0.800391 0.981250 0.011719 0.037500
0 0.612500 0.549074 0.011458 0.025000
0 0.610547 0.497454 0.009635 0.021759
