0 0.704297 0.733796 0.014323 0.025000
0 0.687370 0.669444 0.013802 0.015741
0 0.794401 0.051157 0.015885 0.028241
0 0.639193 0.644907 0.017448 0.024074
0 0.154297 0.210185 0.017969 0.015741
0 0.589323 0.247685 0.011979 0.025926
0 0.189193 0.227546 0.017448 0.014352
0 0.034245 0.219444 0.020573 0.015741
0 0.831250 0.630093 0.018750 0.028704
0 0.854297 0.175231 0.017969 0.029167
0 0.734115 0.937269 0.009375 0.025463
0 0.119141 0.556481 0.022135 0.018519
0 0.375521 0.585417 0.018750 0.013426
0 0.294922 0.202083 0.023177 0.018981
0 0.099219 0.209491 0.016146 0.013426
0 0.306120 0.225694 0.020573 0.017130
0 0.467318 0.385880 0.020573 0.017130
0 0.768099 0.359028 0.020573 0.017130
0 0.883594 0.595602 0.018750 0.028241
0 0.834896 0.884491 0.012500 0.028241
0 0.739323 0.862963 0.009896 0.027778
0 0.746354 0.941204 0.009375 0.030556
2 0.718620 0.871065 0.014323 0.042130
