0 0.509896 0.614583 0.016146 0.016204
0 0.592839 0.655093 0.014323 0.016667
0 0.788021 0.168981 0.015625 0.015741
0 0.634505 0.721991 0.012240 0.018056
0 0.879948 0.552083 0.014063 0.018056
0 0.656510 0.757870 0.009375 0.018519
0 0.209505 0.579167 0.013281 0.014815
0 0.907943 0.189583 0.016406 0.012500
0 0.867448 0.187500 0.015625 0.016667
0 0.933854 0.555556 0.015625 0.015741
0 0.673047 0.864583 0.009635 0.027315
1 0.155078 0.386343 0.044010 0.025463
0 0.625130 0.725694 0.012760 0.021759
0 0.425391 0.259491 0.016406 0.015278
0 0.371094 0.255324 0.015625 0.015278
0 0.542318 0.621991 0.014844 0.018056
0 0.617188 0.108565 0.010937 0.027315
0 0.833984 0.180556 0.016927 0.016667
0 0.232552 0.418750 0.018229 0.014352
0 0.714583 0.392824 0.016146 0.018981
0 0.758984 0.361574 0.015365 0.016667
0 0.739062 0.127083 0.012500 0.021759
0 0.724089 0.085185 0.009115 0.022222
0 0.710547 0.039352 0.009115 0.022222
0 0.726432 0.036111 0.009115 0.022222
2 0.748307 0.092593 0.027344 0.062963
0 0.541667 0.307639 0.010937 0.027315
0 0.531771 0.242361 0.015625 0.019907
0 0.512891 0.247917 0.015885 0.017130
0 0.496745 0.206250 0.012760 0.016204
0 0.657031 0.384954 0.017188 0.017130
0 0.638802 0.412269 0.017188 0.017130
0 0.377344 0.409491 0.014063 0.011574
0 0.402083 0.231250 0.014063 0.011574
0 0.447266 0.231481 0.012760 0.013889
0 0.453255 0.255556 0.012760 0.013889
0 0.470964 0.253704 0.012760 0.013889
0 0.491146 0.249769 0.016667 0.015278
0 0.673307 0.806250 0.012240 0.029167
0 0.685547 0.865278 0.009635 0.025000
0 0.693880 0.945370 0.009635 0.025000
2 0.852995 0.517361 0.019531 0.054167
