0 0.534115 0.578241 0.013021 0.014815
0 0.671875 0.138194 0.014583 0.016204
0 0.868750 0.612269 0.015625 0.019907
1 0.754687 0.870370 0.014583 0.070370
0 0.758724 0.110185 0.015885 0.013889
0 0.728776 0.792130 0.009635 0.021296
0 0.828125 0.124074 0.014583 0.014815
0 0.732292 0.760648 0.009375 0.024074
0 0.717448 0.757870 0.009896 0.027778
0 0.723568 0.726157 0.010677 0.027315
0 0.624870 0.597222 0.011719 0.024074
0 0.987500 0.512500 0.016667 0.023148
0 0.816406 0.632176 0.014583 0.019907
0 0.615104 0.240972 0.011458 0.026389
0 0.699870 0.713657 0.012760 0.024537
0 0.727214 0.856481 0.008073 0.015741
2 0.015885 0.235648 0.022917 0.017593
0 0.801823 0.063194 0.012500 0.023611
0 0.661068 0.643750 0.014844 0.017130
0 0.188281 0.569907 0.015625 0.013889
0 0.596484 0.250694 0.010156 0.024537
0 0.337500 0.382407 0.015625 0.013889
0 0.466667 0.228241 0.015625 0.013889
0 0.526302 0.226389 0.015625 0.013889
0 0.548698 0.214815 0.015625 0.013889
0 0.580729 0.200000 0.015625 0.013889
0 0.677214 0.361343 0.015885 0.017130
0 0.889714 0.303241 0.015365 0.018519
0 0.903906 0.317824 0.013542 0.015278
0 0.877344 0.137731 0.013542 0.015278
0 0.861979 0.581019 0.011979 0.021296
0 0.781120 0.655093 0.015365 0.017593
0 0.739714 0.850463 0.009635 0.021296
0 0.741536 0.901157 0.008594 0.027315
0 0.751953 0.921528 0.008594 0.027315
0 0.743880 0.946065 0.008073 0.023611
0 0.753516 0.957176 0.008594 0.027315
0 0.754036 0.989583 0.008073 0.020833
2 0.823047 0.810417 0.010677 0.031944
