0 0.949870 0.162731 0.014844 0.014352
0 0.666927 0.776157 0.010937 0.023611
0 0.688672 0.853009 0.011719 0.028241
0 0.032031 0.544676 0.016667 0.018981
0 0.572656 0.246991 0.011979 0.020833
0 0.546094 0.548843 0.010417 0.025463
0 0.639583 0.717593 0.013542 0.024074
0 0.647266 0.148380 0.015885 0.018056
0 0.174349 0.580093 0.013281 0.015741
0 0.584245 0.632407 0.011198 0.020370
0 0.385807 0.593981 0.014844 0.015741
0 0.262370 0.462269 0.014844 0.012500
0 0.127474 0.465278 0.017969 0.015741
0 0.847656 0.469213 0.008854 0.023611
0 0.783594 0.185185 0.015104 0.022222
0 0.695964 0.910417 0.008073 0.022685
0 0.703776 0.020370 0.009115 0.025926
0 0.720182 0.073148 0.009635 0.022222
0 0.542318 0.268056 0.011719 0.024074
0 0.758594 0.348148 0.014583 0.016667
0 0.857161 0.381250 0.017969 0.018056
0 0.537240 0.228241 0.014583 0.019444
0 0.482812 0.251852 0.014583 0.017593
0 0.453906 0.255093 0.016667 0.013889
0 0.427474 0.257870 0.014323 0.014815
2 0.510417 0.243981 0.021354 0.019444
0 0.829557 0.553472 0.010677 0.024537
0 0.844401 0.677546 0.013802 0.025463
0 0.685156 0.783565 0.010937 0.023611
0 0.778646 0.953009 0.009375 0.024537
0 0.773438 0.831713 0.009375 0.024537
0 0.803125 0.815972 0.009375 0.024537
0 0.707682 0.975231 0.008073 0.022685
0 0.965885 0.290278 0.016146 0.014815
