0 0.625000 0.214120 0.013021 0.018981
0 0.687500 0.849769 0.010937 0.026389
0 0.026823 0.249306 0.015104 0.011574
0 0.801172 0.390278 0.016927 0.011111
0 0.822266 0.742593 0.010677 0.025000
0 0.974349 0.217593 0.011198 0.012963
0 0.690625 0.162269 0.015625 0.015278
0 0.099349 0.396296 0.018490 0.015741
0 0.922917 0.224074 0.015625 0.012963
0 0.476302 0.622917 0.017708 0.016204
0 0.580469 0.482639 0.020833 0.012500
0 0.803125 0.177546 0.014063 0.025463
2 0.222266 0.402778 0.039844 0.025926
0 0.399870 0.440509 0.017969 0.012500
0 0.600521 0.634259 0.015625 0.016667
0 0.638542 0.699306 0.012500 0.023611
0 0.685547 0.802083 0.011198 0.025463
0 0.698438 0.847454 0.010417 0.025463
0 0.710417 0.937269 0.009375 0.028241
0 0.574870 0.328472 0.011198 0.028241
0 0.591146 0.273380 0.011979 0.026389
0 0.565365 0.189120 0.015625 0.018981
0 0.656901 0.062269 0.010677 0.029167
0 0.823698 0.196991 0.012500 0.016204
