0 0.706380 0.769907 0.013281 0.026852
0 0.627734 0.173148 0.016927 0.028704
0 0.624609 0.637963 0.015885 0.025000
0 0.870964 0.156019 0.015885 0.028704
0 0.682292 0.695602 0.015104 0.023611
0 0.432422 0.589583 0.019531 0.017130
0 0.088802 0.442130 0.020833 0.018519
0 0.793359 0.032870 0.014844 0.028704
0 0.454427 0.452778 0.018750 0.014815
0 0.592839 0.583796 0.014844 0.027778
0 0.219401 0.211574 0.017448 0.016667
0 0.681901 0.727083 0.014844 0.023611
0 0.623437 0.369444 0.020833 0.016667
0 0.729557 0.881019 0.010156 0.026852
0 0.754427 0.094444 0.016667 0.019444
0 0.676302 0.120139 0.019271 0.028241
0 0.108984 0.231481 0.017448 0.016667
0 0.564323 0.319444 0.011458 0.030556
0 0.790104 0.109722 0.016667 0.019444
0 0.768099 0.026852 0.014844 0.028704
0 0.686719 0.381481 0.020833 0.016667
0 0.779948 0.334259 0.020833 0.016667
0 0.855078 0.186111 0.015885 0.028704
0 0.940885 0.134722 0.019792 0.018519
0 0.938672 0.525463 0.017448 0.021296
0 0.839193 0.810185 0.013281 0.030556
0 0.722396 0.825000 0.011458 0.028704
0 0.737109 0.938426 0.010156 0.026852
0 0.718359 0.887963 0.010156 0.026852
