0 0.787630 0.145370 0.013281 0.022222
0 0.656510 0.754861 0.012500 0.019907
0 0.667839 0.784028 0.010677 0.020833
0 0.594792 0.148843 0.011979 0.025463
0 0.678255 0.828472 0.009115 0.025463
0 0.682552 0.721759 0.016667 0.017593
0 0.687109 0.874769 0.009635 0.029167
0 0.150651 0.237269 0.016406 0.015278
0 0.818620 0.641204 0.008594 0.025000
0 0.684245 0.132639 0.016406 0.020833
0 0.719271 0.016898 0.012500 0.027315
0 0.131901 0.383565 0.017448 0.018981
0 0.650651 0.775926 0.010677 0.022222
0 0.547266 0.562500 0.013281 0.027778
0 0.408984 0.253704 0.015885 0.016667
0 0.710156 0.039352 0.008333 0.024074
0 0.720182 0.068287 0.011719 0.026389
0 0.731901 0.054167 0.011198 0.024074
0 0.762240 0.158796 0.011979 0.019444
0 0.852604 0.171759 0.017708 0.017593
0 0.893490 0.324074 0.014583 0.015741
0 0.633724 0.160417 0.014323 0.018981
0 0.563542 0.228241 0.012500 0.028704
2 0.526302 0.234954 0.019792 0.021759
0 0.499740 0.250231 0.014583 0.017130
0 0.483594 0.249769 0.014583 0.017130
0 0.464583 0.255324 0.014583 0.017130
0 0.461198 0.220602 0.014583 0.017130
0 0.438802 0.257176 0.011458 0.014352
0 0.383203 0.256019 0.015885 0.016667
0 0.344922 0.252778 0.015885 0.016667
0 0.796224 0.746528 0.010677 0.031019
0 0.681120 0.923843 0.009635 0.029167
0 0.695443 0.969676 0.009635 0.029167
