0 0.636068 0.632407 0.017448 0.019444
0 0.668229 0.651852 0.016667 0.019444
0 0.723568 0.792361 0.011719 0.025463
0 0.710286 0.755556 0.012240 0.023148
0 0.924349 0.541435 0.015365 0.019907
0 0.699479 0.696065 0.014063 0.023611
0 0.326562 0.571296 0.017708 0.016667
0 0.059115 0.332870 0.022396 0.017593
0 0.886849 0.208333 0.015365 0.025926
0 0.729167 0.832870 0.010937 0.024074
0 0.691146 0.020370 0.014063 0.026852
0 0.641927 0.156944 0.015625 0.025926
0 0.009245 0.224306 0.010156 0.015278
0 0.859505 0.205556 0.013281 0.021296
0 0.326953 0.234259 0.017448 0.016667
0 0.666146 0.168056 0.018750 0.022222
0 0.845703 0.618750 0.017969 0.023611
0 0.324609 0.212731 0.020573 0.018981
0 0.822135 0.150694 0.016667 0.019907
0 0.792969 0.044907 0.012500 0.025926
0 0.358984 0.235648 0.020573 0.016667
0 0.604688 0.210417 0.021875 0.027315
0 0.921745 0.312731 0.019531 0.018981
0 0.305469 0.234722 0.018750 0.018519
0 0.397786 0.237037 0.020573 0.016667
0 0.442578 0.238889 0.016406 0.018519
0 0.475911 0.236806 0.017969 0.016204
0 0.578776 0.211806 0.018490 0.024537
0 0.505599 0.234954 0.017969 0.016204
0 0.549609 0.228472 0.017969 0.016204
0 0.595703 0.530324 0.014323 0.028241
2 0.630729 0.582870 0.025521 0.048148
0 0.783854 0.065741 0.012500 0.025926
0 0.937760 0.170139 0.016667 0.013426
0 0.915495 0.335417 0.019531 0.018981
0 0.958984 0.520602 0.015365 0.019907
0 0.897266 0.493056 0.013281 0.025926
0 0.904297 0.525000 0.013281 0.025926
0 0.692708 0.717361 0.014063 0.023611
0 0.684896 0.729861 0.014063 0.023611
0 0.718359 0.741667 0.012240 0.023148
0 0.735417 0.794676 0.010937 0.024537
0 0.742057 0.829630 0.011198 0.026852
0 0.735417 0.868981 0.010937 0.024074
0 0.749089 0.896759 0.010156 0.025926
0 0.739453 0.900000 0.010156 0.025926
0 0.810286 0.866204 0.010156 0.025926
0 0.740755 0.981944 0.010156 0.025926
