0 0.656641 0.605787 0.014323 0.020833
0 0.658073 0.150231 0.016146 0.022685
0 0.232161 0.215741 0.017969 0.014815
0 0.738411 0.671296 0.015885 0.013889
0 0.717578 0.736574 0.010677 0.022222
0 0.662240 0.645139 0.015104 0.022685
0 0.925260 0.282639 0.014063 0.016204
0 0.606641 0.265509 0.009635 0.027315
0 0.622266 0.223843 0.012240 0.030093
0 0.268229 0.231250 0.017708 0.015278
0 0.691406 0.044676 0.013021 0.020833
0 0.589974 0.139583 0.014844 0.021759
0 0.023828 0.557407 0.016406 0.016667
0 0.848698 0.687037 0.012500 0.025926
0 0.814323 0.079630 0.014063 0.024074
0 0.583594 0.206019 0.015104 0.016667
0 0.130859 0.567130 0.016406 0.016667
0 0.742318 0.778241 0.010677 0.025926
0 0.624349 0.586111 0.013281 0.022222
0 0.843359 0.114815 0.019010 0.019444
0 0.604688 0.367824 0.015625 0.016204
0 0.146484 0.236343 0.020052 0.015278
0 0.910026 0.350463 0.016406 0.017593
0 0.653646 0.021528 0.011458 0.020833
0 0.728125 0.723611 0.011458 0.023148
2 0.518880 0.184259 0.020052 0.022222
0 0.616667 0.522917 0.013542 0.026389
0 0.705990 0.746759 0.012500 0.024074
0 0.731380 0.785648 0.010677 0.025926
0 0.739714 0.831481 0.010677 0.025926
0 0.757812 0.899769 0.008333 0.029167
0 0.746354 0.895602 0.008333 0.029167
0 0.756901 0.966898 0.007552 0.027315
0 0.747656 0.966898 0.006771 0.025463
0 0.791016 0.407176 0.020573 0.018056
0 0.802344 0.096991 0.014583 0.025463
0 0.798307 0.044907 0.014323 0.024074
0 0.954036 0.142593 0.015885 0.017593
