0 0.007161 0.254398 0.013802 0.018056
0 0.666016 0.780324 0.012240 0.025463
0 0.510807 0.617593 0.021094 0.022222
0 0.604167 0.190046 0.013021 0.021759
0 0.603255 0.666898 0.014323 0.022685
0 0.569010 0.213194 0.013021 0.024537
0 0.432161 0.424306 0.014844 0.011574
0 0.566276 0.605093 0.013281 0.025926
0 0.682292 0.838426 0.008333 0.021296
0 0.627344 0.171759 0.016667 0.021296
0 0.643229 0.727083 0.011979 0.018056
0 0.582812 0.225694 0.013021 0.021759
0 0.553906 0.253472 0.013021 0.024537
0 0.643880 0.012731 0.009635 0.024537
2 0.722526 0.141435 0.030990 0.027315
0 0.389062 0.258565 0.010937 0.009722
0 0.505339 0.417361 0.014844 0.011574
0 0.464974 0.476620 0.014844 0.011574
0 0.282292 0.418750 0.016667 0.012500
0 0.185156 0.398380 0.016667 0.012500
0 0.593099 0.624306 0.014323 0.025463
0 0.691536 0.891204 0.009635 0.025926
0 0.693229 0.937037 0.007812 0.026852
0 0.661458 0.441898 0.017708 0.018056
0 0.418359 0.259028 0.013802 0.013426
0 0.459766 0.253009 0.013802 0.013426
0 0.494661 0.250231 0.013802 0.013426
0 0.523958 0.237269 0.021875 0.018981
0 0.948568 0.369907 0.016927 0.017593
