0 0.625000 0.211574 0.012500 0.027778
0 0.708854 0.718287 0.013542 0.024537
0 0.920443 0.519213 0.014323 0.023611
0 0.724479 0.761343 0.011458 0.021759
0 0.598307 0.189815 0.015885 0.020370
0 0.109115 0.376389 0.016667 0.016667
0 0.626302 0.552315 0.014583 0.024074
0 0.601432 0.135185 0.013802 0.023148
0 0.735677 0.806250 0.011458 0.022685
0 0.750911 0.819907 0.010156 0.026852
0 0.633854 0.601157 0.017188 0.026389
0 0.085938 0.232639 0.018229 0.015278
0 0.845573 0.793750 0.011458 0.026389
0 0.169531 0.568056 0.014583 0.015741
0 0.881771 0.188194 0.015104 0.026389
0 0.723177 0.656250 0.018229 0.016204
0 0.670312 0.417824 0.019271 0.018981
0 0.292318 0.234028 0.017448 0.016204
0 0.060547 0.421759 0.017448 0.017593
0 0.473177 0.399074 0.018750 0.013889
0 0.278646 0.460880 0.016146 0.015278
0 0.743229 0.778935 0.011979 0.027315
0 0.698047 0.121528 0.016927 0.024537
0 0.748177 0.918519 0.007292 0.026852
0 0.035677 0.229861 0.018229 0.015278
0 0.344922 0.397685 0.018490 0.014815
0 0.464062 0.235185 0.018750 0.013889
0 0.539193 0.225926 0.017448 0.014815
0 0.555859 0.175000 0.015885 0.020370
0 0.610286 0.386111 0.015885 0.016667
0 0.575651 0.453241 0.015885 0.016667
0 0.610677 0.503935 0.011979 0.028241
0 0.593620 0.502546 0.011198 0.027315
0 0.945312 0.331944 0.017708 0.018519
0 0.908594 0.603472 0.016667 0.025463
0 0.820312 0.822222 0.011458 0.025000
0 0.722005 0.707870 0.011719 0.024074
0 0.746484 0.875231 0.009635 0.024537
0 0.756380 0.883333 0.008594 0.025926
0 0.757292 0.936111 0.007292 0.026852
0 0.758854 0.978241 0.007292 0.026852
0 0.748177 0.979167 0.007292 0.026852
