0 0.789062 0.092824 0.019271 0.020833
0 0.565234 0.185185 0.017969 0.022222
0 0.902344 0.475463 0.009896 0.017593
0 0.658854 0.685648 0.014583 0.025000
0 0.692057 0.737963 0.014844 0.026852
0 0.404036 0.588426 0.017969 0.015741
0 0.589323 0.195833 0.014583 0.029630
0 0.465365 0.385185 0.016667 0.015741
0 0.770833 0.035648 0.014063 0.031481
2 0.691927 0.696065 0.026562 0.044907
0 0.792839 0.989352 0.009635 0.019444
0 0.053125 0.585417 0.021354 0.018056
0 0.030469 0.364583 0.019792 0.016204
0 0.636328 0.640741 0.017969 0.017593
0 0.546094 0.201157 0.017708 0.019907
0 0.699740 0.095139 0.016146 0.019907
0 0.746354 0.918981 0.009896 0.026852
0 0.728516 0.793981 0.010156 0.027778
0 0.716536 0.806944 0.010677 0.029630
0 0.845052 0.398148 0.021354 0.018519
0 0.736328 0.975694 0.008594 0.024537
0 0.396484 0.406944 0.017969 0.015741
0 0.701823 0.369907 0.020833 0.017593
0 0.801302 0.345370 0.020833 0.017593
0 0.865365 0.113657 0.019271 0.020833
0 0.793359 0.035185 0.014844 0.028704
0 0.734505 0.825926 0.010677 0.029630
0 0.730339 0.865741 0.010677 0.029630
0 0.740234 0.864815 0.010677 0.029630
0 0.814193 0.971296 0.010677 0.029630
0 0.746094 0.983796 0.009896 0.026852
