0 0.448568 0.568519 0.013802 0.012037
0 0.833073 0.209259 0.015625 0.022222
0 0.808073 0.144444 0.018229 0.018519
0 0.712500 0.833796 0.009375 0.031481
0 0.933724 0.189815 0.016927 0.015741
0 0.381120 0.562731 0.019010 0.015278
0 0.581641 0.207870 0.014323 0.019444
0 0.100521 0.192593 0.015625 0.012037
0 0.604167 0.580556 0.012500 0.024074
0 0.609245 0.223380 0.013802 0.020833
0 0.639323 0.650694 0.013021 0.021759
0 0.681120 0.141204 0.014323 0.018519
0 0.175391 0.349306 0.019531 0.014352
0 0.729948 0.681481 0.016667 0.012963
0 0.702474 0.791204 0.010677 0.025000
0 0.692969 0.374306 0.023958 0.013426
0 0.526042 0.225694 0.015625 0.012500
0 0.554948 0.219676 0.015625 0.012500
0 0.617969 0.143056 0.011458 0.025000
0 0.756771 0.047454 0.010417 0.028241
0 0.695443 0.749306 0.011719 0.028241
0 0.679297 0.757407 0.011719 0.027778
0 0.715495 0.884259 0.008594 0.026852
0 0.794141 0.807407 0.010677 0.027778
