0 0.307682 0.502315 0.022656 0.015741
0 0.774870 0.973380 0.010156 0.027315
0 0.622656 0.666898 0.015625 0.024537
0 0.589714 0.651389 0.012760 0.024074
0 0.282552 0.600694 0.015104 0.013426
0 0.709245 0.894213 0.010156 0.024537
0 0.563411 0.503704 0.023177 0.012037
0 0.487109 0.487963 0.017448 0.012037
0 0.908984 0.210417 0.016406 0.014352
1 0.481380 0.626389 0.021615 0.022222
0 0.678646 0.771296 0.010417 0.023148
0 0.863021 0.205324 0.013021 0.012500
0 0.869661 0.307407 0.011719 0.025000
0 0.026693 0.357870 0.016406 0.014815
0 0.689063 0.169676 0.016667 0.016204
0 0.178646 0.245139 0.017188 0.013426
0 0.135026 0.464120 0.017969 0.016204
0 0.630339 0.721296 0.011719 0.022222
0 0.649349 0.714815 0.011198 0.020370
0 0.692448 0.819213 0.008854 0.021759
0 0.713802 0.948843 0.007812 0.027315
0 0.834115 0.791898 0.013021 0.027315
0 0.897786 0.381481 0.019531 0.018519
0 0.754687 0.051157 0.008854 0.022685
