0 0.955599 0.133102 0.020052 0.013426
0 0.867969 0.151620 0.015104 0.018981
0 0.697396 0.697454 0.012500 0.019907
0 0.705469 0.753704 0.009896 0.022222
0 0.026562 0.351852 0.027604 0.016667
0 0.632682 0.197454 0.016406 0.026389
0 0.680990 0.013889 0.013021 0.023148
0 0.681771 0.699074 0.013542 0.020370
0 0.720052 0.704398 0.011979 0.020833
0 0.699479 0.110648 0.019271 0.022222
0 0.642578 0.625463 0.013281 0.018519
0 0.796615 0.080787 0.013021 0.023611
0 0.140365 0.225231 0.023958 0.018981
0 0.816797 0.075694 0.011719 0.023611
0 0.745182 0.657639 0.014844 0.013426
0 0.867188 0.622454 0.013021 0.020833
0 0.502474 0.223380 0.017448 0.019907
0 0.697005 0.638426 0.016406 0.015741
0 0.469922 0.224074 0.017448 0.020370
0 0.848568 0.689120 0.011198 0.023611
0 0.710286 0.715278 0.011198 0.021296
0 0.696615 0.725694 0.011979 0.023611
0 0.770182 0.018981 0.011198 0.031481
0 0.398958 0.206019 0.022396 0.016667
0 0.337240 0.382176 0.017708 0.019907
0 0.162760 0.360417 0.022396 0.018981
0 0.782422 0.015972 0.012760 0.022685
1 0.420312 0.563889 0.043229 0.021296
0 0.505339 0.382176 0.016406 0.017130
0 0.564714 0.386343 0.016406 0.017130
0 0.619661 0.380324 0.016406 0.017130
0 0.624479 0.547222 0.012500 0.023148
0 0.717318 0.782870 0.012760 0.025000
0 0.719401 0.749306 0.014323 0.030093
0 0.729818 0.733796 0.009635 0.018519
0 0.738411 0.832176 0.007552 0.022685
0 0.753516 0.852315 0.007031 0.023148
0 0.747396 0.927778 0.008854 0.024074
0 0.757422 0.927083 0.007552 0.023611
0 0.757031 0.987037 0.008854 0.025926
1 0.744401 0.785185 0.024740 0.067593
0 0.523307 0.218287 0.014844 0.013426
0 0.546615 0.212037 0.014063 0.013889
0 0.553125 0.167824 0.015625 0.019907
0 0.566797 0.203704 0.011719 0.013889
0 0.586849 0.190509 0.014323 0.017130
0 0.619661 0.179861 0.014844 0.025463
0 0.841667 0.157639 0.012500 0.027315
