0 0.707422 0.106481 0.013802 0.022222
0 0.850000 0.128009 0.014583 0.020833
0 0.716797 0.698843 0.013802 0.023611
0 0.937109 0.493519 0.015885 0.020370
0 0.636198 0.128704 0.013542 0.026852
0 0.693750 0.691667 0.013021 0.024074
0 0.736458 0.794213 0.010417 0.022685
0 0.617839 0.564352 0.012240 0.023148
0 0.735938 0.753472 0.009896 0.018981
0 0.841797 0.728241 0.013281 0.024074
0 0.747005 0.787963 0.009115 0.018519
0 0.210547 0.237731 0.018490 0.016204
0 0.742839 0.094907 0.015365 0.018519
0 0.926042 0.984259 0.031250 0.022222
0 0.869141 0.294213 0.016406 0.018056
0 0.744661 0.873843 0.012240 0.040278
0 0.574609 0.146528 0.015365 0.019907
0 0.302344 0.212963 0.017708 0.016667
0 0.789714 0.025694 0.014844 0.029167
0 0.375260 0.396528 0.018229 0.014352
0 0.292448 0.231019 0.017708 0.016667
0 0.332552 0.379398 0.018229 0.014352
0 0.430729 0.223843 0.018229 0.014352
0 0.522135 0.378009 0.018229 0.014352
0 0.638281 0.359722 0.016146 0.014815
0 0.649219 0.376389 0.016146 0.014815
0 0.643490 0.170833 0.013542 0.026852
0 0.585026 0.190046 0.015365 0.019907
0 0.562891 0.203009 0.015365 0.019907
0 0.542839 0.211343 0.015365 0.019907
0 0.592187 0.256481 0.013542 0.026852
0 0.597135 0.304167 0.011979 0.028704
0 0.777083 0.322685 0.016146 0.014815
0 0.826042 0.093981 0.014583 0.023148
0 0.942187 0.146991 0.011979 0.015278
0 0.979427 0.128472 0.011979 0.015278
0 0.854297 0.166898 0.011198 0.021759
0 0.957031 0.262963 0.019271 0.020370
0 0.970443 0.278241 0.016406 0.015741
0 0.900911 0.536806 0.014844 0.023611
1 0.840104 0.600463 0.036979 0.052778
0 0.827214 0.898380 0.011198 0.028241
0 0.740885 0.958102 0.008333 0.024537
1 0.760286 0.972222 0.015885 0.055556
0 0.731510 0.836111 0.010417 0.021296
0 0.719792 0.745370 0.011458 0.019444
0 0.673568 0.620602 0.015885 0.018981
0 0.757422 0.884028 0.008073 0.020833
0 0.600391 0.520833 0.012240 0.024074
