0 0.571094 0.215741 0.015625 0.016667
0 0.606901 0.627778 0.013802 0.026852
0 0.662500 0.690046 0.013021 0.022685
0 0.655990 0.709259 0.012500 0.025926
0 0.992708 0.533102 0.014583 0.022685
0 0.724870 0.133796 0.019010 0.016667
0 0.190755 0.209028 0.014323 0.014352
0 0.673307 0.154630 0.025781 0.027778
0 0.793229 0.095139 0.013021 0.023611
0 0.586068 0.582176 0.012760 0.031944
0 0.324609 0.393056 0.017969 0.012963
0 0.126823 0.343750 0.021354 0.014352
0 0.594010 0.463194 0.024479 0.015278
0 0.771224 0.046991 0.010156 0.020833
0 0.552604 0.181713 0.015104 0.021759
0 0.704297 0.885880 0.009635 0.032870
0 0.712500 0.851157 0.008333 0.024537
0 0.766536 0.075463 0.011198 0.026852
0 0.882031 0.185880 0.020833 0.018981
0 0.470052 0.384722 0.017188 0.016667
0 0.772396 0.139352 0.018750 0.021296
0 0.656380 0.379630 0.020573 0.014815
0 0.793099 0.361574 0.020573 0.014815
0 0.594141 0.268056 0.013281 0.027778
0 0.780469 0.072917 0.013021 0.023611
0 0.750000 0.013426 0.010937 0.025926
0 0.757292 0.046991 0.009896 0.024537
0 0.893750 0.628472 0.015625 0.025463
0 0.685417 0.773843 0.013542 0.031019
0 0.699740 0.779861 0.012500 0.030093
0 0.773958 0.899769 0.008333 0.024537
0 0.707552 0.928935 0.008333 0.024537
0 0.715365 0.958565 0.008333 0.024537
