0 0.692578 0.832870 0.010156 0.022222
0 0.089583 0.239583 0.016667 0.014352
0 0.131120 0.234491 0.017448 0.013426
0 0.584896 0.649769 0.015104 0.024537
0 0.198177 0.577083 0.014063 0.015278
0 0.684635 0.874306 0.009375 0.020833
0 0.254427 0.583565 0.016667 0.014352
0 0.475521 0.604398 0.014063 0.013426
0 0.506250 0.617130 0.013021 0.014815
0 0.811849 0.664352 0.010677 0.024074
0 0.250911 0.416435 0.015365 0.015278
0 0.724870 0.082639 0.011719 0.024537
0 0.638281 0.728241 0.013021 0.021296
0 0.638411 0.678704 0.015885 0.013889
0 0.660677 0.729630 0.012500 0.025926
0 0.674089 0.807407 0.011198 0.027778
0 0.594531 0.630324 0.013021 0.020833
0 0.705208 0.144907 0.014063 0.015741
0 0.877604 0.560880 0.015625 0.018981
0 0.593099 0.202083 0.013802 0.019907
0 0.767839 0.153935 0.016927 0.015278
0 0.824740 0.264583 0.012500 0.026389
0 0.694792 0.378704 0.018229 0.015741
0 0.637760 0.159722 0.014063 0.015741
0 0.834115 0.609954 0.008854 0.016204
2 0.799089 0.838194 0.011719 0.031944
0 0.792057 0.759722 0.010677 0.024074
0 0.675651 0.771065 0.011198 0.022685
0 0.701562 0.903472 0.009375 0.020833
0 0.702865 0.947917 0.009375 0.020833
0 0.692057 0.973380 0.009115 0.027315
0 0.546354 0.558102 0.011458 0.026389
0 0.083724 0.547917 0.015365 0.015278
0 0.536328 0.234491 0.014323 0.016204
0 0.466016 0.258102 0.014323 0.016204
0 0.419531 0.256019 0.017708 0.013889
0 0.384375 0.257870 0.017708 0.013889
