0 0.672266 0.689120 0.012760 0.021759
0 0.859245 0.211343 0.014323 0.028241
2 0.055469 0.319444 0.035937 0.025000
0 0.715755 0.846296 0.010156 0.026852
0 0.038802 0.388889 0.019271 0.015741
0 0.056510 0.207870 0.015625 0.011111
0 0.599089 0.231019 0.014844 0.025926
0 0.661198 0.041667 0.013542 0.027778
0 0.990885 0.502315 0.018229 0.021296
0 0.757552 0.120370 0.020833 0.018519
0 0.604818 0.616435 0.014844 0.018056
0 0.227734 0.420602 0.017969 0.015278
0 0.572786 0.396528 0.019531 0.017130
0 0.969401 0.299769 0.020052 0.019907
0 0.619141 0.372917 0.019531 0.017130
0 0.583464 0.280787 0.012760 0.032870
0 0.628385 0.619213 0.014063 0.025463
0 0.699740 0.758796 0.011458 0.024074
0 0.691667 0.778241 0.011458 0.024074
0 0.589844 0.535880 0.014063 0.025463
0 0.661068 0.703472 0.012760 0.021759
0 0.720964 0.907870 0.010156 0.026852
0 0.717318 0.986574 0.010156 0.026852
