0 0.285026 0.468056 0.015885 0.014815
0 0.546615 0.555556 0.011458 0.022222
0 0.623307 0.693287 0.012240 0.018056
0 0.660807 0.762963 0.011198 0.021296
0 0.311589 0.588426 0.013281 0.012037
0 0.190625 0.416435 0.017708 0.015278
0 0.845052 0.504398 0.009375 0.019907
0 0.583724 0.178241 0.009635 0.019444
0 0.799740 0.154398 0.013542 0.012500
0 0.191667 0.581944 0.015625 0.014815
0 0.615365 0.703472 0.011458 0.021759
0 0.735156 0.677778 0.015625 0.017593
0 0.367188 0.424306 0.014583 0.014352
0 0.701693 0.007870 0.010156 0.014815
0 0.262500 0.586806 0.016146 0.010648
0 0.716016 0.041667 0.010677 0.024074
0 0.757031 0.106481 0.012500 0.021296
0 0.627865 0.059722 0.009896 0.022222
0 0.551562 0.217361 0.014063 0.017130
0 0.511198 0.239120 0.015104 0.016204
0 0.488281 0.246759 0.015104 0.013889
0 0.466927 0.220139 0.016667 0.016204
2 0.460547 0.254398 0.020573 0.016204
0 0.433594 0.256019 0.015104 0.013889
0 0.393229 0.257407 0.016667 0.014815
0 0.294010 0.422454 0.017708 0.015278
0 0.528516 0.397685 0.016927 0.014815
0 0.570573 0.646991 0.014063 0.018981
0 0.640755 0.691435 0.013802 0.025463
0 0.671224 0.749537 0.011198 0.021296
0 0.682682 0.780093 0.011198 0.021296
0 0.679557 0.821528 0.009115 0.026389
0 0.692318 0.884954 0.009115 0.026389
0 0.696224 0.955787 0.009115 0.026389
0 0.800391 0.701157 0.009115 0.026389
0 0.698958 0.365046 0.019271 0.015278
