0 0.649219 0.353935 0.013021 0.012500
0 0.299740 0.226852 0.011458 0.024074
0 0.286849 0.130324 0.013281 0.024537
0 0.356771 0.481713 0.014583 0.025463
0 0.444141 0.325231 0.017448 0.016204
0 0.383073 0.646991 0.006771 0.023611
0 0.761198 0.375694 0.016146 0.011574
0 0.069792 0.328704 0.014063 0.016667
0 0.868620 0.302546 0.011198 0.018981
0 0.198568 0.186806 0.016927 0.018056
0 0.382943 0.724306 0.007552 0.022685
0 0.347917 0.248843 0.018750 0.020833
0 0.409245 0.856944 0.011719 0.012963
0 0.112370 0.584954 0.008073 0.023611
0 0.380599 0.763657 0.007031 0.019907
0 0.238151 0.950231 0.004948 0.021759
0 0.107292 0.252315 0.016667 0.024074
0 0.410026 0.822917 0.012240 0.012500
0 0.013151 0.668981 0.010156 0.015741
0 0.841146 0.341667 0.011458 0.015741
0 0.077344 0.292130 0.010937 0.018519
0 0.404818 0.787963 0.010677 0.012037
0 0.016146 0.651389 0.009375 0.014815
0 0.724740 0.040741 0.010417 0.016667
0 0.425651 0.958102 0.013281 0.012500
0 0.675521 0.128241 0.011979 0.011111
0 0.200651 0.364815 0.008594 0.023148
0 0.148568 0.224769 0.020052 0.031019
0 0.381120 0.686806 0.008073 0.021759
0 0.253516 0.243056 0.008594 0.023148
0 0.359766 0.951852 0.007552 0.023148
0 0.406250 0.887269 0.012500 0.012500
0 0.411719 0.842593 0.014583 0.014815
0 0.016667 0.437269 0.020833 0.020833
0 0.243099 0.753009 0.008073 0.027315
0 0.441016 0.912269 0.012760 0.012500
0 0.677214 0.039352 0.014323 0.013889
0 0.427995 0.343981 0.013281 0.018519
0 0.204948 0.155556 0.014583 0.015741
0 0.269401 0.077546 0.008594 0.023611
0 0.245573 0.073843 0.008854 0.023611
2 0.250521 0.154167 0.033333 0.025000
1 0.281771 0.032639 0.011458 0.064352
0 0.324219 0.485880 0.014583 0.025463
0 0.483594 0.424306 0.013021 0.014352
0 0.563542 0.403935 0.013021 0.014352
0 0.635938 0.429398 0.013021 0.014352
0 0.739974 0.039352 0.011719 0.015741
0 0.722396 0.168981 0.011979 0.015741
0 0.709766 0.172222 0.010677 0.016667
0 0.846745 0.154167 0.007552 0.019444
0 0.929818 0.141667 0.007552 0.019444
0 0.939844 0.144444 0.007812 0.019444
0 0.985938 0.455556 0.016146 0.011111
0 0.863542 0.009954 0.007812 0.018981
0 0.564063 0.276157 0.013021 0.012500
0 0.012500 0.688889 0.015625 0.014815
0 0.232943 0.761343 0.008073 0.027315
0 0.234375 0.648380 0.006771 0.019907
0 0.241016 0.850694 0.008073 0.027315
0 0.379818 0.837269 0.007031 0.019907
0 0.377995 0.863194 0.007031 0.019907
0 0.359766 0.983796 0.007552 0.023148
0 0.381250 0.942130 0.007812 0.023148
0 0.431120 0.975231 0.013281 0.012500
0 0.441016 0.928009 0.012760 0.012500
0 0.408073 0.870602 0.012500 0.012500
0 0.407943 0.806019 0.010677 0.012037
