0 0.935417 0.487500 0.016146 0.017593
0 0.828255 0.105787 0.014323 0.014352
0 0.663542 0.614815 0.012500 0.021296
0 0.842578 0.595602 0.015365 0.018981
0 0.708333 0.684491 0.014583 0.020833
0 0.056120 0.515509 0.016406 0.014352
0 0.730469 0.777315 0.010937 0.030556
0 0.605078 0.528009 0.010677 0.018981
0 0.636719 0.604167 0.011458 0.020370
0 0.904297 0.522917 0.015365 0.020833
0 0.583854 0.198148 0.015625 0.014815
0 0.709635 0.719213 0.014583 0.023611
0 0.611198 0.248843 0.009896 0.019907
0 0.746745 0.847685 0.011198 0.022222
0 0.650781 0.608565 0.013021 0.019907
0 0.687370 0.113657 0.016406 0.020833
0 0.738542 0.756713 0.014063 0.030093
0 0.554036 0.166435 0.016927 0.015278
0 0.742839 0.096528 0.024740 0.017130
0 0.746094 0.932407 0.008333 0.023148
0 0.596354 0.113194 0.013021 0.019907
0 0.513672 0.191435 0.011719 0.016204
0 0.125000 0.221528 0.014583 0.009722
0 0.160286 0.239583 0.013802 0.012500
0 0.222656 0.237500 0.015625 0.011111
0 0.275911 0.234028 0.016406 0.014352
0 0.361328 0.227083 0.029948 0.021759
0 0.593750 0.241435 0.010417 0.019907
0 0.549609 0.393981 0.014323 0.014815
0 0.743750 0.352083 0.013021 0.012500
2 0.626953 0.550694 0.017969 0.031944
0 0.758073 0.927778 0.006771 0.021296
0 0.801172 0.950463 0.012240 0.041667
0 0.891927 0.308333 0.015625 0.014815
0 0.975130 0.249537 0.012760 0.012037
0 0.158203 0.386111 0.013802 0.011111
0 0.240625 0.392361 0.016667 0.016204
