0 0.754687 0.654398 0.016146 0.014352
0 0.657292 0.630324 0.012500 0.018981
0 0.633594 0.127778 0.014583 0.023148
0 0.612109 0.174306 0.014844 0.023611
0 0.701953 0.703009 0.010677 0.018981
0 0.578906 0.587500 0.012500 0.016667
0 0.711849 0.106944 0.014323 0.021296
0 0.723307 0.745833 0.009115 0.018519
0 0.744661 0.869907 0.010677 0.026852
0 0.853516 0.163426 0.014844 0.022222
0 0.801302 0.642130 0.014583 0.016667
0 0.551562 0.209259 0.015104 0.016667
0 0.726042 0.717130 0.010417 0.023148
0 0.190495 0.230787 0.018490 0.016204
0 0.578646 0.197454 0.018750 0.018981
0 0.801172 0.100231 0.016406 0.018981
0 0.799219 0.042361 0.011458 0.026389
0 0.418099 0.440972 0.014323 0.019907
0 0.750521 0.817130 0.011458 0.021296
0 0.856380 0.672685 0.011198 0.025926
0 0.738542 0.754398 0.010937 0.022685
0 0.898307 0.478472 0.010677 0.025463
0 0.300391 0.563889 0.023177 0.022222
0 0.875651 0.215509 0.015885 0.023611
0 0.319531 0.212269 0.017188 0.016204
0 0.519401 0.371065 0.014323 0.019907
0 0.650000 0.167130 0.014583 0.023148
0 0.599740 0.249537 0.014583 0.023148
0 0.594401 0.319907 0.012760 0.023148
0 0.624089 0.382176 0.014323 0.019907
0 0.659505 0.375231 0.014323 0.019907
0 0.763672 0.332176 0.014323 0.019907
0 0.796745 0.343750 0.014323 0.019907
0 0.851172 0.320139 0.014323 0.019907
0 0.924609 0.293287 0.014323 0.019907
0 0.787500 0.013657 0.011458 0.026389
0 0.916927 0.524769 0.014583 0.022685
0 0.900260 0.633102 0.014583 0.022685
0 0.730469 0.784491 0.010937 0.022685
0 0.746094 0.785880 0.010937 0.022685
0 0.746745 0.943519 0.010677 0.026852
0 0.757943 0.954167 0.010677 0.026852
0 0.748568 0.983796 0.010677 0.026852
1 0.758333 0.877778 0.015625 0.067593
