0 0.395443 0.613889 0.017448 0.012963
0 0.671354 0.795602 0.011979 0.024537
0 0.727865 0.168056 0.015104 0.013889
1 0.301172 0.604861 0.026823 0.016204
0 0.639453 0.739815 0.013281 0.018519
0 0.807682 0.185648 0.018490 0.017593
0 0.337630 0.603241 0.017448 0.012963
0 0.299740 0.415278 0.016667 0.014815
0 0.116797 0.458333 0.016927 0.014815
0 0.582161 0.665046 0.017969 0.018981
0 0.654427 0.785648 0.014583 0.025926
0 0.683724 0.888426 0.011198 0.026852
0 0.803255 0.809259 0.011198 0.026852
0 0.821224 0.733333 0.011198 0.026852
