0 0.150260 0.554167 0.013542 0.014815
0 0.749219 0.151620 0.011979 0.018981
0 0.533073 0.312500 0.012500 0.021296
0 0.947396 0.535648 0.016146 0.018519
0 0.087630 0.434722 0.017448 0.018519
0 0.564323 0.145833 0.013021 0.020370
1 0.640885 0.685648 0.041667 0.031481
0 0.920052 0.182639 0.014583 0.013426
0 0.657943 0.758796 0.012240 0.025926
0 0.520703 0.185417 0.016927 0.018056
0 0.064583 0.239352 0.017188 0.014815
0 0.649870 0.150463 0.013802 0.018519
0 0.685156 0.953704 0.011979 0.023148
0 0.779297 0.161343 0.016927 0.022685
0 0.691536 0.141204 0.015365 0.016667
0 0.563281 0.269213 0.013021 0.018981
0 0.984505 0.966204 0.017969 0.033333
0 0.549609 0.528704 0.010677 0.015741
0 0.234896 0.222685 0.016667 0.013889
0 0.148568 0.224306 0.015365 0.016204
0 0.723698 0.064120 0.010417 0.025463
0 0.102995 0.221991 0.015885 0.014352
0 0.720833 0.691435 0.019271 0.018981
0 0.953255 0.987037 0.023177 0.016667
0 0.075521 0.533102 0.014583 0.016204
0 0.311719 0.224537 0.016667 0.013889
0 0.307812 0.244213 0.014583 0.015278
0 0.373698 0.226157 0.014583 0.015278
2 0.356901 0.246759 0.024740 0.024074
0 0.403385 0.249769 0.014583 0.015278
0 0.476042 0.251852 0.016146 0.013889
0 0.522526 0.234259 0.012760 0.013889
0 0.601823 0.085185 0.009896 0.020370
0 0.621224 0.032639 0.009635 0.024537
0 0.747917 0.078009 0.012500 0.025463
0 0.715104 0.031713 0.010937 0.026389
0 0.576432 0.389815 0.015365 0.015741
0 0.671875 0.460880 0.018229 0.012500
0 0.673568 0.759259 0.012240 0.025926
0 0.683984 0.793750 0.009635 0.025463
0 0.661328 0.809259 0.010677 0.025926
2 0.679297 0.830324 0.019010 0.061574
0 0.691406 0.826389 0.008854 0.021296
0 0.697526 0.872454 0.009635 0.026389
0 0.682422 0.890972 0.009635 0.026389
