0 0.824609 0.129861 0.011719 0.019907
0 0.672266 0.133102 0.019010 0.021759
0 0.697917 0.696065 0.012500 0.019907
0 0.772786 0.650000 0.013802 0.016667
0 0.862630 0.640046 0.012760 0.023611
0 0.669922 0.641667 0.013802 0.016667
0 0.274609 0.378009 0.020052 0.017130
0 0.662500 0.055093 0.012500 0.022222
0 0.720964 0.651852 0.014323 0.016667
0 0.848307 0.122222 0.014323 0.021296
0 0.770833 0.009028 0.011979 0.014352
0 0.883203 0.577315 0.013802 0.026852
0 0.682161 0.697917 0.014323 0.018981
0 0.090234 0.346065 0.017969 0.019907
0 0.616276 0.238194 0.013802 0.024537
0 0.468620 0.223843 0.019531 0.019907
0 0.084115 0.228472 0.024479 0.019907
0 0.423177 0.383565 0.024479 0.018981
0 0.354948 0.210648 0.020833 0.017593
0 0.706771 0.753009 0.011979 0.021759
0 0.499740 0.221528 0.018750 0.019907
0 0.721875 0.706481 0.012500 0.022222
0 0.483594 0.394907 0.018750 0.014815
0 0.542969 0.387269 0.018750 0.017130
0 0.518099 0.186111 0.015365 0.015741
0 0.522266 0.217361 0.015885 0.016204
0 0.546484 0.211806 0.015885 0.018981
0 0.564453 0.201620 0.015365 0.017130
0 0.586849 0.190741 0.015885 0.014815
0 0.601693 0.227315 0.009635 0.024074
1 0.457943 0.565278 0.042448 0.021296
0 0.640625 0.578241 0.014583 0.021296
0 0.696615 0.727083 0.013021 0.022685
0 0.708724 0.716898 0.013802 0.022685
0 0.730339 0.737963 0.008594 0.019444
0 0.719141 0.750000 0.015885 0.035185
0 0.718620 0.788889 0.012760 0.029630
0 0.742057 0.857176 0.009635 0.023611
0 0.755078 0.868056 0.007552 0.024074
0 0.748437 0.957407 0.007292 0.029630
0 0.756380 0.942593 0.008594 0.025926
0 0.783594 0.060648 0.013542 0.024074
0 0.805339 0.057407 0.015365 0.028704
0 0.920443 0.133796 0.019531 0.014815
1 0.743750 0.786806 0.026042 0.068056
0 0.681120 0.007870 0.015365 0.014815
