0 0.617057 0.123148 0.013281 0.022222
0 0.574740 0.537037 0.013021 0.024074
0 0.055208 0.313426 0.018750 0.015741
0 0.675260 0.700463 0.014063 0.025000
0 0.351172 0.394213 0.022656 0.013426
0 0.773958 0.131713 0.018229 0.014352
0 0.632552 0.177083 0.014583 0.023611
0 0.717187 0.861574 0.010417 0.027778
0 0.641406 0.089120 0.011979 0.020833
0 0.639844 0.639352 0.013542 0.023148
0 0.050000 0.333796 0.018750 0.015741
0 0.267448 0.379167 0.018750 0.015741
0 0.319531 0.392593 0.018750 0.015741
0 0.360156 0.201389 0.018750 0.015741
0 0.469531 0.225926 0.018750 0.015741
0 0.474740 0.400926 0.018750 0.015741
2 0.463021 0.378704 0.034896 0.020370
0 0.575000 0.239815 0.013542 0.026852
0 0.586979 0.264352 0.013542 0.026852
0 0.813542 0.141898 0.018229 0.014352
0 0.642708 0.454861 0.018229 0.014352
0 0.854948 0.607870 0.014063 0.025000
0 0.880469 0.638426 0.014063 0.025000
0 0.825260 0.754630 0.014063 0.025000
0 0.817708 0.813889 0.016146 0.037037
0 0.702604 0.779630 0.010417 0.027778
0 0.717187 0.978241 0.010417 0.027778
