0 0.808073 0.189583 0.020313 0.019907
0 0.666406 0.755556 0.017708 0.037963
0 0.129948 0.462269 0.021354 0.018056
0 0.986068 0.215278 0.017448 0.017593
0 0.284375 0.601157 0.018750 0.013426
0 0.363411 0.425231 0.019531 0.013426
0 0.555729 0.359259 0.013021 0.034259
0 0.839193 0.772222 0.015365 0.031481
0 0.907943 0.222454 0.020573 0.014352
0 0.613672 0.184954 0.013802 0.027315
0 0.584375 0.172222 0.016146 0.025926
0 0.630469 0.084722 0.014583 0.027778
0 0.592057 0.264583 0.013802 0.027315
0 0.757552 0.168287 0.020313 0.019907
0 0.773177 0.099769 0.014063 0.029167
2 0.666667 0.063657 0.020833 0.049537
0 0.511589 0.445139 0.019531 0.013426
0 0.597005 0.421528 0.019531 0.013426
