0 0.631380 0.636111 0.011198 0.015741
0 0.604167 0.189120 0.013542 0.019907
0 0.861458 0.653009 0.010417 0.026389
0 0.030990 0.347917 0.016667 0.016204
0 0.967969 0.143750 0.018750 0.014352
0 0.715104 0.693519 0.011979 0.025926
0 0.433724 0.571991 0.013281 0.015278
0 0.495182 0.565741 0.016927 0.016667
0 0.685286 0.707870 0.013281 0.021296
0 0.193750 0.571528 0.017708 0.017130
0 0.693750 0.647917 0.022396 0.018056
0 0.640365 0.606944 0.014583 0.024074
0 0.637240 0.162731 0.013021 0.020833
0 0.749870 0.848148 0.007552 0.016667
0 0.661458 0.063194 0.014583 0.019907
0 0.732682 0.797917 0.010156 0.020833
1 0.747266 0.806944 0.019010 0.069444
0 0.785807 0.057407 0.013281 0.023148
0 0.384635 0.567130 0.015625 0.013889
0 0.068620 0.563194 0.015885 0.016204
0 0.862500 0.131481 0.016667 0.017593
0 0.743880 0.884259 0.008073 0.022222
0 0.755990 0.104398 0.016146 0.013426
0 0.752214 0.857639 0.007031 0.025463
0 0.731641 0.748843 0.009635 0.024537
0 0.329167 0.381944 0.015625 0.013889
0 0.391797 0.379398 0.017969 0.016204
2 0.425260 0.225000 0.022917 0.018519
0 0.807682 0.068981 0.013281 0.023148
0 0.820573 0.137731 0.014063 0.018056
2 0.792057 0.028935 0.016927 0.041204
0 0.897917 0.473611 0.009375 0.026852
0 0.698307 0.703704 0.013281 0.021296
0 0.717448 0.743519 0.011979 0.023148
0 0.740365 0.848148 0.008333 0.023148
0 0.746224 0.913426 0.008073 0.022222
0 0.745182 0.958796 0.008073 0.022222
0 0.755990 0.970833 0.006771 0.021296
0 0.755859 0.886111 0.007552 0.025926
0 0.808203 0.877778 0.007552 0.025926
