0 0.864844 0.153704 0.015104 0.016667
0 0.732682 0.777315 0.010156 0.019444
0 0.929557 0.494676 0.014323 0.020833
0 0.770443 0.090046 0.020052 0.022685
0 0.703906 0.676157 0.016667 0.023611
0 0.714844 0.731944 0.013542 0.022222
0 0.016276 0.234259 0.017969 0.015741
0 0.975781 0.140972 0.015625 0.013426
0 0.648307 0.591435 0.016927 0.025463
0 0.247396 0.236111 0.023958 0.021296
0 0.735807 0.093287 0.016927 0.019907
0 0.723698 0.800926 0.013542 0.021296
0 0.655859 0.074306 0.014323 0.024537
0 0.606510 0.203704 0.013021 0.021296
0 0.792448 0.029630 0.016146 0.033333
0 0.744271 0.775694 0.009896 0.018056
0 0.755990 0.859491 0.012500 0.024537
0 0.604818 0.528009 0.014844 0.030093
0 0.448047 0.398148 0.013802 0.014815
0 0.325391 0.230324 0.021615 0.018981
0 0.343099 0.210185 0.013802 0.014815
0 0.402474 0.380556 0.013802 0.014815
0 0.451953 0.224074 0.013802 0.014815
0 0.543099 0.212037 0.013802 0.014815
0 0.563672 0.201389 0.013802 0.014815
0 0.585026 0.189815 0.013802 0.014815
0 0.600651 0.116898 0.015885 0.023611
0 0.695052 0.349769 0.018750 0.012500
0 0.607682 0.255324 0.012240 0.030093
0 0.586719 0.368981 0.018229 0.014815
0 0.668099 0.137731 0.017448 0.018056
0 0.681901 0.674306 0.014844 0.027315
0 0.773307 0.034028 0.013802 0.030093
0 0.718229 0.362269 0.018750 0.013426
0 0.829818 0.308796 0.018490 0.015741
0 0.917578 0.278241 0.018490 0.015741
0 0.869922 0.200231 0.014844 0.018056
0 0.841016 0.119676 0.014844 0.018056
1 0.817578 0.626389 0.048177 0.046296
0 0.890495 0.548611 0.016927 0.026852
0 0.731641 0.740509 0.011719 0.020833
0 0.741536 0.849537 0.015365 0.039815
0 0.738411 0.922685 0.011719 0.027778
0 0.829427 0.784954 0.009896 0.030093
0 0.818229 0.956713 0.010937 0.028241
1 0.758073 0.949306 0.015104 0.074537
