1 0.811458 0.647454 0.023958 0.034722
0 0.673958 0.773843 0.010937 0.019907
0 0.645703 0.736806 0.014323 0.025463
0 0.558594 0.545139 0.009375 0.023611
0 0.119661 0.548843 0.013281 0.016204
0 0.673568 0.812037 0.010156 0.026852
0 0.751953 0.164583 0.014844 0.018981
0 0.624609 0.684259 0.014323 0.015741
0 0.659375 0.151157 0.016146 0.015278
0 0.691406 0.850463 0.007812 0.022222
0 0.317057 0.583796 0.014323 0.021296
0 0.070312 0.568519 0.015104 0.017593
0 0.117839 0.390278 0.016927 0.018519
0 0.395182 0.249769 0.032552 0.027315
2 0.860938 0.492824 0.014063 0.039352
0 0.593620 0.161574 0.013281 0.021296
2 0.482031 0.250694 0.032813 0.025463
0 0.360807 0.587500 0.017969 0.017593
0 0.081250 0.229630 0.015104 0.014815
0 0.437109 0.258102 0.011719 0.014352
0 0.515234 0.244907 0.015885 0.017593
0 0.527995 0.188889 0.015885 0.017593
0 0.554818 0.227315 0.015885 0.017593
0 0.603776 0.089352 0.013281 0.021296
0 0.724219 0.023380 0.010417 0.023611
0 0.713802 0.038194 0.010417 0.023611
0 0.736719 0.063657 0.011979 0.024537
0 0.726302 0.088426 0.009375 0.024074
0 0.753125 0.095370 0.012500 0.024074
0 0.827604 0.224306 0.011979 0.025463
0 0.827083 0.274537 0.010417 0.022222
0 0.555078 0.588426 0.011198 0.025000
0 0.655599 0.728935 0.014323 0.025463
0 0.685026 0.879398 0.010156 0.025463
0 0.689453 0.924537 0.007552 0.025000
0 0.699609 0.909722 0.007552 0.025000
0 0.700911 0.969907 0.007552 0.025000
0 0.690495 0.978704 0.007552 0.025000
0 0.783464 0.817130 0.009115 0.025000
