0 0.772396 0.687269 0.015625 0.017130
0 0.527995 0.587269 0.015885 0.017130
0 0.334896 0.575231 0.015625 0.017130
0 0.414844 0.578704 0.015625 0.016667
0 0.740365 0.906019 0.008333 0.026852
0 0.136068 0.431019 0.017448 0.018519
0 0.388542 0.389352 0.018750 0.014815
0 0.861719 0.649769 0.014583 0.031944
0 0.756771 0.121528 0.016667 0.018056
0 0.665495 0.640741 0.014323 0.015741
0 0.888021 0.581481 0.012500 0.032407
0 0.797917 0.118519 0.015104 0.018519
0 0.035547 0.406019 0.020573 0.019444
0 0.643490 0.178009 0.016667 0.021759
0 0.006120 0.546991 0.011719 0.014352
0 0.696745 0.684954 0.014844 0.018981
0 0.465625 0.237731 0.019271 0.013426
0 0.707422 0.754398 0.013802 0.024537
0 0.798047 0.063657 0.011198 0.025463
0 0.659245 0.044907 0.014323 0.028704
0 0.371745 0.234259 0.017448 0.014815
0 0.699870 0.727315 0.014323 0.023148
0 0.726823 0.812269 0.009896 0.021759
0 0.736719 0.860880 0.009896 0.025463
2 0.260547 0.217130 0.029948 0.019444
0 0.718620 0.124306 0.023698 0.018981
0 0.491016 0.204167 0.017969 0.015741
0 0.719922 0.785417 0.011198 0.023611
0 0.396094 0.236343 0.013021 0.016204
0 0.780599 0.063657 0.011198 0.023611
0 0.139844 0.356019 0.017708 0.018519
0 0.030339 0.343519 0.017448 0.018519
0 0.372917 0.582407 0.015625 0.016667
0 0.527995 0.406481 0.019010 0.019444
0 0.557422 0.228472 0.017969 0.023611
0 0.598047 0.201157 0.017448 0.022685
0 0.859245 0.200694 0.016927 0.028241
0 0.860417 0.326620 0.018750 0.018056
2 0.913542 0.159722 0.032813 0.026852
0 0.728646 0.770139 0.013542 0.024537
0 0.742318 0.820139 0.013802 0.024537
0 0.748568 0.869676 0.010156 0.025463
0 0.750391 0.911806 0.010156 0.025463
0 0.740495 0.939815 0.008073 0.026852
0 0.511198 0.235417 0.019271 0.013426
0 0.766276 0.021528 0.011198 0.023611
