0 0.125521 0.369676 0.019792 0.018056
0 0.663802 0.671991 0.016146 0.028241
0 0.667318 0.146991 0.016406 0.023611
0 0.719141 0.850463 0.009635 0.029630
0 0.603255 0.195139 0.016927 0.024537
0 0.304557 0.460880 0.021094 0.013426
0 0.155208 0.537731 0.015625 0.013426
0 0.359245 0.383102 0.017969 0.015278
0 0.225260 0.387963 0.022917 0.015741
0 0.620703 0.613889 0.017969 0.027778
0 0.781771 0.074537 0.012500 0.024074
0 0.448958 0.408102 0.021875 0.012500
0 0.771224 0.047222 0.014323 0.028704
0 0.389583 0.407176 0.020833 0.014352
0 0.711458 0.806481 0.010417 0.025000
0 0.039714 0.345139 0.017969 0.017130
0 0.480859 0.585880 0.014844 0.014352
0 0.322917 0.568981 0.017188 0.016667
0 0.490234 0.408565 0.023177 0.013426
0 0.552865 0.405787 0.024479 0.014352
0 0.700000 0.758565 0.011979 0.028241
0 0.288542 0.396759 0.022917 0.015741
0 0.489583 0.234259 0.022917 0.015741
0 0.390625 0.385880 0.025521 0.020833
2 0.451302 0.388889 0.036979 0.020370
0 0.418229 0.580787 0.018229 0.015278
0 0.563672 0.218056 0.016406 0.023148
0 0.640234 0.159259 0.016406 0.023148
0 0.957682 0.172685 0.018490 0.020370
0 0.818880 0.145370 0.018490 0.020370
0 0.898828 0.318981 0.018490 0.020370
0 0.910286 0.175000 0.018490 0.020370
0 0.757943 0.014583 0.014323 0.028241
0 0.630599 0.395833 0.019531 0.012963
0 0.847005 0.574769 0.013281 0.025463
0 0.665625 0.716898 0.011979 0.028241
0 0.791927 0.821991 0.011979 0.028241
0 0.812240 0.838194 0.011979 0.028241
0 0.721615 0.940278 0.009375 0.031481
0 0.723828 0.904398 0.007031 0.026389
0 0.722135 0.982176 0.008333 0.027315
