0 0.633854 0.703009 0.013021 0.018056
0 0.662370 0.765972 0.011198 0.018981
0 0.229557 0.587500 0.019531 0.017593
0 0.536458 0.628009 0.011979 0.018981
0 0.576432 0.622454 0.010677 0.018981
0 0.890625 0.591204 0.013542 0.021296
0 0.522005 0.235880 0.014323 0.014352
0 0.371484 0.488194 0.023177 0.018981
0 0.703516 0.015741 0.009635 0.024074
0 0.692057 0.890741 0.009115 0.020370
0 0.391667 0.256944 0.015625 0.012963
0 0.807422 0.225694 0.010677 0.020833
0 0.841276 0.520602 0.010677 0.026389
0 0.681120 0.826620 0.011719 0.028241
0 0.611068 0.097917 0.011198 0.022685
0 0.593359 0.661574 0.011719 0.021296
0 0.444531 0.255556 0.015625 0.012963
0 0.468750 0.255324 0.015104 0.013426
0 0.464323 0.404398 0.015104 0.013426
0 0.609896 0.406250 0.015104 0.013426
2 0.492839 0.250463 0.020052 0.017593
0 0.547526 0.224769 0.014323 0.014352
0 0.580729 0.205324 0.010417 0.022685
0 0.537500 0.541435 0.009896 0.025463
0 0.659505 0.437731 0.016406 0.015278
0 0.722266 0.079167 0.009635 0.024074
0 0.757552 0.136111 0.016667 0.019444
0 0.802344 0.709028 0.010937 0.026389
0 0.840755 0.687500 0.011719 0.023148
0 0.695312 0.929861 0.008854 0.028241
0 0.706771 0.970139 0.008854 0.028241
0 0.698177 0.985880 0.008854 0.028241
