0 0.613932 0.616204 0.012760 0.022222
0 0.789844 0.687500 0.018750 0.017593
0 0.948568 0.529861 0.017448 0.018056
0 0.679948 0.689815 0.016146 0.027778
0 0.654948 0.711343 0.015625 0.023611
0 0.716016 0.773380 0.011719 0.026389
0 0.597135 0.647222 0.018229 0.023148
0 0.314583 0.578935 0.019271 0.017130
0 0.742969 0.103009 0.017708 0.016204
0 0.472005 0.451620 0.020052 0.018981
0 0.680078 0.730324 0.014844 0.026389
0 0.636849 0.657407 0.016406 0.024074
0 0.609896 0.180093 0.016146 0.022222
0 0.726432 0.825694 0.011198 0.026389
0 0.839583 0.125231 0.018750 0.019907
0 0.728906 0.904167 0.009375 0.027778
0 0.708333 0.857870 0.013021 0.031481
0 0.409245 0.199769 0.016406 0.016204
0 0.957031 0.289583 0.018229 0.021759
0 0.847396 0.411574 0.019792 0.018519
0 0.154427 0.381713 0.019271 0.017130
0 0.179948 0.365509 0.019271 0.017130
0 0.038281 0.354861 0.016146 0.014352
0 0.273828 0.204861 0.016406 0.016204
0 0.543099 0.214583 0.017969 0.019907
0 0.669792 0.130093 0.016146 0.022222
0 0.881510 0.246065 0.015625 0.031019
0 0.947135 0.380324 0.018229 0.021759
0 0.599479 0.555787 0.015104 0.025463
0 0.710547 0.799769 0.011719 0.026389
0 0.735677 0.867361 0.010937 0.026389
0 0.741016 0.916435 0.008073 0.020833
0 0.741667 0.965278 0.009375 0.027778
0 0.731250 0.982639 0.008854 0.031019
0 0.723307 0.861111 0.008073 0.019444
0 0.797005 0.956250 0.010677 0.027315
