0 0.557943 0.464583 0.020573 0.018981
0 0.213542 0.572222 0.020833 0.015741
0 0.618620 0.634722 0.016406 0.025000
0 0.135937 0.589352 0.020833 0.018519
2 0.582292 0.631250 0.031250 0.030093
0 0.926172 0.286111 0.021094 0.020370
0 0.763411 0.020370 0.014844 0.025000
0 0.736849 0.347454 0.020573 0.018981
0 0.787370 0.351620 0.020573 0.018981
0 0.872005 0.326157 0.020573 0.018981
0 0.579427 0.296296 0.010937 0.030556
0 0.557552 0.320833 0.010937 0.030556
0 0.679036 0.110648 0.020052 0.019444
0 0.828776 0.145139 0.021615 0.032870
0 0.875651 0.241667 0.014844 0.025000
