0 0.703646 0.111574 0.018750 0.021296
0 0.248958 0.577546 0.020313 0.015278
0 0.725521 0.715278 0.012500 0.024074
0 0.713672 0.729630 0.011719 0.024074
0 0.516667 0.568056 0.016146 0.015741
0 0.334115 0.570602 0.015625 0.015278
0 0.702734 0.670139 0.014844 0.021759
0 0.652604 0.598380 0.016146 0.020833
0 0.749349 0.913889 0.008073 0.025000
0 0.282031 0.213426 0.018750 0.016667
0 0.738021 0.806944 0.008854 0.025000
0 0.236589 0.238194 0.020573 0.015278
0 0.754818 0.840046 0.011198 0.029167
0 0.382682 0.565741 0.016927 0.015741
0 0.085938 0.563657 0.018750 0.018056
0 0.530859 0.218056 0.019010 0.018519
0 0.683333 0.672917 0.015104 0.022685
0 0.140234 0.418750 0.019531 0.018056
0 0.900521 0.522917 0.017188 0.021759
0 0.226562 0.216435 0.019271 0.017130
0 0.727865 0.764352 0.012500 0.028704
0 0.746094 0.875463 0.007812 0.023148
0 0.748958 0.953009 0.007812 0.024537
0 0.909245 0.134259 0.018490 0.017593
0 0.340365 0.460417 0.019271 0.015278
0 0.347786 0.233565 0.017448 0.016204
0 0.552995 0.213889 0.019010 0.018519
0 0.563932 0.453009 0.017969 0.015278
0 0.843359 0.389815 0.017969 0.016667
0 0.739844 0.759259 0.011979 0.027778
0 0.748958 0.806019 0.010417 0.024074
0 0.742708 0.845833 0.008854 0.024074
0 0.757422 0.874074 0.008073 0.026852
0 0.758203 0.912037 0.008073 0.027778
0 0.758594 0.958565 0.007812 0.024537
