0 0.695182 0.673611 0.012760 0.015741
0 0.297786 0.576620 0.016406 0.017130
0 0.223568 0.571528 0.012240 0.014352
0 0.883984 0.150926 0.016927 0.017593
0 0.698828 0.720370 0.014323 0.024074
0 0.802604 0.129398 0.011979 0.018981
0 0.649479 0.168056 0.015625 0.023148
0 0.737760 0.792824 0.009896 0.021759
0 0.067969 0.357176 0.018750 0.014352
0 0.597396 0.147685 0.013542 0.022222
0 0.735417 0.849074 0.008854 0.023148
0 0.260417 0.579167 0.013542 0.012037
0 0.719401 0.734491 0.011198 0.018981
0 0.792057 0.064120 0.010677 0.024537
0 0.909505 0.496065 0.011198 0.030093
0 0.740885 0.903241 0.009375 0.022222
0 0.834896 0.134954 0.013542 0.018981
0 0.765495 0.024306 0.011198 0.024537
0 0.850781 0.771991 0.013021 0.026389
0 0.424219 0.581250 0.019792 0.012500
2 0.395052 0.213657 0.025521 0.018981
0 0.142578 0.376852 0.016927 0.013889
0 0.154297 0.358796 0.022135 0.013889
0 0.239974 0.390046 0.014844 0.014352
0 0.355990 0.389583 0.013542 0.013426
0 0.595573 0.384491 0.018229 0.015278
0 0.719792 0.382407 0.014063 0.014815
0 0.657292 0.625000 0.012500 0.021296
0 0.608854 0.535417 0.013021 0.029167
0 0.707943 0.753704 0.011719 0.023148
0 0.719792 0.784722 0.011979 0.022222
0 0.725781 0.807870 0.011458 0.022222
0 0.749219 0.854398 0.011979 0.029167
0 0.752344 0.896759 0.012500 0.025000
0 0.741927 0.940046 0.006250 0.029167
0 0.751823 0.949306 0.007812 0.029167
0 0.740234 0.987963 0.009635 0.024074
0 0.816406 0.833796 0.012500 0.039815
0 0.900651 0.454861 0.008073 0.027315
0 0.701432 0.138889 0.023698 0.019444
0 0.577734 0.221065 0.014323 0.016204
0 0.542578 0.232176 0.016406 0.016204
0 0.487500 0.242130 0.019271 0.013889
0 0.390625 0.237500 0.012500 0.012963
0 0.411328 0.238194 0.016406 0.016204
