0 0.588542 0.619444 0.020833 0.024074
0 0.952344 0.513426 0.018750 0.016667
0 0.749089 0.677546 0.017448 0.013426
0 0.188411 0.456019 0.020573 0.015741
0 0.437240 0.385880 0.020313 0.014352
0 0.803646 0.091435 0.019792 0.027315
0 0.560807 0.150231 0.020052 0.019907
0 0.870052 0.208565 0.014583 0.025463
0 0.374219 0.408565 0.020313 0.014352
0 0.369010 0.470139 0.020313 0.014352
0 0.514844 0.399306 0.020313 0.014352
0 0.529818 0.209259 0.020052 0.019444
0 0.600130 0.387500 0.020052 0.019444
0 0.985547 0.284722 0.020052 0.019444
0 0.838932 0.629861 0.014844 0.022685
