0 0.568099 0.577083 0.013802 0.014352
0 0.669271 0.615278 0.016146 0.022222
0 0.765495 0.646991 0.014323 0.013426
0 0.844271 0.582870 0.015104 0.019444
0 0.648047 0.612500 0.016927 0.025000
0 0.827995 0.109028 0.014844 0.018056
0 0.749089 0.897222 0.010677 0.024074
0 0.378516 0.572222 0.016406 0.017593
0 0.981771 0.124769 0.015625 0.015278
0 0.252995 0.568519 0.016406 0.013889
0 0.722396 0.743981 0.009896 0.019444
0 0.597396 0.190509 0.018750 0.019907
0 0.751172 0.807407 0.010677 0.022222
0 0.466797 0.562731 0.014323 0.018056
0 0.771094 0.028241 0.013021 0.026852
0 0.756771 0.848843 0.009375 0.021759
0 0.877865 0.629398 0.012500 0.022685
0 0.197917 0.447454 0.016667 0.018056
0 0.341146 0.572222 0.015625 0.012963
0 0.708724 0.708333 0.016927 0.026852
0 0.854948 0.178704 0.012500 0.019444
2 0.547917 0.213657 0.025000 0.019907
0 0.620573 0.082407 0.014583 0.022222
0 0.511719 0.371759 0.018750 0.012963
0 0.142969 0.225926 0.021354 0.013889
0 0.814714 0.309954 0.014844 0.018981
0 0.839323 0.324306 0.018229 0.018056
0 0.975651 0.456944 0.014323 0.017593
0 0.700391 0.112269 0.014844 0.018056
0 0.726693 0.714815 0.011719 0.023148
0 0.740495 0.762269 0.013802 0.029167
0 0.738542 0.804630 0.009375 0.023148
0 0.744922 0.856944 0.008594 0.022222
0 0.750521 0.927546 0.007292 0.023611
0 0.758724 0.944444 0.007552 0.031481
0 0.749870 0.962269 0.008594 0.026389
0 0.807813 0.905556 0.009896 0.026852
0 0.836589 0.864352 0.010677 0.027778
0 0.028125 0.502778 0.015625 0.022222
2 0.033073 0.353472 0.027083 0.024537
0 0.574349 0.386111 0.014323 0.013889
0 0.626172 0.201157 0.012240 0.023611
0 0.446745 0.200463 0.015365 0.014815
0 0.475651 0.228241 0.014844 0.015741
0 0.519922 0.222222 0.015885 0.017593
0 0.416406 0.228241 0.016146 0.017593
