0 0.689453 0.712500 0.014323 0.021296
0 0.561719 0.193056 0.018750 0.020370
0 0.609896 0.157870 0.015104 0.031481
2 0.704427 0.796759 0.026042 0.062963
0 0.850391 0.128241 0.021615 0.021296
0 0.739062 0.925231 0.008854 0.030093
0 0.508854 0.596296 0.019271 0.019444
0 0.586589 0.201620 0.014323 0.026389
0 0.201563 0.369444 0.017708 0.015741
0 0.645312 0.643519 0.016146 0.021296
0 0.060677 0.220370 0.019271 0.017593
0 0.958464 0.142593 0.015365 0.014815
0 0.533333 0.468981 0.019271 0.019444
0 0.457031 0.401620 0.019792 0.016204
0 0.472396 0.223843 0.019792 0.016204
0 0.598047 0.229398 0.014323 0.026389
0 0.817969 0.093519 0.015625 0.026852
0 0.909245 0.561343 0.017448 0.025463
0 0.877734 0.533102 0.015885 0.030093
0 0.858073 0.663657 0.013542 0.031019
0 0.712760 0.767361 0.013021 0.029167
0 0.736068 0.867593 0.011719 0.030556
0 0.740104 0.983565 0.008854 0.030093
0 0.728646 0.984954 0.008854 0.030093
0 0.728255 0.937963 0.007552 0.025000
