0 0.192188 0.475926 0.021354 0.016667
0 0.458203 0.595370 0.015365 0.012963
0 0.307031 0.473843 0.018750 0.015278
0 0.411719 0.596991 0.014063 0.013426
0 0.670443 0.784259 0.011719 0.023148
0 0.334245 0.595833 0.017448 0.018519
0 0.812891 0.167593 0.015365 0.014815
0 0.501042 0.610185 0.015104 0.016667
0 0.055339 0.253704 0.017448 0.016667
0 0.598698 0.658333 0.013542 0.022222
0 0.384375 0.469676 0.017188 0.014352
0 0.684766 0.840972 0.009635 0.026389
1 0.633073 0.731944 0.031771 0.054630
0 0.572917 0.244907 0.014583 0.024074
0 0.857943 0.489583 0.010677 0.021759
0 0.551042 0.320370 0.010937 0.025926
0 0.626432 0.069444 0.009115 0.023148
0 0.829818 0.561574 0.014323 0.024074
0 0.766536 0.119676 0.014844 0.023611
0 0.583984 0.167361 0.014844 0.023611
0 0.309375 0.428704 0.017188 0.019444
0 0.729948 0.440741 0.017708 0.015741
0 0.692839 0.926852 0.010677 0.026852
0 0.709505 0.976852 0.010156 0.026852
0 0.687891 0.805787 0.009635 0.026389
0 0.634245 0.702778 0.013281 0.024074
0 0.595052 0.620833 0.013542 0.022222
1 0.211068 0.400231 0.045052 0.023611
0 0.251953 0.259491 0.016927 0.014352
0 0.405208 0.233102 0.017188 0.014352
0 0.470833 0.252083 0.015104 0.013426
0 0.492839 0.248843 0.017448 0.016204
0 0.518359 0.240278 0.014844 0.014815
0 0.535937 0.231944 0.015104 0.014815
0 0.604818 0.139120 0.014844 0.023611
0 0.615234 0.024074 0.012240 0.027778
0 0.638151 0.016667 0.012240 0.027778
0 0.715495 0.380556 0.015365 0.014815
0 0.740234 0.415741 0.016927 0.016667
0 0.876953 0.328241 0.015365 0.014815
0 0.829297 0.560648 0.014323 0.024074
