0 0.888281 0.515972 0.010417 0.025463
0 0.623958 0.115278 0.015625 0.024074
0 0.797656 0.032407 0.015625 0.027778
0 0.470443 0.583796 0.018490 0.015741
0 0.605208 0.214815 0.013542 0.029630
0 0.656250 0.672222 0.022917 0.036111
0 0.874870 0.206481 0.013802 0.020370
0 0.665234 0.122454 0.016927 0.030093
0 0.723828 0.827778 0.011719 0.029630
0 0.766797 0.009491 0.017448 0.018056
0 0.496745 0.184028 0.019010 0.017130
0 0.749479 0.953241 0.008854 0.034259
0 0.284505 0.440972 0.020052 0.014352
0 0.727083 0.783565 0.011979 0.027315
0 0.580599 0.307407 0.011719 0.031481
0 0.907292 0.289120 0.018229 0.018056
0 0.602214 0.542130 0.012240 0.028704
0 0.643490 0.623380 0.013021 0.022685
0 0.665234 0.350694 0.020052 0.014352
0 0.824609 0.126157 0.017448 0.027315
0 0.833203 0.104398 0.017448 0.027315
0 0.830469 0.767824 0.010417 0.025463
0 0.694531 0.740972 0.013542 0.028241
0 0.742708 0.865972 0.009896 0.027315
0 0.736719 0.949537 0.008854 0.034259
