0 0.575130 0.306481 0.014323 0.026852
0 0.590885 0.624074 0.016146 0.029630
0 0.630208 0.725000 0.013542 0.022222
0 0.906380 0.230324 0.023177 0.014352
0 0.973307 0.337963 0.020573 0.021296
0 0.704557 0.168750 0.023177 0.018056
0 0.674349 0.776389 0.012240 0.025000
0 0.679557 0.884954 0.010156 0.030093
0 0.867969 0.221991 0.022396 0.018056
0 0.677083 0.171528 0.022917 0.018981
0 0.751693 0.178241 0.018490 0.020370
0 0.470052 0.423148 0.020833 0.013889
0 0.482812 0.442593 0.020833 0.013889
0 0.502344 0.262963 0.020833 0.013889
0 0.894271 0.379398 0.022396 0.018056
0 0.828255 0.200926 0.018490 0.020370
0 0.755859 0.058565 0.013802 0.027315
0 0.763411 0.087269 0.013802 0.027315
0 0.770182 0.113657 0.013802 0.027315
0 0.640365 0.706481 0.013542 0.022222
0 0.707422 0.986111 0.007552 0.027778
