0 0.687891 0.792130 0.011719 0.025926
0 0.613411 0.169676 0.014323 0.024537
0 0.595573 0.266435 0.012500 0.019907
0 0.571224 0.658333 0.015365 0.019444
0 0.547396 0.482870 0.015625 0.012963
0 0.651953 0.186574 0.016927 0.021296
0 0.854427 0.205324 0.013021 0.014352
0 0.937891 0.407176 0.017969 0.015278
0 0.779818 0.126157 0.012760 0.025463
0 0.702474 0.861574 0.011198 0.021296
0 0.790104 0.180787 0.015625 0.016204
0 0.718750 0.741667 0.022917 0.013889
0 0.458073 0.444907 0.019792 0.014815
0 0.799870 0.812963 0.012760 0.032407
0 0.181641 0.394676 0.019010 0.011574
0 0.124349 0.399769 0.019010 0.015278
0 0.299479 0.434491 0.019271 0.013426
0 0.529557 0.422454 0.017969 0.011574
0 0.624609 0.482176 0.019010 0.014352
0 0.620313 0.502083 0.022396 0.017130
0 0.765625 0.147222 0.009375 0.022222
0 0.963411 0.420602 0.017969 0.015278
0 0.873437 0.539352 0.010937 0.031481
0 0.670964 0.797685 0.009635 0.025926
0 0.693099 0.824306 0.010677 0.023611
0 0.709245 0.931713 0.008073 0.023611
0 0.698047 0.961574 0.009115 0.025000
