0 0.645964 0.736574 0.012760 0.022222
0 0.806250 0.630093 0.014063 0.025000
0 0.748568 0.089120 0.011198 0.023611
0 0.905990 0.543981 0.015625 0.020370
0 0.624349 0.700926 0.013802 0.017593
0 0.953255 0.184722 0.017448 0.012963
0 0.631380 0.178241 0.016406 0.021296
0 0.414974 0.488889 0.016927 0.014815
0 0.674219 0.811806 0.010417 0.024537
0 0.677474 0.771991 0.010677 0.021759
0 0.690885 0.828009 0.009896 0.024537
0 0.763411 0.157639 0.014844 0.018981
0 0.039844 0.246759 0.016667 0.014815
0 0.593099 0.627546 0.013281 0.020833
0 0.783203 0.657639 0.014844 0.020833
0 0.574219 0.228704 0.012500 0.024074
0 0.065625 0.362500 0.016667 0.014815
2 0.013672 0.426389 0.026823 0.028704
0 0.460286 0.427778 0.016927 0.014815
0 0.465625 0.406481 0.013021 0.016667
0 0.280469 0.235185 0.013542 0.013889
0 0.500781 0.250463 0.013542 0.013889
0 0.520573 0.238889 0.013542 0.013889
0 0.541146 0.233333 0.013542 0.013889
0 0.544271 0.336806 0.011458 0.029167
0 0.640234 0.050926 0.011719 0.027778
0 0.671224 0.152778 0.013281 0.017593
0 0.836328 0.184491 0.015885 0.015278
0 0.897786 0.185880 0.015885 0.015278
0 0.868359 0.477546 0.010677 0.032870
0 0.699089 0.878472 0.008073 0.026389
0 0.693490 0.985880 0.007812 0.024537
0 0.826693 0.745370 0.010677 0.023148
