0 0.734896 0.851852 0.011458 0.028704
0 0.659505 0.671528 0.016406 0.025463
0 0.592318 0.202546 0.013802 0.023611
0 0.701172 0.737963 0.013281 0.026852
0 0.102604 0.368750 0.017708 0.016204
0 0.800260 0.046759 0.016146 0.029630
0 0.557552 0.327546 0.010417 0.013426
0 0.567448 0.195833 0.016146 0.016667
0 0.963802 0.137037 0.017708 0.016667
0 0.522135 0.206944 0.018229 0.016667
0 0.906120 0.135880 0.017969 0.014352
0 0.546484 0.201852 0.016927 0.015741
0 0.721745 0.092824 0.017969 0.019907
0 0.008854 0.560185 0.014583 0.014815
0 0.259115 0.390972 0.017708 0.016204
0 0.380990 0.397454 0.017708 0.016204
0 0.223438 0.569907 0.019271 0.016667
0 0.447396 0.215972 0.017708 0.016204
0 0.594922 0.247454 0.013802 0.023611
0 0.780339 0.101157 0.017969 0.019907
0 0.821484 0.126852 0.016927 0.024074
0 0.863542 0.312963 0.017708 0.016667
0 0.770312 0.027315 0.016146 0.029630
0 0.837109 0.734259 0.012240 0.029630
0 0.708073 0.801389 0.011979 0.028704
0 0.739453 0.988194 0.009635 0.023611
