0 0.606641 0.587731 0.014844 0.026389
0 0.703516 0.857639 0.011719 0.029167
0 0.245833 0.553009 0.015625 0.018056
0 0.509896 0.581944 0.016146 0.015741
0 0.679557 0.714352 0.013281 0.024074
0 0.366016 0.227778 0.017969 0.012037
0 0.695573 0.810880 0.009375 0.026389
0 0.991927 0.182176 0.015104 0.016204
0 0.558203 0.168750 0.017448 0.019907
0 0.744271 0.127083 0.021354 0.018981
0 0.819531 0.148843 0.015625 0.018981
0 0.652214 0.701620 0.016406 0.026389
0 0.973568 0.298148 0.019010 0.019444
0 0.783073 0.415972 0.020833 0.015278
0 0.602083 0.125463 0.013021 0.022222
0 0.717839 0.891898 0.008594 0.029167
0 0.497526 0.200463 0.017969 0.012037
0 0.474349 0.403241 0.017969 0.012037
0 0.034505 0.311574 0.017969 0.012037
0 0.126432 0.346528 0.014323 0.015278
0 0.631510 0.063194 0.015104 0.026389
0 0.606510 0.227315 0.013021 0.022222
0 0.580599 0.298380 0.010677 0.031019
0 0.936849 0.178241 0.016927 0.015741
0 0.912891 0.337500 0.019010 0.019444
0 0.875391 0.344907 0.019010 0.019444
0 0.820182 0.361574 0.019010 0.019444
0 0.664062 0.146759 0.021354 0.027778
0 0.780208 0.072454 0.015104 0.030093
0 0.762760 0.075694 0.015104 0.030093
0 0.781901 0.660417 0.014323 0.018981
0 0.685807 0.773148 0.013281 0.024074
0 0.698047 0.769444 0.013281 0.024074
0 0.707682 0.939583 0.008594 0.029167
0 0.719141 0.977315 0.009635 0.038889
