0 0.835547 0.115741 0.016927 0.019444
0 0.572526 0.589583 0.016927 0.019907
0 0.728385 0.771065 0.011458 0.026389
0 0.715755 0.725231 0.013281 0.026389
0 0.008333 0.322454 0.013021 0.018981
0 0.497917 0.398380 0.016146 0.016204
0 0.658854 0.639815 0.015104 0.024074
0 0.715365 0.109491 0.015625 0.021759
0 0.558073 0.221759 0.019271 0.015741
0 0.739714 0.820139 0.010677 0.026389
0 0.632943 0.195833 0.014323 0.026852
0 0.537370 0.219676 0.015885 0.016204
0 0.755339 0.865741 0.009635 0.030556
0 0.597786 0.204861 0.016406 0.018981
0 0.622786 0.584028 0.014323 0.021759
0 0.962370 0.138889 0.016927 0.013889
0 0.847135 0.725000 0.012500 0.028704
0 0.756641 0.656019 0.015885 0.014815
0 0.922005 0.149769 0.016927 0.015278
0 0.677865 0.028472 0.013021 0.025463
0 0.643490 0.056481 0.013021 0.024074
0 0.851823 0.310185 0.017708 0.017593
0 0.797135 0.048148 0.011979 0.025926
0 0.744922 0.780324 0.010677 0.027315
0 0.502734 0.197222 0.015365 0.015741
0 0.624349 0.175000 0.012760 0.025000
0 0.631250 0.561343 0.013021 0.023611
0 0.494141 0.377083 0.016927 0.017130
0 0.450781 0.398611 0.016146 0.015741
0 0.388542 0.571296 0.016146 0.015741
0 0.616146 0.364120 0.016146 0.016204
0 0.709115 0.368750 0.016146 0.016204
0 0.598698 0.508333 0.010417 0.026852
0 0.724089 0.717824 0.013281 0.026389
0 0.745964 0.888657 0.009115 0.027315
0 0.756901 0.919213 0.009115 0.027315
0 0.746484 0.937731 0.009115 0.027315
0 0.757552 0.957407 0.007812 0.025000
