0 0.629818 0.714583 0.015365 0.023611
0 0.699349 0.139583 0.016406 0.016204
0 0.672005 0.794676 0.011198 0.024537
0 0.589063 0.177546 0.010937 0.022685
0 0.613021 0.112500 0.009896 0.022222
0 0.598958 0.660417 0.014583 0.018056
0 0.823047 0.592361 0.016406 0.022685
0 0.723828 0.015509 0.009115 0.022685
0 0.759766 0.161343 0.014323 0.021759
0 0.660807 0.146296 0.014844 0.017593
0 0.096224 0.953009 0.013802 0.031019
0 0.738281 0.689815 0.015625 0.018519
0 0.678516 0.771065 0.011719 0.022685
0 0.112109 0.943750 0.014323 0.030093
0 0.119661 0.590278 0.014844 0.016667
0 0.870573 0.564583 0.015625 0.021759
0 0.687760 0.800926 0.009375 0.023148
0 0.755469 0.421065 0.019271 0.017130
0 0.711849 0.034491 0.009115 0.022685
0 0.738672 0.066204 0.011198 0.024074
0 0.724609 0.074074 0.011198 0.024074
2 0.773958 0.132407 0.026562 0.045370
0 0.839714 0.185417 0.013802 0.014352
0 0.829557 0.273148 0.012240 0.023148
0 0.849479 0.330787 0.018229 0.018981
0 0.887760 0.337731 0.018229 0.018981
0 0.775911 0.840972 0.010677 0.026389
0 0.754818 0.954398 0.010677 0.026389
0 0.697005 0.967361 0.010677 0.026389
0 0.692969 0.900694 0.008854 0.023611
0 0.682813 0.845139 0.008854 0.023611
0 0.566927 0.560185 0.011458 0.025000
0 0.545312 0.553472 0.009896 0.020833
0 0.556771 0.408796 0.013542 0.013889
0 0.587891 0.113194 0.013281 0.024537
0 0.583073 0.236806 0.008854 0.018056
0 0.562109 0.242361 0.010677 0.022685
2 0.528255 0.237037 0.029427 0.030556
2 0.498047 0.253704 0.029427 0.030556
0 0.467057 0.261574 0.016406 0.015741
0 0.441276 0.257870 0.016406 0.015741
0 0.389453 0.260185 0.016406 0.015741
0 0.367057 0.257870 0.013802 0.012963
0 0.340495 0.259259 0.013802 0.012963
0 0.145703 0.408796 0.015885 0.016667
0 0.165234 0.390741 0.020573 0.019444
0 0.632812 0.060648 0.010417 0.026852
