0 0.594271 0.207639 0.016146 0.019907
0 0.377214 0.570139 0.013802 0.014352
0 0.125911 0.347917 0.017448 0.013426
0 0.719010 0.875000 0.007812 0.026852
0 0.650651 0.156019 0.016927 0.022222
0 0.640365 0.652546 0.014583 0.023611
0 0.229948 0.393750 0.018750 0.012500
0 0.758854 0.671528 0.020313 0.016204
0 0.711719 0.816204 0.009896 0.026852
0 0.767057 0.049769 0.010677 0.021759
0 0.057943 0.351157 0.021094 0.015278
0 0.527865 0.233796 0.017188 0.016667
0 0.163281 0.381713 0.019792 0.014352
0 0.846484 0.336343 0.017969 0.013426
0 0.620703 0.670139 0.013802 0.023611
0 0.523177 0.590278 0.015625 0.014815
0 0.679557 0.755324 0.011719 0.027315
0 0.644271 0.454861 0.022396 0.014352
0 0.780469 0.075231 0.013021 0.026389
0 0.747135 0.125000 0.017188 0.014815
0 0.694401 0.746065 0.011719 0.029167
0 0.579427 0.628241 0.014583 0.017593
0 0.117578 0.370139 0.017448 0.013426
0 0.307943 0.398843 0.017448 0.013426
0 0.457161 0.234954 0.017448 0.013426
0 0.170052 0.358102 0.021875 0.018056
2 0.228255 0.368750 0.035156 0.023611
0 0.504167 0.236574 0.017188 0.016667
0 0.564844 0.208796 0.017188 0.016667
0 0.565885 0.387963 0.017188 0.016667
0 0.760417 0.379630 0.017188 0.016667
0 0.781510 0.143519 0.016667 0.019444
0 0.978255 0.310185 0.019010 0.017593
0 0.877344 0.467593 0.013021 0.029630
0 0.900391 0.609491 0.013802 0.023611
0 0.702995 0.778472 0.009635 0.026389
0 0.722135 0.917130 0.007812 0.026852
0 0.720052 0.953935 0.008333 0.030093
0 0.719271 0.985185 0.007812 0.026852
0 0.763021 0.982407 0.007812 0.026852
