0 0.549089 0.605093 0.017448 0.015741
0 0.666016 0.685880 0.013802 0.023611
0 0.629948 0.186343 0.015625 0.029167
0 0.632943 0.109259 0.014844 0.025926
0 0.337370 0.203241 0.017448 0.015741
0 0.805990 0.114120 0.015104 0.025463
0 0.282422 0.223843 0.017448 0.014352
0 0.068620 0.221296 0.021094 0.015741
0 0.271094 0.204630 0.015104 0.012963
0 0.858724 0.218981 0.013802 0.028704
0 0.678516 0.134491 0.016927 0.018981
0 0.791667 0.371528 0.019792 0.014352
0 0.914974 0.532407 0.017969 0.018519
0 0.769792 0.041667 0.012500 0.025926
0 0.394792 0.234722 0.016146 0.014815
0 0.508073 0.406944 0.019271 0.014815
0 0.681641 0.754167 0.012760 0.030556
0 0.514193 0.237269 0.017448 0.018056
0 0.023568 0.335417 0.020052 0.015278
0 0.655339 0.725694 0.012240 0.028241
0 0.716797 0.833333 0.011198 0.029630
0 0.435417 0.234259 0.016667 0.015741
0 0.385547 0.386343 0.021094 0.016204
0 0.107422 0.340046 0.020573 0.016204
0 0.264193 0.371296 0.017448 0.015741
0 0.477344 0.202546 0.017708 0.018056
0 0.604818 0.167130 0.014323 0.029630
0 0.568490 0.214120 0.017708 0.018056
0 0.552995 0.224769 0.014323 0.017130
0 0.576172 0.256944 0.012760 0.028704
0 0.573047 0.331019 0.011719 0.036111
0 0.840365 0.220370 0.013542 0.023148
0 0.876693 0.270370 0.014323 0.030556
0 0.845573 0.334954 0.018750 0.017130
0 0.650391 0.693981 0.013802 0.023148
0 0.694271 0.747454 0.012500 0.030093
0 0.721094 0.887269 0.009896 0.030093
0 0.721875 0.968056 0.011458 0.036111
0 0.882422 0.640278 0.012760 0.027778
0 0.856901 0.699306 0.015365 0.031019
