0 0.555339 0.188657 0.016927 0.020833
0 0.222396 0.573380 0.018229 0.017130
0 0.424219 0.583565 0.018750 0.014352
0 0.693620 0.745139 0.014323 0.026389
0 0.558073 0.604167 0.018750 0.022222
0 0.288542 0.587731 0.018750 0.016204
0 0.650391 0.634954 0.017448 0.026389
0 0.597396 0.169907 0.013021 0.029630
0 0.708464 0.734491 0.014323 0.028241
0 0.583724 0.265509 0.013802 0.025463
0 0.287370 0.204167 0.017969 0.015741
0 0.727214 0.852546 0.012760 0.029167
0 0.772266 0.030093 0.015365 0.031481
0 0.747396 0.937269 0.009375 0.026389
0 0.578646 0.370139 0.016667 0.014352
0 0.701302 0.098380 0.014583 0.018056
0 0.658073 0.680093 0.015625 0.024074
0 0.639323 0.365046 0.021354 0.016204
0 0.098698 0.429167 0.016146 0.018519
0 0.891667 0.486806 0.011458 0.028241
0 0.224349 0.393519 0.022135 0.015741
0 0.397917 0.223148 0.015625 0.013889
0 0.483724 0.378009 0.016927 0.014352
0 0.794271 0.039120 0.013021 0.025463
0 0.818099 0.101620 0.013802 0.018981
0 0.885547 0.119444 0.017969 0.016667
0 0.953776 0.117593 0.017969 0.016667
0 0.880469 0.315741 0.019271 0.021296
0 0.859245 0.686806 0.011198 0.028241
0 0.906641 0.631944 0.013802 0.025000
0 0.721745 0.771065 0.010677 0.027315
0 0.716797 0.861806 0.011719 0.031019
0 0.734766 0.906019 0.011719 0.030556
0 0.736719 0.978472 0.009375 0.026389
0 0.747396 0.986806 0.009375 0.026389
2 0.742969 0.852778 0.017708 0.062963
