0 0.748828 0.093287 0.020052 0.018981
0 0.640625 0.144676 0.013542 0.025463
0 0.535026 0.206250 0.016406 0.018056
2 0.731380 0.698380 0.029948 0.020833
2 0.103516 0.434028 0.028906 0.023611
0 0.882943 0.254861 0.011198 0.022685
0 0.562240 0.195370 0.018750 0.016667
0 0.042057 0.214120 0.020573 0.015278
0 0.892318 0.667130 0.013802 0.027778
0 0.776823 0.675463 0.017708 0.015741
0 0.161198 0.201620 0.018229 0.014352
0 0.199740 0.217593 0.016146 0.013889
0 0.240625 0.199074 0.016146 0.013889
0 0.275781 0.395370 0.016146 0.013889
0 0.794141 0.100231 0.020052 0.018981
0 0.794531 0.042130 0.016667 0.031481
0 0.769531 0.036806 0.011458 0.024537
0 0.573698 0.313657 0.010417 0.025463
0 0.553255 0.373611 0.013281 0.012037
0 0.593620 0.391667 0.016406 0.015741
0 0.825911 0.138426 0.016406 0.019444
0 0.805729 0.327315 0.016667 0.017593
0 0.860807 0.662500 0.013802 0.027778
0 0.855469 0.585648 0.016146 0.025000
0 0.845964 0.824537 0.012240 0.030556
0 0.693099 0.745602 0.015365 0.027315
