0 0.552995 0.601157 0.020573 0.017130
0 0.686198 0.737731 0.012500 0.028241
0 0.660026 0.656481 0.014323 0.022222
0 0.611719 0.149769 0.015625 0.026389
0 0.791797 0.023380 0.016406 0.031944
0 0.218620 0.219444 0.017448 0.014815
0 0.618620 0.103241 0.012760 0.024074
0 0.521224 0.374306 0.017448 0.017130
0 0.637370 0.159491 0.014323 0.025463
0 0.718490 0.831019 0.010417 0.026852
2 0.841797 0.109028 0.023698 0.043056
0 0.851823 0.606019 0.016667 0.023148
0 0.934896 0.137269 0.019271 0.016204
0 0.639844 0.656481 0.015625 0.025926
0 0.245573 0.200694 0.023438 0.017130
0 0.172266 0.200231 0.012240 0.015278
0 0.564714 0.188194 0.017448 0.017130
0 0.596745 0.388194 0.017448 0.017130
0 0.604297 0.221759 0.013281 0.033333
0 0.733073 0.089583 0.017188 0.017130
0 0.669271 0.012269 0.012500 0.023611
0 0.845964 0.725231 0.014844 0.033796
0 0.808464 0.871065 0.014844 0.033796
0 0.887370 0.550694 0.014844 0.033796
0 0.697917 0.721528 0.012500 0.028241
0 0.716276 0.768056 0.012760 0.028704
0 0.733724 0.833796 0.010677 0.026852
0 0.741667 0.901389 0.008333 0.025926
0 0.729167 0.905556 0.008333 0.025926
0 0.743229 0.972685 0.008333 0.025926
