0 0.604948 0.134722 0.011979 0.021296
0 0.638151 0.715741 0.018490 0.018519
0 0.007943 0.239583 0.015365 0.018056
0 0.686719 0.868981 0.012500 0.033333
0 0.724870 0.168056 0.019531 0.019444
0 0.608724 0.233565 0.016927 0.025463
0 0.183724 0.478241 0.023698 0.016667
0 0.122396 0.405093 0.022396 0.015741
0 0.133073 0.385185 0.022396 0.015741
2 0.298047 0.603472 0.032552 0.020833
0 0.632422 0.088889 0.011198 0.027778
0 0.658724 0.081019 0.011198 0.027778
0 0.671224 0.024769 0.011198 0.028241
2 0.761198 0.184722 0.025000 0.025000
0 0.962891 0.224306 0.019531 0.018981
0 0.939974 0.353241 0.019531 0.019444
0 0.863021 0.596759 0.013021 0.039815
0 0.695573 0.843981 0.012500 0.033333
0 0.679167 0.797222 0.012500 0.033333
0 0.706250 0.973380 0.012500 0.032870
0 0.702344 0.900231 0.012500 0.032870
