0 0.607422 0.675926 0.017448 0.023148
0 0.186068 0.456019 0.026823 0.016667
0 0.652474 0.754167 0.015365 0.020370
0 0.214323 0.404167 0.027604 0.015741
0 0.788932 0.197917 0.014323 0.022685
0 0.871354 0.215972 0.012500 0.014352
0 0.820964 0.832639 0.012240 0.024537
0 0.652995 0.783796 0.014323 0.018519
0 0.871745 0.534028 0.011719 0.023611
0 0.727995 0.418519 0.021094 0.013889
0 0.605599 0.417593 0.020573 0.012963
0 0.602474 0.445370 0.020573 0.012963
0 0.593099 0.277315 0.013281 0.022222
0 0.636979 0.141204 0.011458 0.025000
0 0.358073 0.438194 0.015625 0.014352
