0 0.830469 0.635417 0.015625 0.018981
0 0.630599 0.633565 0.015885 0.020833
0 0.703255 0.650926 0.020573 0.020370
0 0.641406 0.123611 0.013542 0.025000
2 0.293099 0.567824 0.022656 0.018981
0 0.543229 0.576852 0.015625 0.016667
0 0.145443 0.578009 0.014844 0.018056
0 0.193620 0.579861 0.017448 0.018056
0 0.988542 0.443981 0.012500 0.022222
0 0.986849 0.126852 0.014844 0.017593
0 0.077865 0.575463 0.017708 0.018519
0 0.704557 0.112731 0.016927 0.025463
0 0.136979 0.367361 0.018229 0.018056
0 0.736849 0.796991 0.011198 0.024537
0 0.869661 0.192130 0.013802 0.027778
0 0.748307 0.987731 0.009115 0.024537
0 0.751172 0.814815 0.010156 0.029630
0 0.844661 0.117130 0.015885 0.019444
0 0.771094 0.036343 0.012500 0.030093
0 0.112370 0.247222 0.018490 0.017593
0 0.820052 0.083565 0.014583 0.023611
0 0.706510 0.712269 0.012500 0.022685
0 0.413411 0.573148 0.014844 0.017593
0 0.662630 0.144213 0.014323 0.024537
0 0.865365 0.721991 0.010937 0.029167
0 0.727344 0.339583 0.018750 0.016204
0 0.747005 0.102546 0.017969 0.018981
0 0.726432 0.764352 0.012240 0.024074
0 0.260026 0.238889 0.016927 0.014815
0 0.935807 0.548611 0.016927 0.025000
0 0.455339 0.229398 0.022656 0.019907
0 0.511458 0.226620 0.015625 0.017130
0 0.583203 0.198380 0.017969 0.018056
0 0.607161 0.256250 0.010156 0.026389
0 0.558984 0.168519 0.016406 0.020370
0 0.554427 0.394213 0.016146 0.015278
0 0.627214 0.384259 0.017969 0.013889
0 0.624740 0.362963 0.017188 0.017593
0 0.784115 0.018750 0.012500 0.030093
0 0.896354 0.549074 0.015625 0.021296
0 0.888672 0.621065 0.015365 0.027315
0 0.885286 0.652546 0.015365 0.027315
0 0.802865 0.927546 0.010417 0.031944
0 0.747266 0.950694 0.009115 0.024537
0 0.756510 0.937037 0.008854 0.027778
0 0.747917 0.909722 0.008854 0.027778
0 0.756250 0.888426 0.008854 0.027778
0 0.754948 0.851389 0.008854 0.027778
0 0.741406 0.832870 0.008854 0.027778
0 0.735026 0.751852 0.012240 0.024074
0 0.743359 0.778704 0.012240 0.024074
0 0.715755 0.738889 0.012240 0.024074
2 0.725391 0.720370 0.016927 0.037037
