0 0.654036 0.670370 0.014323 0.018519
0 0.583984 0.214815 0.016927 0.021296
0 0.626432 0.187500 0.015365 0.024074
0 0.051172 0.350231 0.016406 0.012500
0 0.923047 0.580556 0.020573 0.024074
0 0.602474 0.646528 0.013802 0.019907
0 0.767318 0.048611 0.011198 0.024074
0 0.418750 0.574306 0.017708 0.018056
0 0.077083 0.336806 0.016146 0.018056
0 0.561458 0.609722 0.019271 0.019444
0 0.246745 0.389120 0.020052 0.014352
0 0.787500 0.656481 0.018750 0.017593
0 0.713021 0.823148 0.011458 0.028704
0 0.553646 0.214583 0.018750 0.018981
0 0.719401 0.875694 0.009115 0.028241
0 0.726172 0.124306 0.026302 0.024537
0 0.713932 0.445370 0.023177 0.015741
0 0.747917 0.130787 0.022396 0.024537
0 0.779948 0.073843 0.014063 0.031019
0 0.854688 0.263426 0.014063 0.022222
0 0.639583 0.698148 0.013542 0.025926
0 0.099219 0.366204 0.019271 0.016667
0 0.498698 0.236574 0.020313 0.016667
0 0.041667 0.504167 0.018750 0.018519
0 0.166406 0.382870 0.019271 0.016667
0 0.450521 0.235648 0.019271 0.016667
0 0.500260 0.389815 0.019271 0.016667
0 0.126953 0.350231 0.028385 0.021759
2 0.183203 0.361574 0.037760 0.027778
0 0.522917 0.234722 0.020313 0.016667
0 0.660156 0.042130 0.012500 0.035185
0 0.690495 0.390741 0.023177 0.015741
0 0.779036 0.350463 0.023177 0.015741
0 0.907422 0.332870 0.023177 0.015741
0 0.956641 0.314352 0.023177 0.015741
0 0.683333 0.765741 0.013542 0.025926
0 0.693750 0.745370 0.013542 0.025926
0 0.703646 0.784722 0.013542 0.025926
0 0.771484 0.921065 0.009115 0.028241
0 0.722786 0.914583 0.009115 0.028241
0 0.720964 0.953472 0.009115 0.028241
0 0.719141 0.985880 0.009115 0.028241
