0 0.667188 0.708333 0.013542 0.025926
0 0.050781 0.211343 0.020313 0.016204
0 0.768750 0.413657 0.020833 0.018981
0 0.214323 0.208102 0.018229 0.013426
0 0.627344 0.181713 0.014063 0.025463
0 0.667839 0.673380 0.015365 0.020833
0 0.610677 0.593519 0.015104 0.025000
0 0.880208 0.604398 0.016667 0.023611
0 0.486719 0.594676 0.018750 0.014352
0 0.994271 0.147917 0.011458 0.016204
0 0.675781 0.759259 0.014063 0.024074
0 0.720703 0.851157 0.010677 0.027315
0 0.713151 0.766898 0.013802 0.030093
0 0.994661 0.297685 0.010677 0.018519
0 0.505990 0.224769 0.019271 0.016204
0 0.733073 0.866435 0.008854 0.024537
0 0.773568 0.114815 0.017969 0.016667
0 0.925000 0.322454 0.020833 0.016204
0 0.678776 0.365741 0.020052 0.016667
0 0.563281 0.209491 0.019271 0.016204
0 0.585286 0.290278 0.011719 0.030556
0 0.696745 0.113657 0.017448 0.018981
0 0.852734 0.694907 0.014844 0.031481
0 0.689844 0.753935 0.013542 0.026389
0 0.726432 0.817361 0.013802 0.030093
0 0.710417 0.811574 0.011979 0.026852
0 0.703906 0.840741 0.011979 0.026852
0 0.740365 0.926852 0.009896 0.026852
0 0.730469 0.949074 0.009896 0.026852
0 0.726172 0.895602 0.008073 0.022685
0 0.741276 0.986343 0.008073 0.022685
0 0.721354 0.991898 0.008333 0.016204
