0 0.504557 0.584954 0.020573 0.014352
0 0.452083 0.583102 0.021875 0.015278
0 0.012240 0.350000 0.017708 0.015741
0 0.700911 0.743519 0.011198 0.025000
0 0.016667 0.209259 0.017708 0.017593
0 0.675521 0.114815 0.016146 0.021296
0 0.548177 0.604861 0.017188 0.018981
0 0.636849 0.660648 0.015885 0.024074
0 0.784896 0.109954 0.018750 0.019907
0 0.786979 0.028704 0.012500 0.023148
0 0.743359 0.095833 0.020573 0.021296
0 0.106380 0.201389 0.016927 0.012037
0 0.380859 0.401852 0.018490 0.014815
0 0.484896 0.382407 0.018229 0.014815
2 0.404427 0.582870 0.030208 0.017593
0 0.550521 0.393981 0.020313 0.012037
0 0.539193 0.200463 0.017969 0.018519
0 0.487500 0.211806 0.019271 0.014352
0 0.565755 0.133565 0.015885 0.022685
0 0.722266 0.811574 0.011198 0.025000
0 0.738802 0.934491 0.009375 0.023611
0 0.785937 0.979861 0.009375 0.023611
0 0.877734 0.607639 0.012240 0.030093
0 0.830469 0.633333 0.012500 0.019444
2 0.860286 0.142593 0.019010 0.034259
0 0.990365 0.140972 0.018750 0.019907
0 0.928906 0.305556 0.017708 0.016667
0 0.825521 0.321065 0.020833 0.016204
0 0.763411 0.024074 0.012760 0.034259
