0 0.597786 0.665509 0.013281 0.020833
0 0.990495 0.365972 0.017448 0.014352
0 0.670703 0.757176 0.012240 0.025463
0 0.567318 0.570602 0.010677 0.022685
0 0.598047 0.208333 0.012760 0.020370
0 0.605599 0.140509 0.010677 0.019907
0 0.457552 0.225463 0.014063 0.014815
0 0.776693 0.184028 0.014844 0.026389
0 0.645573 0.162963 0.015104 0.017593
0 0.699870 0.146296 0.013802 0.014815
0 0.741927 0.079630 0.008854 0.022222
0 0.593750 0.628704 0.012500 0.021296
0 0.822135 0.605324 0.015625 0.021759
0 0.839844 0.188657 0.012500 0.015278
0 0.423438 0.426852 0.013542 0.012037
2 0.566406 0.482639 0.037500 0.021759
0 0.495703 0.207176 0.014323 0.015278
0 0.492969 0.251389 0.012500 0.013889
0 0.518750 0.242130 0.014583 0.014815
0 0.536458 0.233333 0.014583 0.014815
0 0.561979 0.286343 0.011458 0.025463
0 0.577865 0.200000 0.010937 0.023148
0 0.634635 0.068519 0.010417 0.025926
0 0.777865 0.147454 0.016146 0.026389
0 0.916406 0.568056 0.013542 0.019444
0 0.829818 0.706250 0.010677 0.019907
0 0.782552 0.803935 0.011458 0.030093
0 0.644922 0.750000 0.014844 0.025926
0 0.688281 0.820602 0.009896 0.026389
0 0.682682 0.859028 0.008594 0.024537
0 0.691016 0.921991 0.008594 0.024537
0 0.701953 0.953009 0.008594 0.024537
0 0.749479 0.954398 0.009375 0.021759
