0 0.674089 0.691898 0.013802 0.021759
0 0.456120 0.574769 0.014844 0.014352
0 0.987630 0.351852 0.011719 0.015741
0 0.577995 0.623843 0.017969 0.021759
0 0.703255 0.788889 0.011198 0.027778
0 0.620052 0.632639 0.013021 0.019907
0 0.226823 0.194676 0.018750 0.018981
0 0.098047 0.536574 0.019531 0.015741
0 0.130859 0.368056 0.023177 0.016667
0 0.579688 0.546759 0.011458 0.023148
0 0.255990 0.580787 0.017708 0.015278
0 0.570182 0.328009 0.015365 0.012500
0 0.032292 0.518056 0.019792 0.019444
0 0.875000 0.309954 0.019792 0.018056
0 0.396745 0.187963 0.017969 0.014815
2 0.814323 0.837037 0.014063 0.037037
0 0.807422 0.122685 0.020052 0.023148
0 0.553646 0.397222 0.020313 0.016667
0 0.638151 0.382407 0.021615 0.016667
0 0.214453 0.383333 0.019531 0.015741
0 0.394141 0.397685 0.019531 0.015741
0 0.417839 0.382407 0.019531 0.015741
0 0.647005 0.076620 0.013802 0.025463
0 0.857682 0.143750 0.013802 0.025463
0 0.640234 0.014120 0.013802 0.025463
0 0.876693 0.186806 0.013802 0.025463
0 0.898047 0.457407 0.010156 0.029630
0 0.848828 0.735880 0.012760 0.028241
0 0.898438 0.656250 0.011458 0.026389
0 0.826172 0.771759 0.013802 0.031481
0 0.717187 0.787269 0.012500 0.031019
0 0.733724 0.852778 0.010677 0.029630
0 0.741016 0.929167 0.008594 0.030556
