0 0.673047 0.715741 0.011719 0.027778
0 0.823698 0.592593 0.014063 0.028704
0 0.777474 0.054398 0.016927 0.022685
0 0.646224 0.623611 0.013802 0.024074
0 0.675391 0.681019 0.014323 0.027778
0 0.556250 0.205093 0.013542 0.026852
0 0.612500 0.059259 0.013021 0.026852
0 0.249870 0.340972 0.020052 0.014352
0 0.648047 0.087269 0.016927 0.022685
0 0.328776 0.346065 0.018490 0.016204
0 0.946224 0.111806 0.017969 0.016204
0 0.874219 0.489120 0.017708 0.021759
0 0.696094 0.971528 0.009375 0.025463
0 0.758594 0.066667 0.016667 0.025926
0 0.484245 0.180093 0.011719 0.016667
2 0.456771 0.179630 0.032292 0.021296
0 0.799870 0.089120 0.014844 0.019907
0 0.830990 0.502315 0.013542 0.025000
0 0.616797 0.602546 0.014323 0.021759
0 0.811589 0.156944 0.015365 0.029630
0 0.589063 0.534491 0.015104 0.025463
0 0.649349 0.659491 0.013281 0.026389
0 0.396745 0.181481 0.021615 0.017593
0 0.219792 0.320602 0.018750 0.014352
0 0.501563 0.173843 0.014583 0.017130
0 0.520052 0.167593 0.014583 0.016667
0 0.539844 0.162731 0.014583 0.017130
0 0.616797 0.120602 0.016927 0.022685
0 0.867969 0.275694 0.016146 0.018981
0 0.765365 0.810880 0.009896 0.026389
0 0.643099 0.674306 0.013281 0.026389
0 0.689323 0.728704 0.011979 0.027778
0 0.683464 0.752315 0.011719 0.027778
0 0.676172 0.782870 0.011719 0.027778
0 0.690495 0.793981 0.011719 0.027778
0 0.699089 0.771759 0.010677 0.025926
0 0.695573 0.840509 0.008854 0.029167
0 0.706771 0.856481 0.009375 0.031481
0 0.706641 0.966204 0.009115 0.029630
0 0.704948 0.898380 0.005729 0.020833
0 0.697266 0.894907 0.008073 0.024074
0 0.705469 0.806713 0.011458 0.037500
1 0.618620 0.397917 0.041406 0.019907
