0 0.145703 0.251620 0.015885 0.013426
0 0.547656 0.503935 0.016667 0.017130
0 0.647917 0.718750 0.031250 0.055093
0 0.934115 0.225926 0.017188 0.014815
0 0.266536 0.607870 0.016406 0.015741
0 0.873828 0.206713 0.013281 0.015278
0 0.699219 0.404630 0.017188 0.018519
0 0.686458 0.792824 0.011979 0.026389
0 0.226172 0.419444 0.017969 0.014815
0 0.078516 0.382407 0.019531 0.016667
0 0.488281 0.442361 0.016146 0.014352
0 0.933203 0.610417 0.019010 0.024537
1 0.161198 0.573843 0.043750 0.025463
0 0.870964 0.550231 0.011719 0.034722
0 0.590104 0.254861 0.014583 0.026389
0 0.218620 0.585880 0.016927 0.017130
2 0.210547 0.396065 0.035677 0.024537
2 0.428646 0.419444 0.026042 0.021296
0 0.772005 0.410648 0.015365 0.016667
0 0.791146 0.960417 0.010417 0.027315
