0 0.012760 0.350694 0.015625 0.014352
0 0.770443 0.362963 0.023698 0.017593
0 0.826562 0.360417 0.018229 0.014352
0 0.445443 0.406250 0.016927 0.014352
0 0.364323 0.484259 0.015104 0.022222
0 0.326432 0.503935 0.011719 0.022685
0 0.326432 0.568750 0.016927 0.029167
0 0.542708 0.343056 0.020833 0.011111
2 0.170443 0.213426 0.020573 0.027778
0 0.406771 0.441898 0.016146 0.018056
0 0.505859 0.355324 0.016927 0.013426
0 0.413281 0.412731 0.015625 0.015278
0 0.448698 0.909722 0.016146 0.017593
0 0.392057 0.646528 0.010677 0.026389
0 0.415104 0.805093 0.014063 0.010185
0 0.434245 0.956481 0.013281 0.012963
0 0.413932 0.783565 0.013281 0.014352
0 0.293229 0.086343 0.007812 0.021759
0 0.677083 0.434491 0.013021 0.015278
0 0.684375 0.129167 0.011979 0.011111
0 0.213151 0.362500 0.007552 0.026852
0 0.390495 0.762731 0.007031 0.022685
0 0.721615 0.438426 0.016146 0.015741
0 0.126042 0.579861 0.008333 0.026389
0 0.233984 0.342361 0.008594 0.031019
0 0.289974 0.023380 0.007552 0.026389
0 0.417839 0.855324 0.014844 0.013426
0 0.341406 0.313889 0.013021 0.027778
0 0.391797 0.685880 0.010156 0.025463
0 0.260547 0.565741 0.015885 0.015741
0 0.392188 0.724306 0.008333 0.024537
0 0.063021 0.334954 0.015104 0.016204
0 0.431380 0.427778 0.013802 0.017593
0 0.415885 0.885185 0.015625 0.016667
0 0.178125 0.544444 0.014063 0.020370
0 0.504036 0.402778 0.013802 0.012037
0 0.368750 0.950231 0.006771 0.025463
0 0.688802 0.039815 0.015625 0.015741
0 0.416536 0.871065 0.014323 0.015278
2 0.826693 0.428009 0.024740 0.018056
0 0.467839 0.421296 0.014844 0.012037
0 0.750260 0.038657 0.013542 0.014352
0 0.388672 0.865278 0.007552 0.022222
0 0.572396 0.275463 0.012500 0.017593
0 0.735286 0.039815 0.012760 0.014815
0 0.367708 0.980787 0.008333 0.027315
0 0.390495 0.285417 0.020052 0.018056
0 0.419922 0.839352 0.014844 0.012037
0 0.025260 0.682407 0.016667 0.017593
0 0.027474 0.664815 0.014323 0.011111
0 0.028255 0.651157 0.012760 0.013426
0 0.045703 0.417361 0.012760 0.013426
0 0.146224 0.505556 0.013802 0.020370
0 0.280208 0.030324 0.007812 0.026389
0 0.263281 0.255324 0.007812 0.026389
0 0.221615 0.497454 0.008333 0.028241
0 0.222526 0.825463 0.007552 0.027778
0 0.388802 0.939583 0.006771 0.025463
0 0.438281 0.975694 0.014063 0.013426
0 0.382422 0.906481 0.013281 0.012963
0 0.389453 0.834259 0.007552 0.022222
0 0.417057 0.821296 0.014844 0.012037
0 0.941667 0.437500 0.013542 0.016667
0 0.784896 0.442593 0.013021 0.014815
0 0.502214 0.420833 0.013802 0.012037
0 0.383073 0.434491 0.017708 0.018056
0 0.339193 0.518056 0.011719 0.018519
0 0.719141 0.173611 0.010156 0.023148
0 0.732292 0.172917 0.010417 0.017130
0 0.858333 0.156481 0.008854 0.025000
0 0.941406 0.144213 0.010937 0.024537
0 0.951042 0.147917 0.010937 0.024537
