2 0.073698 0.349769 0.037500 0.026389
0 0.625000 0.656481 0.017708 0.027778
0 0.859245 0.167824 0.017969 0.016204
0 0.588542 0.631250 0.012500 0.021759
0 0.631120 0.694444 0.015885 0.025000
0 0.579688 0.219444 0.015104 0.029630
0 0.658464 0.710417 0.013281 0.022685
0 0.601953 0.204630 0.016406 0.026852
0 0.029036 0.515278 0.015885 0.016667
0 0.604036 0.098380 0.011198 0.019907
0 0.244792 0.383333 0.022396 0.018519
0 0.938151 0.303704 0.014844 0.016667
0 0.681641 0.761574 0.012240 0.027778
0 0.702474 0.840741 0.009635 0.026852
0 0.708464 0.938426 0.009635 0.026852
0 0.805078 0.829167 0.009635 0.026852
