0 0.868359 0.375926 0.016927 0.012037
0 0.355859 0.485648 0.011719 0.023148
0 0.391146 0.462963 0.015104 0.017593
0 0.517318 0.334028 0.017448 0.013426
0 0.569401 0.343056 0.016406 0.012963
0 0.254557 0.988426 0.008073 0.023148
0 0.410547 0.446296 0.013802 0.016667
0 0.386849 0.493981 0.013802 0.022222
0 0.375911 0.421759 0.008073 0.025926
0 0.456120 0.969676 0.015365 0.014352
0 0.466536 0.907870 0.013281 0.015741
0 0.407292 0.645370 0.009375 0.025926
0 0.227474 0.364120 0.007552 0.026389
0 0.434896 0.817824 0.015104 0.013426
0 0.384505 0.976620 0.007031 0.024537
0 0.348568 0.278472 0.010156 0.031019
0 0.359375 0.411111 0.009375 0.027778
0 0.949349 0.382176 0.014323 0.014352
0 0.451172 0.951620 0.012760 0.014352
2 0.969401 0.444907 0.034115 0.014815
0 0.142448 0.582639 0.009896 0.024537
0 0.430599 0.782407 0.012240 0.015741
0 0.843229 0.363194 0.018229 0.013426
0 0.407031 0.684722 0.007292 0.025000
0 0.321094 0.562037 0.012500 0.026852
0 0.044661 0.685185 0.017448 0.016667
0 0.763021 0.031250 0.011458 0.012500
0 0.231510 0.161574 0.016667 0.015741
0 0.166406 0.539815 0.015625 0.025000
0 0.047005 0.652546 0.012760 0.012500
0 0.433203 0.852778 0.012760 0.012037
0 0.701042 0.033102 0.018229 0.014352
0 0.406380 0.935880 0.008594 0.027315
0 0.257031 0.879861 0.008854 0.029167
0 0.506120 0.397685 0.013802 0.012963
0 0.430990 0.881481 0.015104 0.015741
0 0.258724 0.798380 0.007552 0.027315
0 0.273958 0.040509 0.007292 0.031019
2 0.866406 0.439583 0.028125 0.018981
0 0.406901 0.720833 0.005990 0.025926
0 0.268229 0.337037 0.006771 0.032407
0 0.748437 0.033333 0.012500 0.012963
0 0.532422 0.430556 0.012240 0.012963
0 0.046224 0.667824 0.012760 0.012500
0 0.270052 0.234722 0.006771 0.028704
0 0.276302 0.445833 0.006771 0.028704
0 0.351042 0.240509 0.008854 0.022685
0 0.259245 0.704398 0.007552 0.027315
0 0.303516 0.694444 0.010156 0.025000
0 0.279557 0.819907 0.008073 0.025926
0 0.385286 0.945370 0.007031 0.022222
0 0.405078 0.859491 0.006510 0.021759
0 0.405339 0.832639 0.006510 0.021759
0 0.433333 0.869444 0.015104 0.015741
0 0.435026 0.837037 0.012760 0.012037
0 0.431250 0.799769 0.011458 0.013426
0 0.406120 0.759954 0.009115 0.022685
0 0.630078 0.406944 0.014323 0.013889
0 0.968229 0.137731 0.011979 0.031019
0 0.956120 0.131944 0.010156 0.022222
0 0.873568 0.145370 0.010156 0.022222
0 0.697917 0.121991 0.013021 0.013426
0 0.732552 0.167361 0.009375 0.022685
0 0.745052 0.165509 0.010937 0.017130
