0 0.709505 0.677778 0.012760 0.023148
0 0.877865 0.584722 0.015104 0.020370
0 0.588542 0.192361 0.016146 0.016204
0 0.651823 0.622917 0.018750 0.018981
0 0.825521 0.615509 0.015625 0.020833
0 0.587109 0.590046 0.011719 0.014352
0 0.105599 0.536574 0.017969 0.016667
0 0.813932 0.103704 0.017969 0.021296
0 0.829167 0.796759 0.011979 0.028704
0 0.201302 0.578472 0.016667 0.016204
0 0.604297 0.232870 0.013281 0.025926
0 0.492448 0.228472 0.017708 0.017130
0 0.988802 0.447222 0.016667 0.020370
0 0.748958 0.893981 0.010417 0.027778
0 0.637891 0.184028 0.015365 0.021759
0 0.907031 0.496296 0.012500 0.028704
0 0.586198 0.284722 0.011458 0.030556
0 0.739974 0.812269 0.011198 0.028241
0 0.931510 0.507407 0.015625 0.023148
0 0.750000 0.968750 0.009896 0.031019
0 0.215365 0.221759 0.017708 0.012963
0 0.695833 0.687269 0.015104 0.021759
0 0.656901 0.013657 0.013802 0.026389
0 0.274609 0.240509 0.018490 0.018056
0 0.755990 0.836111 0.009896 0.026852
0 0.066667 0.247222 0.018229 0.020370
0 0.568229 0.206250 0.016146 0.018056
0 0.763932 0.011111 0.014323 0.021296
0 0.106380 0.431019 0.017969 0.016667
0 0.037109 0.344907 0.017969 0.016667
0 0.603125 0.289815 0.011458 0.030556
0 0.679036 0.027083 0.013802 0.030093
0 0.777865 0.046759 0.012500 0.031481
0 0.788542 0.015046 0.014063 0.026389
0 0.801823 0.058333 0.014583 0.026852
0 0.745703 0.098148 0.016406 0.017593
0 0.880078 0.129167 0.017969 0.021296
0 0.918099 0.133796 0.016406 0.014815
0 0.894531 0.465509 0.011458 0.031019
0 0.962240 0.522917 0.017708 0.024537
0 0.837500 0.868519 0.012500 0.034259
0 0.804557 0.931250 0.011198 0.032870
0 0.818490 0.979861 0.009375 0.029167
0 0.734375 0.738194 0.009896 0.023611
0 0.723047 0.753935 0.011719 0.024537
0 0.744661 0.772685 0.010677 0.030556
0 0.733333 0.781250 0.009896 0.026389
0 0.744010 0.848380 0.010417 0.028241
0 0.760547 0.947917 0.008594 0.029167
