0 0.912240 0.514352 0.015104 0.021296
0 0.812760 0.113657 0.016667 0.025463
0 0.577083 0.582407 0.018750 0.018519
0 0.775130 0.650926 0.016927 0.016667
0 0.678255 0.626389 0.015365 0.019444
0 0.745182 0.849074 0.010677 0.028704
0 0.594010 0.142130 0.015625 0.022222
0 0.521484 0.571991 0.017969 0.015278
0 0.657813 0.079861 0.011979 0.027315
0 0.848958 0.806481 0.013021 0.026852
0 0.882031 0.511574 0.013542 0.021296
0 0.728646 0.724537 0.011979 0.024074
0 0.732422 0.784028 0.010156 0.019907
0 0.699740 0.111111 0.018750 0.022222
0 0.739453 0.812500 0.011198 0.027778
0 0.775130 0.038426 0.013802 0.026852
0 0.713932 0.766204 0.013802 0.027778
0 0.732812 0.337500 0.017708 0.015741
0 0.882552 0.666435 0.011979 0.024537
0 0.569922 0.201852 0.013802 0.017593
0 0.338802 0.463889 0.018229 0.014815
0 0.684245 0.700694 0.014844 0.024537
0 0.170052 0.583333 0.022396 0.017593
0 0.861979 0.193056 0.014063 0.026852
0 0.127604 0.575231 0.018229 0.016204
0 0.342708 0.231481 0.018229 0.014815
0 0.038542 0.252315 0.021354 0.018519
0 0.587240 0.201620 0.015625 0.017130
0 0.444141 0.203009 0.019010 0.012500
0 0.612891 0.244676 0.014844 0.031944
0 0.592578 0.277083 0.014844 0.031944
0 0.555990 0.373380 0.017188 0.017130
0 0.803646 0.053935 0.016667 0.031944
0 0.860286 0.146065 0.013281 0.019907
0 0.870443 0.296759 0.017969 0.019444
0 0.833464 0.328241 0.017969 0.019444
0 0.880599 0.313426 0.017969 0.019444
0 0.840104 0.735880 0.011979 0.024537
0 0.698047 0.726157 0.014844 0.024537
0 0.710026 0.715972 0.014844 0.024537
0 0.736458 0.750926 0.011979 0.024074
0 0.744792 0.780093 0.011979 0.024074
2 0.724219 0.749537 0.019271 0.039815
0 0.752474 0.812731 0.011198 0.026389
0 0.758464 0.852778 0.010677 0.028704
0 0.748568 0.901389 0.010677 0.028704
0 0.760547 0.911111 0.010677 0.028704
0 0.749479 0.937500 0.009375 0.027778
0 0.759896 0.956250 0.008333 0.030093
