0 0.368099 0.465972 0.017448 0.024537
0 0.829948 0.367130 0.017188 0.014815
0 0.293750 0.075463 0.009375 0.027778
0 0.516797 0.209722 0.011198 0.024074
0 0.932422 0.374306 0.016927 0.013426
0 0.323307 0.496296 0.016927 0.022222
0 0.385156 0.644676 0.011979 0.025463
0 0.410156 0.784954 0.014583 0.014352
0 0.385547 0.686343 0.011198 0.024537
0 0.191406 0.185648 0.027604 0.032407
0 0.410156 0.849306 0.015625 0.014352
0 0.410547 0.805324 0.014844 0.013426
0 0.326562 0.522917 0.016146 0.024537
0 0.383594 0.763194 0.012500 0.019907
0 0.232031 0.573380 0.019792 0.018056
0 0.410547 0.883102 0.016406 0.018056
0 0.465495 0.397685 0.014844 0.015741
0 0.429688 0.957176 0.017708 0.018056
0 0.404948 0.460880 0.016146 0.019907
0 0.207422 0.361111 0.008594 0.032407
0 0.687109 0.432407 0.014844 0.015741
0 0.593750 0.407639 0.012500 0.016204
0 0.273047 0.560417 0.015885 0.020833
0 0.024089 0.409259 0.015885 0.016667
0 0.119271 0.578935 0.011458 0.025463
0 0.444271 0.911574 0.016146 0.016667
0 0.433594 0.400694 0.014583 0.018981
0 0.826432 0.426157 0.016406 0.018056
0 0.382292 0.277315 0.018750 0.024074
0 0.364844 0.950231 0.008854 0.027315
0 0.412630 0.833102 0.014323 0.013426
0 0.653776 0.415046 0.015365 0.015278
0 0.385547 0.724074 0.011198 0.022222
0 0.680599 0.127778 0.015885 0.012037
0 0.434375 0.975000 0.018750 0.015741
0 0.730208 0.038657 0.013021 0.015278
0 0.401823 0.412963 0.016146 0.015741
0 0.993099 0.453704 0.013802 0.018519
0 0.683724 0.039352 0.020052 0.015741
0 0.411328 0.868056 0.014323 0.016667
0 0.115495 0.479630 0.017448 0.023148
0 0.141406 0.504398 0.015625 0.025463
0 0.402995 0.301852 0.020052 0.017593
0 0.383594 0.835880 0.010417 0.028241
0 0.297656 0.625463 0.015104 0.027778
0 0.064974 0.457639 0.016927 0.020833
0 0.136849 0.537500 0.014323 0.027778
0 0.017578 0.684259 0.017969 0.018519
0 0.022526 0.650000 0.013802 0.015741
0 0.020964 0.666204 0.013802 0.015741
0 0.319922 0.242593 0.018490 0.026852
0 0.278516 0.168056 0.016927 0.019444
0 0.198307 0.152778 0.016927 0.019444
0 0.173828 0.173148 0.016927 0.019444
0 0.278125 0.116204 0.008333 0.033333
0 0.583464 0.422454 0.014844 0.015278
0 0.467318 0.421296 0.014844 0.015741
0 0.361068 0.453472 0.017448 0.024537
0 0.744010 0.037731 0.013021 0.015278
0 0.714063 0.170833 0.012500 0.025000
0 0.725781 0.170833 0.012500 0.025000
0 0.852083 0.153009 0.009896 0.027315
0 0.945833 0.145139 0.009896 0.027315
0 0.936198 0.141435 0.009896 0.027315
0 0.567708 0.277083 0.013021 0.015278
0 0.383594 0.864120 0.008333 0.027315
0 0.384115 0.939583 0.008333 0.030093
0 0.362760 0.979861 0.008854 0.027315
0 0.443229 0.927315 0.016146 0.016667
