0 0.566536 0.375000 0.013802 0.014815
0 0.455339 0.353472 0.012760 0.014352
0 0.713151 0.368981 0.016406 0.015741
0 0.428646 0.458333 0.016146 0.016667
0 0.188021 0.209954 0.014063 0.023611
0 0.706120 0.052546 0.017448 0.016204
0 0.150000 0.597222 0.007812 0.026852
0 0.211458 0.213426 0.014063 0.018519
0 0.607422 0.377778 0.016927 0.015741
0 0.526823 0.451157 0.015104 0.014352
0 0.471745 0.923611 0.014844 0.016667
0 0.053646 0.667361 0.011979 0.014352
0 0.437109 0.798148 0.010677 0.010185
0 0.462370 0.987500 0.014844 0.011111
0 0.640234 0.379630 0.016927 0.015741
0 0.908984 0.378704 0.015885 0.015741
0 0.413411 0.302778 0.014844 0.020370
0 0.271484 0.187500 0.015365 0.015741
0 0.725651 0.445370 0.014844 0.012963
0 0.413281 0.661343 0.008854 0.029167
0 0.304557 0.135185 0.011719 0.022222
0 0.266927 0.714815 0.007292 0.028704
0 0.320833 0.156250 0.009375 0.027315
0 0.255208 0.604167 0.014583 0.020370
0 0.412760 0.774074 0.007292 0.024074
0 0.440104 0.868287 0.013542 0.016204
0 0.439193 0.884722 0.012760 0.012963
0 0.260807 0.946065 0.008073 0.033796
0 0.436458 0.813194 0.011979 0.015278
0 0.413411 0.735880 0.007552 0.028241
0 0.234896 0.381250 0.007292 0.026389
0 0.411589 0.952546 0.009115 0.028241
0 0.053385 0.683333 0.013542 0.012037
0 0.542448 0.418750 0.015104 0.015278
0 0.266406 0.807870 0.008333 0.030556
0 0.440365 0.834954 0.015104 0.013426
0 0.142839 0.496065 0.015885 0.019907
0 0.413281 0.699306 0.008333 0.022685
0 0.411458 0.876852 0.007812 0.022222
0 0.359375 0.323148 0.010417 0.032407
0 0.972005 0.152778 0.011719 0.028704
0 0.961589 0.149306 0.009115 0.023611
0 0.390365 0.990509 0.009375 0.018981
0 0.570573 0.436574 0.012500 0.012037
0 0.769010 0.449537 0.017188 0.018519
0 0.391536 0.963194 0.010677 0.024537
0 0.050911 0.701389 0.018490 0.013889
0 0.411458 0.850000 0.007812 0.022222
0 0.441146 0.851620 0.015104 0.013426
0 0.438021 0.898611 0.015625 0.012963
0 0.457161 0.967593 0.014844 0.016667
0 0.878255 0.164120 0.009115 0.023611
0 0.893880 0.012037 0.009115 0.023148
0 0.703255 0.140741 0.013802 0.015741
0 0.752995 0.052315 0.013802 0.015741
0 0.768880 0.049537 0.013802 0.013889
0 0.751432 0.182407 0.011198 0.016667
0 0.738932 0.184954 0.009635 0.022685
0 0.302083 0.021065 0.009375 0.027315
0 0.279687 0.033565 0.007292 0.026389
0 0.339974 0.257639 0.016927 0.023611
0 0.276693 0.286574 0.006510 0.025926
0 0.282161 0.378241 0.006510 0.025926
0 0.868099 0.377778 0.015885 0.015741
0 0.628516 0.358796 0.016927 0.015741
0 0.282422 0.428704 0.006510 0.025926
0 0.270703 0.499537 0.006510 0.025926
0 0.281641 0.509259 0.005469 0.025000
0 0.275781 0.718056 0.007292 0.028704
0 0.274219 0.868519 0.008333 0.030556
0 0.158594 0.249306 0.014063 0.023611
