0 0.632031 0.631481 0.018229 0.018519
0 0.685286 0.697917 0.015365 0.024537
0 0.808724 0.129861 0.020573 0.022685
0 0.866927 0.585417 0.016146 0.024537
0 0.177604 0.538426 0.018750 0.016667
0 0.280469 0.572454 0.016667 0.013426
0 0.931771 0.526389 0.015104 0.017593
0 0.229036 0.575694 0.015365 0.014352
0 0.475391 0.389352 0.015885 0.015741
0 0.640104 0.183796 0.017188 0.021296
0 0.727344 0.807176 0.011458 0.023611
0 0.406120 0.404398 0.019010 0.016204
0 0.713802 0.763194 0.011979 0.028241
0 0.327734 0.233102 0.014844 0.015278
0 0.809115 0.069444 0.013542 0.027778
0 0.949609 0.524306 0.016927 0.019907
0 0.754818 0.125694 0.019531 0.016204
0 0.735547 0.848843 0.010156 0.029167
0 0.800260 0.665278 0.015625 0.017593
2 0.707031 0.706944 0.025000 0.045370
0 0.112891 0.562500 0.018490 0.015741
0 0.236979 0.228009 0.016146 0.017130
0 0.355469 0.232639 0.018229 0.014352
0 0.308333 0.235185 0.015104 0.014815
0 0.794792 0.365972 0.025000 0.018981
0 0.379427 0.234028 0.020313 0.013426
0 0.773698 0.352083 0.028646 0.019907
0 0.419271 0.236343 0.016146 0.017130
0 0.461719 0.233102 0.016146 0.017130
0 0.493620 0.235880 0.019531 0.016204
0 0.521094 0.236806 0.016667 0.014352
0 0.544271 0.225694 0.016667 0.014352
0 0.573568 0.224769 0.019531 0.016204
0 0.628255 0.395833 0.015885 0.015741
0 0.680208 0.056250 0.014583 0.021759
0 0.782031 0.058333 0.013542 0.027778
0 0.775911 0.026852 0.010677 0.030556
0 0.867188 0.215278 0.013542 0.027778
0 0.890365 0.222685 0.013542 0.027778
0 0.915234 0.487731 0.012240 0.026389
0 0.898438 0.662731 0.016146 0.024537
0 0.725781 0.760417 0.011979 0.028241
0 0.739193 0.798148 0.011198 0.026852
0 0.747266 0.849306 0.011198 0.024537
0 0.750651 0.903241 0.009635 0.033333
0 0.739453 0.898611 0.009115 0.027778
0 0.741016 0.946296 0.009115 0.027778
0 0.740495 0.979167 0.009115 0.027778
0 0.751172 0.986111 0.009115 0.027778
