0 0.729948 0.357639 0.021875 0.015278
0 0.391797 0.446991 0.015365 0.018981
0 0.461068 0.327083 0.020052 0.013426
0 0.370703 0.903935 0.014844 0.016204
0 0.675260 0.352546 0.025521 0.018056
0 0.289714 0.172917 0.012240 0.027315
0 0.410417 0.804630 0.015625 0.012037
1 0.045573 0.335185 0.030729 0.025000
0 0.386979 0.645370 0.009375 0.028704
0 0.347005 0.500463 0.017448 0.025926
0 0.609245 0.365278 0.020052 0.015741
0 0.807552 0.423611 0.014583 0.014815
0 0.410286 0.409028 0.016406 0.017130
0 0.911458 0.390509 0.019271 0.017130
0 0.184375 0.575694 0.016667 0.021759
0 0.119922 0.578704 0.011198 0.031481
0 0.709115 0.434954 0.018229 0.016204
0 0.305339 0.228704 0.016927 0.028704
2 0.984635 0.378241 0.030729 0.021296
0 0.293229 0.612963 0.011979 0.031481
0 0.314844 0.543981 0.015625 0.026852
0 0.295573 0.536343 0.015625 0.021759
0 0.430339 0.954861 0.016927 0.015278
0 0.343099 0.365972 0.009635 0.031944
0 0.448047 0.400694 0.019531 0.016204
0 0.786068 0.440741 0.017448 0.012963
0 0.576042 0.361343 0.018750 0.014352
0 0.152865 0.515278 0.015625 0.022222
0 0.411198 0.846991 0.016146 0.014352
0 0.414193 0.835417 0.014844 0.013426
0 0.185417 0.062269 0.010417 0.031019
0 0.683594 0.038657 0.018229 0.017130
0 0.434896 0.972685 0.015625 0.014815
0 0.409245 0.881481 0.016927 0.015741
0 0.386979 0.686574 0.009375 0.026852
0 0.410547 0.781019 0.016406 0.012037
0 0.854297 0.153704 0.009115 0.025926
0 0.208854 0.359722 0.009375 0.029630
0 0.551172 0.408796 0.014844 0.025926
0 0.564323 0.411343 0.016146 0.025463
0 0.516146 0.340741 0.018750 0.015741
0 0.745964 0.037269 0.014323 0.013426
0 0.411719 0.865972 0.015104 0.015278
0 0.419141 0.451157 0.017969 0.018981
0 0.735286 0.418750 0.015885 0.016204
0 0.363672 0.979167 0.010677 0.026852
0 0.444792 0.908333 0.015104 0.016667
0 0.980469 0.455787 0.016146 0.016204
0 0.365104 0.948380 0.008333 0.026389
0 0.385547 0.760185 0.008073 0.025000
0 0.605469 0.415741 0.016146 0.027778
0 0.731120 0.037731 0.014323 0.014352
0 0.383594 0.864583 0.009375 0.021759
0 0.383854 0.936806 0.010417 0.028241
0 0.093099 0.282639 0.017448 0.023611
0 0.387370 0.720602 0.009635 0.026389
0 0.025260 0.311111 0.016667 0.019444
0 0.123828 0.341204 0.010156 0.036111
0 0.070833 0.431019 0.015625 0.022222
0 0.022266 0.646296 0.014323 0.014815
0 0.021224 0.662500 0.014323 0.014815
0 0.019401 0.682639 0.020052 0.017130
0 0.278906 0.693750 0.009375 0.030093
0 0.248177 0.694676 0.009375 0.030093
0 0.335547 0.481944 0.017448 0.025926
0 0.383724 0.834259 0.008073 0.025000
0 0.439063 0.921296 0.015104 0.016667
0 0.948047 0.144444 0.009115 0.025926
0 0.936849 0.141667 0.009115 0.025926
0 0.728125 0.169444 0.012500 0.021296
0 0.715755 0.171991 0.012240 0.028241
0 0.680859 0.127315 0.013281 0.014815
