0 0.987370 0.126389 0.010156 0.012963
0 0.711328 0.742361 0.013281 0.031944
0 0.706901 0.774074 0.012240 0.025926
0 0.670833 0.665278 0.015625 0.024074
0 0.007812 0.350231 0.015104 0.018981
0 0.667057 0.114120 0.014323 0.024537
0 0.526432 0.597685 0.016927 0.015741
0 0.726432 0.090741 0.020573 0.022222
0 0.186589 0.383796 0.020052 0.020370
0 0.625521 0.174074 0.015104 0.024074
0 0.448437 0.583102 0.018750 0.018056
0 0.702344 0.101389 0.018750 0.023148
0 0.745182 0.872685 0.009115 0.023148
0 0.801693 0.110185 0.020573 0.022222
0 0.870703 0.302546 0.017448 0.015278
0 0.682161 0.718750 0.013281 0.027315
0 0.584115 0.280324 0.013021 0.030093
0 0.060937 0.535880 0.018750 0.017130
0 0.646745 0.660417 0.017448 0.018981
0 0.731510 0.868056 0.009375 0.023148
0 0.410286 0.194676 0.020573 0.018981
0 0.057422 0.345833 0.020052 0.020370
0 0.302214 0.399306 0.020052 0.014352
0 0.468359 0.184491 0.020052 0.014352
0 0.510026 0.210880 0.020052 0.014352
0 0.792839 0.036806 0.012760 0.027315
0 0.773568 0.029861 0.012760 0.027315
0 0.976172 0.537963 0.018490 0.026852
0 0.731120 0.803704 0.012240 0.025926
0 0.721745 0.815741 0.012240 0.025926
0 0.739193 0.842593 0.012240 0.025926
0 0.735156 0.920833 0.010417 0.031481
0 0.744792 0.936111 0.010417 0.031481
0 0.735677 0.961111 0.010417 0.031481
0 0.794792 0.975000 0.010417 0.031481
