0 0.910156 0.269676 0.013542 0.021759
0 0.423307 0.333565 0.019531 0.014352
0 0.808854 0.363889 0.014583 0.014815
0 0.304297 0.194676 0.017448 0.030093
0 0.332943 0.292593 0.012760 0.023148
0 0.414193 0.804630 0.014323 0.012963
0 0.148958 0.242361 0.014583 0.019907
0 0.293099 0.567361 0.014323 0.020833
0 0.388802 0.686343 0.008854 0.026389
0 0.413411 0.785417 0.013802 0.014352
0 0.447266 0.911574 0.014323 0.012037
0 0.389974 0.648148 0.008073 0.030556
0 0.367057 0.470833 0.013802 0.022222
0 0.279036 0.037037 0.007031 0.026852
0 0.393099 0.451389 0.013802 0.017593
0 0.511328 0.418056 0.021094 0.017593
0 0.416667 0.434259 0.011979 0.015741
0 0.209896 0.361574 0.009375 0.025926
0 0.122917 0.578472 0.009375 0.027315
0 0.415495 0.820833 0.014323 0.012963
0 0.280208 0.096296 0.007812 0.025000
0 0.391536 0.425231 0.021094 0.027315
0 0.417969 0.840972 0.015625 0.014352
0 0.433073 0.956019 0.017188 0.012037
0 0.390234 0.724074 0.008073 0.021296
0 0.748568 0.038426 0.013281 0.012963
0 0.330599 0.476620 0.009635 0.021759
0 0.412760 0.883565 0.016146 0.012500
0 0.182292 0.196296 0.016146 0.022222
0 0.686719 0.035880 0.015104 0.018981
0 0.684505 0.125926 0.010677 0.012037
0 0.059245 0.334954 0.015885 0.016204
0 0.366016 0.979630 0.006510 0.022222
0 0.515885 0.340972 0.019271 0.013426
0 0.856120 0.152083 0.008594 0.024537
0 0.539453 0.420833 0.015885 0.015741
0 0.449740 0.401157 0.015104 0.014352
0 0.482552 0.416435 0.021875 0.018056
0 0.366146 0.949537 0.006771 0.024074
0 0.388542 0.760417 0.008854 0.023611
0 0.155078 0.514352 0.015365 0.022222
0 0.426172 0.403241 0.014323 0.015741
0 0.439714 0.424769 0.012760 0.015278
0 0.416146 0.855556 0.011979 0.012037
0 0.415365 0.868750 0.014063 0.010648
0 0.387370 0.835185 0.006510 0.027778
0 0.386719 0.860880 0.005729 0.017130
0 0.387370 0.936343 0.007552 0.021759
0 0.436849 0.974074 0.013802 0.013889
0 0.246224 0.911111 0.006510 0.018519
0 0.266797 0.866204 0.008073 0.023148
0 0.242318 0.679398 0.005990 0.020833
0 0.283854 0.550463 0.013021 0.017593
0 0.222656 0.572222 0.013021 0.011111
0 0.059896 0.443056 0.014583 0.015741
0 0.260547 0.321759 0.006510 0.026852
0 0.256771 0.499074 0.005729 0.029630
0 0.246354 0.509491 0.005729 0.022685
0 0.347135 0.353009 0.007812 0.021759
0 0.356380 0.459259 0.011198 0.023148
0 0.477604 0.398148 0.012500 0.012037
0 0.502734 0.398611 0.013802 0.012037
0 0.560417 0.421528 0.015625 0.014352
0 0.710026 0.436574 0.010156 0.012963
0 0.940365 0.142593 0.007292 0.021296
0 0.950130 0.146759 0.009635 0.025926
0 0.717057 0.171065 0.010677 0.018056
0 0.730990 0.171296 0.011458 0.012037
0 0.733984 0.038889 0.011198 0.010185
0 0.336589 0.202546 0.014844 0.018981
0 0.290234 0.080093 0.007552 0.025926
0 0.265495 0.058102 0.011198 0.025463
0 0.125911 0.237731 0.012760 0.023611
0 0.025781 0.648611 0.013542 0.010185
0 0.024479 0.664583 0.013021 0.010648
0 0.022135 0.684259 0.015104 0.015741
0 0.571484 0.278009 0.010677 0.012500
