0 0.570312 0.609722 0.013021 0.022222
0 0.662370 0.681944 0.016406 0.012963
0 0.453906 0.596759 0.014063 0.013889
0 0.770573 0.155556 0.014063 0.014815
0 0.750651 0.096296 0.012760 0.022222
0 0.680469 0.827546 0.008854 0.018056
0 0.640495 0.720139 0.011719 0.019907
0 0.337370 0.466898 0.014844 0.015278
0 0.738542 0.118981 0.011979 0.022222
2 0.409635 0.256944 0.020313 0.017593
2 0.760417 0.432176 0.043229 0.029167
0 0.611979 0.118750 0.012500 0.020833
0 0.929948 0.540278 0.014583 0.018519
0 0.694010 0.955324 0.007292 0.023611
0 0.289323 0.484028 0.014583 0.011574
0 0.832943 0.165046 0.014844 0.014352
0 0.625130 0.069907 0.010677 0.022222
0 0.435937 0.256250 0.014583 0.014352
0 0.460156 0.252546 0.014583 0.014352
0 0.481510 0.250231 0.014583 0.014352
0 0.503646 0.245139 0.014583 0.014352
0 0.524219 0.234954 0.014583 0.014352
0 0.560417 0.199306 0.009375 0.018981
1 0.388021 0.407176 0.022396 0.016204
0 0.263281 0.420139 0.014583 0.011574
0 0.022917 0.381019 0.017188 0.016667
0 0.075000 0.392130 0.017188 0.016667
0 0.117448 0.568519 0.015104 0.015741
0 0.640755 0.754398 0.011719 0.019907
0 0.671224 0.787037 0.009635 0.020370
0 0.694792 0.839120 0.009896 0.026389
0 0.687500 0.870602 0.009896 0.026389
0 0.692578 0.905556 0.009115 0.025000
0 0.762630 0.874537 0.009115 0.025000
0 0.855599 0.639352 0.010677 0.021296
0 0.812370 0.595370 0.010677 0.021296
0 0.863672 0.481944 0.009635 0.025000
0 0.795573 0.338194 0.012500 0.010648
0 0.969792 0.291898 0.014063 0.014352
