0 0.612109 0.593287 0.015365 0.025463
0 0.689844 0.727083 0.014063 0.023611
0 0.528255 0.410185 0.020573 0.016667
0 0.557552 0.214815 0.020313 0.021296
0 0.682031 0.671528 0.016667 0.017130
0 0.704948 0.126157 0.015104 0.018056
0 0.238411 0.564120 0.014844 0.015278
0 0.736198 0.128241 0.017188 0.017593
0 0.153255 0.539352 0.013802 0.012037
0 0.585156 0.560185 0.013021 0.024074
0 0.773438 0.140046 0.016667 0.018056
0 0.649870 0.162269 0.017448 0.025463
0 0.770573 0.046991 0.013021 0.027315
0 0.720703 0.426157 0.016406 0.019907
0 0.091927 0.360648 0.016146 0.012963
0 0.151562 0.376389 0.016146 0.012963
0 0.242448 0.389352 0.016146 0.012963
0 0.312500 0.400463 0.016146 0.012963
0 0.399740 0.408796 0.016146 0.012963
0 0.187760 0.362731 0.017708 0.015278
0 0.622005 0.378241 0.020573 0.016667
0 0.685807 0.390741 0.020573 0.016667
0 0.634766 0.398148 0.020573 0.016667
0 0.803776 0.364352 0.020573 0.016667
0 0.861068 0.346759 0.020573 0.016667
0 0.903776 0.313889 0.020573 0.016667
0 0.944401 0.319907 0.020573 0.016667
0 0.799870 0.163426 0.015885 0.025000
0 0.782292 0.072454 0.013021 0.027315
0 0.577865 0.290972 0.013542 0.032870
0 0.652474 0.371991 0.022656 0.021759
2 0.716146 0.366667 0.031771 0.025926
0 0.980469 0.523843 0.016667 0.017130
0 0.707422 0.782870 0.012240 0.028704
0 0.721615 0.851852 0.010937 0.027778
0 0.722786 0.893750 0.009115 0.035648
0 0.723568 0.945370 0.008594 0.030556
0 0.722526 0.987731 0.008594 0.024537
0 0.760677 0.013889 0.013021 0.026852
