0 0.888021 0.136343 0.017708 0.017130
0 0.692448 0.650231 0.015625 0.020833
0 0.726823 0.722454 0.013021 0.026389
0 0.005599 0.549306 0.010677 0.014352
0 0.695573 0.693519 0.015104 0.023148
0 0.923698 0.584954 0.015625 0.025463
0 0.663021 0.638194 0.013021 0.019907
0 0.744401 0.847917 0.009635 0.023611
0 0.778516 0.110417 0.017448 0.018056
0 0.643620 0.172222 0.013802 0.026852
0 0.593620 0.268981 0.011198 0.027778
0 0.735547 0.796759 0.010677 0.026852
0 0.895573 0.556019 0.016146 0.025000
2 0.196094 0.218056 0.022917 0.016667
0 0.302995 0.571528 0.017448 0.014352
0 0.750521 0.818981 0.008333 0.027778
0 0.609245 0.208102 0.011719 0.025463
0 0.743099 0.775694 0.010677 0.023611
0 0.661198 0.070833 0.011979 0.026852
0 0.578776 0.212731 0.016927 0.017130
0 0.142318 0.353935 0.017448 0.014352
0 0.303776 0.212269 0.017448 0.014352
0 0.410547 0.206019 0.017448 0.014815
0 0.509766 0.375231 0.015365 0.016204
0 0.546224 0.387731 0.015365 0.016204
0 0.441797 0.568519 0.017448 0.014815
0 0.555339 0.214120 0.016927 0.017130
0 0.713151 0.109491 0.017448 0.018056
0 0.801302 0.052546 0.014063 0.026389
0 0.782943 0.049769 0.014844 0.031944
0 0.790495 0.021528 0.014323 0.026389
0 0.645443 0.588426 0.013802 0.024074
0 0.624349 0.544444 0.013281 0.026852
0 0.725391 0.754861 0.011719 0.024537
0 0.758724 0.911806 0.007552 0.028241
0 0.746745 0.902315 0.007552 0.025926
0 0.748047 0.968056 0.007552 0.028704
