0 0.814193 0.666435 0.022656 0.025463
0 0.947917 0.215509 0.018750 0.014352
2 0.095443 0.371296 0.024219 0.016667
0 0.956901 0.420602 0.019010 0.015278
0 0.612370 0.662269 0.014323 0.019907
0 0.566667 0.242593 0.015625 0.026852
0 0.697396 0.922917 0.013021 0.024537
0 0.657292 0.797222 0.010937 0.021296
0 0.651042 0.756019 0.015625 0.024074
1 0.598698 0.694444 0.039583 0.048148
0 0.802995 0.799306 0.010156 0.031019
0 0.604167 0.436111 0.016667 0.013889
0 0.484896 0.420370 0.021354 0.012963
2 0.598568 0.249306 0.025260 0.053241
0 0.905339 0.370370 0.020573 0.015741
0 0.016146 0.348843 0.019271 0.017130
