0 0.686458 0.733796 0.014583 0.032407
0 0.645964 0.166435 0.015885 0.018056
0 0.612240 0.211574 0.016146 0.027778
0 0.712630 0.683796 0.017969 0.014815
0 0.792448 0.372685 0.020313 0.016667
0 0.695443 0.134259 0.020052 0.017593
0 0.856250 0.176157 0.020313 0.021759
0 0.638802 0.656481 0.017708 0.022222
0 0.716016 0.976620 0.008073 0.028241
0 0.510807 0.228009 0.017969 0.017130
0 0.194271 0.346528 0.019792 0.015278
0 0.569010 0.211343 0.018229 0.018981
0 0.598437 0.564120 0.013542 0.021759
0 0.993750 0.182870 0.012500 0.011111
0 0.541927 0.222917 0.019271 0.018981
0 0.711198 0.828472 0.012500 0.028241
0 0.714583 0.883102 0.009896 0.027315
0 0.890885 0.179398 0.020313 0.021759
0 0.940104 0.187731 0.020313 0.021759
0 0.700781 0.777315 0.013021 0.033333
0 0.807682 0.762731 0.012240 0.030093
0 0.817578 0.820602 0.012240 0.030093
