0 0.713932 0.693981 0.016406 0.015741
0 0.669661 0.755093 0.011198 0.023148
0 0.313021 0.478472 0.015104 0.015278
0 0.523698 0.617361 0.015104 0.015278
0 0.375130 0.248843 0.011719 0.018981
0 0.560547 0.633565 0.017448 0.021759
0 0.620052 0.692593 0.014063 0.021296
0 0.310026 0.586343 0.016406 0.017130
0 0.702604 0.143056 0.017188 0.018519
0 0.830208 0.234954 0.013021 0.022685
0 0.343620 0.231250 0.012760 0.012500
0 0.662240 0.774769 0.009896 0.022685
0 0.951172 0.186343 0.014323 0.015278
0 0.836198 0.361574 0.019271 0.017593
2 0.818620 0.345602 0.023177 0.021759
2 0.694661 0.370139 0.019531 0.018056
0 0.620833 0.179861 0.013542 0.018981
0 0.724870 0.021759 0.009115 0.024074
0 0.736849 0.058796 0.011719 0.023148
0 0.724089 0.071991 0.009635 0.021759
0 0.733984 0.099306 0.009635 0.021759
0 0.753385 0.094444 0.011458 0.022222
0 0.783333 0.159491 0.015104 0.018056
0 0.822005 0.175694 0.013281 0.017130
0 0.679036 0.784722 0.008594 0.020370
0 0.673047 0.808565 0.010677 0.024537
0 0.689323 0.820833 0.008854 0.021296
0 0.681771 0.838889 0.009375 0.025000
0 0.694271 0.854630 0.009375 0.025000
0 0.685286 0.878472 0.009115 0.022685
0 0.699349 0.893056 0.009635 0.024074
0 0.691276 0.921528 0.008073 0.024537
0 0.702734 0.935417 0.008073 0.024537
0 0.779687 0.915046 0.010417 0.028241
2 0.716536 0.037269 0.012760 0.033796
0 0.529687 0.242130 0.014583 0.015741
0 0.497266 0.250463 0.017969 0.017593
0 0.478125 0.256481 0.013542 0.014815
0 0.462370 0.255324 0.014844 0.013426
0 0.436458 0.256481 0.011979 0.014815
0 0.427083 0.229167 0.011979 0.014815
0 0.414062 0.252546 0.016146 0.017130
0 0.217188 0.247685 0.013542 0.015741
0 0.377865 0.421528 0.014583 0.014352
0 0.267448 0.580787 0.017188 0.014352
0 0.096875 0.381944 0.015625 0.012963
