0 0.645052 0.710417 0.013021 0.025463
0 0.348438 0.203241 0.018229 0.012037
0 0.045833 0.380787 0.018229 0.013426
0 0.586068 0.287037 0.011198 0.021296
0 0.637109 0.186574 0.013281 0.022222
0 0.631250 0.670602 0.015625 0.026389
0 0.798047 0.151620 0.016927 0.018981
0 0.075651 0.201157 0.016927 0.012500
0 0.768099 0.075694 0.014844 0.031944
0 0.659896 0.678935 0.015104 0.023611
0 0.607682 0.587963 0.014844 0.030556
0 0.787760 0.075463 0.011458 0.022222
0 0.747266 0.135417 0.019010 0.019907
0 0.847266 0.203472 0.015885 0.027315
0 0.155208 0.355324 0.020833 0.013426
0 0.676432 0.145833 0.016927 0.023148
0 0.717708 0.905324 0.008333 0.027315
0 0.935026 0.190278 0.016927 0.016667
0 0.352734 0.377546 0.016927 0.012500
0 0.463411 0.405324 0.016927 0.012500
0 0.512500 0.230093 0.026042 0.017593
0 0.768490 0.026389 0.011458 0.022222
0 0.857943 0.623843 0.015885 0.027315
0 0.844401 0.737269 0.016406 0.033796
0 0.700260 0.783796 0.011458 0.030556
