0 0.262240 0.432870 0.017188 0.015741
0 0.541146 0.650463 0.017708 0.016667
0 0.083854 0.554630 0.025521 0.016667
0 0.777995 0.893981 0.010677 0.031481
0 0.231771 0.587269 0.013542 0.016204
0 0.154688 0.410417 0.017708 0.018056
0 0.013411 0.411574 0.016927 0.014815
0 0.649089 0.097685 0.011719 0.026852
0 0.865885 0.713194 0.011979 0.022685
0 0.031380 0.376620 0.018490 0.018056
0 0.018750 0.350231 0.013542 0.016204
0 0.405990 0.440972 0.016667 0.013426
0 0.537500 0.422917 0.016667 0.013426
0 0.573698 0.318981 0.010937 0.027778
0 0.657292 0.027546 0.009896 0.027315
0 0.905208 0.358565 0.019271 0.017130
0 0.792448 0.944676 0.011979 0.025463
