0 0.628646 0.650926 0.013542 0.026852
0 0.573307 0.550463 0.011719 0.028704
0 0.610938 0.588426 0.013021 0.023148
2 0.309245 0.369907 0.033073 0.018519
0 0.685807 0.720602 0.013802 0.026389
0 0.105469 0.351389 0.021875 0.014815
0 0.893229 0.605093 0.016667 0.028704
0 0.835286 0.411111 0.020052 0.017593
0 0.923438 0.165972 0.021354 0.018056
0 0.716146 0.860880 0.010937 0.032870
0 0.137240 0.356019 0.018229 0.013889
0 0.686849 0.126389 0.020052 0.022222
0 0.584375 0.206713 0.013542 0.027315
0 0.960677 0.535185 0.016146 0.024074
0 0.719271 0.115741 0.017708 0.015741
0 0.264844 0.381944 0.018229 0.013889
0 0.216146 0.196759 0.018229 0.013889
0 0.338802 0.218519 0.018229 0.013889
0 0.045573 0.330093 0.018229 0.013889
0 0.628125 0.122454 0.013542 0.027315
0 0.567969 0.261343 0.013542 0.027315
0 0.580990 0.298380 0.013542 0.027315
0 0.944661 0.320370 0.020052 0.017593
0 0.962109 0.290741 0.020052 0.017593
0 0.584766 0.508333 0.011719 0.028704
0 0.705078 0.781713 0.013802 0.026389
0 0.864844 0.671528 0.018750 0.035648
0 0.717969 0.957639 0.010937 0.032870
