0 0.658203 0.630324 0.013802 0.022685
0 0.270833 0.573843 0.017188 0.014352
0 0.693880 0.709954 0.012760 0.025463
0 0.718099 0.774537 0.012760 0.026852
0 0.593359 0.594444 0.015885 0.018519
0 0.673177 0.129630 0.016667 0.025926
0 0.901563 0.530556 0.015625 0.025926
0 0.655208 0.653241 0.014583 0.019444
0 0.725391 0.710880 0.010677 0.023611
0 0.045052 0.417824 0.016667 0.016204
2 0.827865 0.111806 0.024479 0.020833
0 0.735807 0.659954 0.017969 0.014352
0 0.780469 0.105556 0.018229 0.021296
0 0.175911 0.575231 0.019531 0.016204
0 0.503385 0.568981 0.015104 0.013889
0 0.868490 0.577083 0.013021 0.026389
0 0.643229 0.159722 0.015625 0.022222
0 0.013802 0.500000 0.016667 0.018519
0 0.855469 0.693519 0.010937 0.032407
0 0.598047 0.190509 0.013802 0.019907
0 0.551432 0.436111 0.017448 0.016667
0 0.749479 0.803935 0.010417 0.027315
0 0.547917 0.213194 0.019792 0.018056
0 0.512630 0.221065 0.015885 0.016204
0 0.244401 0.450694 0.018490 0.016204
0 0.884505 0.127778 0.019531 0.016667
0 0.800260 0.057639 0.013542 0.025463
0 0.490625 0.193519 0.015104 0.016667
0 0.079948 0.351157 0.016667 0.016204
0 0.055208 0.245602 0.016667 0.016204
0 0.339453 0.382176 0.018490 0.016204
0 0.588672 0.312500 0.010677 0.029630
0 0.779818 0.053704 0.010677 0.023148
0 0.933724 0.132870 0.015885 0.016667
0 0.988542 0.128009 0.019271 0.019907
0 0.949219 0.537037 0.017708 0.024074
0 0.975521 0.510185 0.017708 0.024074
0 0.733984 0.743519 0.012240 0.025926
0 0.744401 0.773148 0.012240 0.025926
0 0.754818 0.835880 0.011198 0.029167
0 0.729948 0.823611 0.009896 0.023148
0 0.757161 0.867593 0.009115 0.024074
0 0.747135 0.894676 0.008333 0.030093
0 0.758594 0.926389 0.007292 0.025000
0 0.759896 0.987500 0.007292 0.025000
0 0.784896 0.012963 0.013542 0.025000
