0 0.886068 0.569444 0.013802 0.022222
0 0.652995 0.089583 0.011198 0.022685
0 0.746745 0.812269 0.009635 0.023611
0 0.724089 0.737269 0.012760 0.028241
0 0.696224 0.713657 0.013281 0.020833
0 0.837240 0.140509 0.015625 0.021759
0 0.916146 0.509028 0.015104 0.019907
0 0.643750 0.603472 0.015625 0.021759
0 0.314844 0.575694 0.017708 0.017130
2 0.609245 0.177546 0.021615 0.028241
0 0.500391 0.569907 0.016927 0.017593
0 0.951042 0.481019 0.013542 0.018519
0 0.723177 0.696296 0.011458 0.024074
0 0.719922 0.656481 0.013281 0.014815
0 0.825391 0.079861 0.014323 0.024537
0 0.329688 0.214120 0.015625 0.018056
0 0.086849 0.233796 0.015885 0.013889
0 0.759375 0.853241 0.009375 0.027778
0 0.738672 0.093056 0.015365 0.017593
0 0.731250 0.821759 0.009375 0.025926
0 0.735547 0.783565 0.011198 0.026389
0 0.609896 0.444907 0.016667 0.016667
0 0.638151 0.563889 0.014323 0.023148
0 0.706250 0.704167 0.012500 0.019444
0 0.739323 0.740509 0.012500 0.028241
0 0.753516 0.799769 0.009635 0.023611
0 0.750521 0.866898 0.009375 0.025463
0 0.742969 0.902083 0.009375 0.025463
0 0.752995 0.922917 0.009115 0.025463
0 0.762500 0.956481 0.007292 0.022222
0 0.753646 0.970139 0.007292 0.022685
0 0.857943 0.757639 0.011198 0.027315
0 0.857943 0.699306 0.010156 0.023611
0 0.927995 0.269907 0.015885 0.018519
0 0.896745 0.121528 0.013281 0.013426
0 0.785677 0.019907 0.013542 0.026852
0 0.559766 0.204167 0.014844 0.015741
