0 0.923177 0.517361 0.015625 0.022685
0 0.769010 0.096065 0.018750 0.019907
0 0.510807 0.576852 0.018490 0.015741
0 0.474349 0.575231 0.014323 0.013426
0 0.707812 0.713657 0.012500 0.024537
0 0.677214 0.129398 0.016406 0.027315
0 0.883333 0.550463 0.015625 0.033333
0 0.432552 0.578472 0.017708 0.017130
0 0.746484 0.790741 0.010677 0.024074
0 0.654687 0.012731 0.015104 0.024537
0 0.786198 0.647454 0.018750 0.017130
0 0.719792 0.653009 0.015625 0.016204
0 0.848698 0.581250 0.015625 0.024537
0 0.478385 0.402083 0.016667 0.020833
0 0.187370 0.246759 0.017448 0.014815
0 0.123958 0.362731 0.017188 0.017130
0 0.810677 0.103935 0.018750 0.019907
0 0.686849 0.704861 0.014844 0.024537
0 0.736719 0.755556 0.013542 0.024074
0 0.908724 0.469676 0.013802 0.031019
0 0.550911 0.218519 0.014323 0.017593
0 0.793229 0.050000 0.016667 0.029630
0 0.609375 0.205324 0.011458 0.028241
0 0.741797 0.823611 0.010677 0.025926
0 0.503906 0.226620 0.019271 0.017130
0 0.732812 0.789352 0.010417 0.026852
0 0.021224 0.340278 0.017448 0.014815
2 0.139974 0.248380 0.025260 0.019907
0 0.619010 0.569676 0.013542 0.021759
0 0.462760 0.209722 0.020833 0.017593
0 0.118620 0.232639 0.018490 0.016204
0 0.582422 0.200463 0.017969 0.025000
0 0.601302 0.284722 0.010417 0.027778
0 0.779948 0.015509 0.014063 0.026389
0 0.713021 0.362500 0.018750 0.018519
0 0.658464 0.356713 0.017448 0.017130
0 0.967969 0.127778 0.019271 0.015741
0 0.939453 0.290278 0.018490 0.023148
0 0.976432 0.251157 0.016927 0.018056
0 0.989974 0.264583 0.017448 0.018981
0 0.808984 0.887963 0.009635 0.027778
0 0.630469 0.556944 0.014063 0.025926
2 0.609635 0.614352 0.021354 0.027778
0 0.718620 0.744907 0.011719 0.024074
0 0.759115 0.964583 0.008333 0.031944
0 0.749740 0.965509 0.008333 0.031944
0 0.748307 0.927546 0.007552 0.022685
0 0.758594 0.922454 0.008333 0.031944
0 0.757812 0.871065 0.008333 0.031944
0 0.746094 0.873843 0.008333 0.031944
2 0.726432 0.722222 0.017969 0.037037
