0 0.806250 0.114120 0.016667 0.023611
0 0.753776 0.818519 0.010677 0.025000
0 0.732422 0.776157 0.010677 0.026389
0 0.756641 0.872222 0.010156 0.025926
0 0.689974 0.650694 0.013802 0.020833
0 0.689974 0.680556 0.013802 0.020370
0 0.564323 0.160417 0.018229 0.018981
0 0.074740 0.401620 0.017708 0.016204
0 0.616146 0.184722 0.012500 0.025926
0 0.785417 0.009722 0.009896 0.018519
0 0.651823 0.158796 0.015104 0.024074
0 0.637500 0.604167 0.014063 0.023148
0 0.749089 0.906481 0.008594 0.027778
0 0.196875 0.385880 0.018229 0.018056
0 0.727344 0.725231 0.012500 0.024537
0 0.761719 0.090741 0.018750 0.016667
0 0.796224 0.042593 0.011198 0.023148
0 0.945964 0.133333 0.016927 0.017593
0 0.878776 0.691898 0.013802 0.026389
0 0.648438 0.586806 0.013021 0.020833
0 0.125521 0.221759 0.018229 0.017593
0 0.417969 0.377778 0.018229 0.017593
0 0.401042 0.227778 0.018229 0.017593
0 0.511198 0.217593 0.018229 0.017593
0 0.501823 0.393056 0.018229 0.017593
0 0.598568 0.512731 0.013281 0.029167
0 0.741797 0.822222 0.010677 0.025000
0 0.758594 0.931019 0.008854 0.027778
0 0.749349 0.972454 0.008594 0.027315
0 0.740625 0.353704 0.018750 0.016667
0 0.805339 0.340278 0.019010 0.016667
0 0.867969 0.317593 0.018750 0.016667
0 0.903125 0.308333 0.020313 0.019444
0 0.931901 0.272222 0.016927 0.014815
