0 0.052474 0.235185 0.019010 0.015741
0 0.643620 0.667593 0.017448 0.024074
0 0.608984 0.615509 0.014323 0.026389
0 0.695182 0.750463 0.013281 0.023148
0 0.154557 0.456481 0.020573 0.017593
0 0.517448 0.449074 0.018229 0.016667
0 0.694271 0.719444 0.016146 0.028704
0 0.479167 0.592593 0.017708 0.018519
0 0.163932 0.212963 0.020573 0.016667
0 0.970833 0.132639 0.016667 0.014352
0 0.714974 0.793519 0.013281 0.028704
0 0.726953 0.846991 0.012240 0.028241
0 0.944271 0.515972 0.017708 0.021759
0 0.732161 0.906019 0.010156 0.031481
0 0.908984 0.132407 0.021094 0.018519
0 0.851953 0.127778 0.019010 0.026852
0 0.603516 0.221065 0.014844 0.025463
0 0.789714 0.025926 0.018490 0.027778
0 0.738151 0.966435 0.010677 0.025463
0 0.648047 0.148380 0.020573 0.028241
0 0.723958 0.937731 0.008854 0.026389
0 0.551302 0.380093 0.018229 0.016667
0 0.603646 0.399074 0.018229 0.016667
0 0.712500 0.350926 0.018229 0.016667
0 0.635156 0.027315 0.016146 0.029630
0 0.728646 0.093750 0.020833 0.018981
0 0.767448 0.099306 0.020833 0.018981
0 0.838672 0.156944 0.015885 0.022222
0 0.767057 0.020833 0.018490 0.027778
0 0.855859 0.738426 0.014844 0.030556
