0 0.930208 0.531250 0.016146 0.018056
0 0.703516 0.725926 0.015365 0.029630
0 0.028255 0.214120 0.019010 0.015278
0 0.620182 0.634491 0.015365 0.017130
0 0.350391 0.583565 0.021094 0.018056
0 0.924870 0.602546 0.014844 0.023611
0 0.696875 0.103241 0.019271 0.016667
0 0.788932 0.330787 0.016927 0.018056
0 0.076693 0.229398 0.019010 0.015278
0 0.108984 0.359954 0.019010 0.015278
0 0.336849 0.407176 0.019010 0.015278
0 0.947005 0.296991 0.016927 0.018056
0 0.886328 0.684954 0.014844 0.023611
0 0.871745 0.559491 0.014844 0.023611
0 0.832422 0.628472 0.014844 0.023611
0 0.598437 0.537500 0.014063 0.028704
0 0.744922 0.900231 0.010156 0.032870
