0 0.608594 0.622454 0.015625 0.016204
0 0.921615 0.539583 0.015625 0.020833
2 0.671875 0.696528 0.017708 0.027315
0 0.842318 0.625231 0.013802 0.019907
0 0.595703 0.552083 0.011198 0.023611
0 0.885547 0.563426 0.009635 0.022222
0 0.709635 0.776852 0.011458 0.024074
0 0.851302 0.173611 0.013542 0.022222
0 0.534505 0.403009 0.016927 0.015278
2 0.714323 0.748380 0.017708 0.034722
0 0.711589 0.834722 0.009635 0.023148
0 0.671224 0.069444 0.012760 0.027778
0 0.763672 0.672685 0.013802 0.014815
0 0.154427 0.211343 0.016146 0.014352
0 0.179948 0.433333 0.014063 0.016667
0 0.317708 0.228704 0.015625 0.012963
0 0.820964 0.145833 0.013281 0.021296
0 0.185026 0.205324 0.015365 0.012500
0 0.662109 0.164120 0.013281 0.024537
0 0.799089 0.071759 0.012760 0.022222
0 0.725781 0.841204 0.007812 0.021296
0 0.538802 0.468981 0.016146 0.014815
0 0.353906 0.226389 0.014063 0.013889
0 0.401562 0.230787 0.016667 0.015278
0 0.426563 0.233102 0.016667 0.015278
0 0.480729 0.234028 0.016667 0.015278
2 0.519271 0.231713 0.020833 0.016204
0 0.548958 0.225694 0.016667 0.015278
0 0.571354 0.220602 0.016667 0.015278
0 0.589323 0.211343 0.016667 0.015278
0 0.588411 0.275000 0.010677 0.022222
0 0.608203 0.259722 0.010677 0.022222
0 0.594141 0.325000 0.010677 0.022222
0 0.608594 0.532870 0.008854 0.020370
0 0.731641 0.910648 0.007552 0.025000
0 0.742708 0.905787 0.007292 0.022685
0 0.732812 0.979398 0.008854 0.025463
0 0.801042 0.871759 0.009896 0.023148
0 0.871615 0.703472 0.009896 0.019907
0 0.905208 0.469907 0.008333 0.025926
0 0.874089 0.245602 0.011198 0.019907
0 0.778906 0.016898 0.010417 0.023611
0 0.765365 0.016435 0.009896 0.021759
