0 0.625130 0.168519 0.014323 0.026852
0 0.803516 0.650231 0.017448 0.020833
0 0.808464 0.070602 0.017448 0.029167
0 0.691146 0.093519 0.021354 0.023148
0 0.034766 0.531019 0.021615 0.016667
0 0.611979 0.152083 0.015625 0.024537
0 0.629167 0.668519 0.018229 0.023148
0 0.615365 0.620370 0.012500 0.018519
0 0.858724 0.646065 0.013802 0.027315
0 0.992708 0.248380 0.014583 0.019907
0 0.244531 0.576852 0.016667 0.016667
0 0.528646 0.204167 0.017708 0.017593
0 0.702604 0.763657 0.013542 0.031944
0 0.665755 0.658102 0.016927 0.025463
0 0.814714 0.316204 0.020573 0.017593
0 0.891146 0.289815 0.019792 0.015741
0 0.842448 0.153009 0.016146 0.019907
0 0.341146 0.590741 0.018750 0.016667
0 0.561328 0.184722 0.017969 0.017593
0 0.797005 0.094676 0.018490 0.031019
0 0.244010 0.401389 0.019271 0.014815
0 0.055208 0.576852 0.019271 0.016667
0 0.719401 0.811806 0.013281 0.028241
0 0.114974 0.365741 0.017969 0.013889
0 0.333724 0.406019 0.017969 0.013889
0 0.616797 0.377315 0.020573 0.017593
0 0.533203 0.153241 0.017969 0.017593
0 0.784115 0.013657 0.017188 0.026389
0 0.768490 0.020833 0.016146 0.027778
0 0.908594 0.625463 0.017188 0.026852
0 0.573047 0.522222 0.013802 0.034259
0 0.639193 0.621528 0.016927 0.025463
0 0.820573 0.950694 0.011458 0.029167
0 0.740755 0.845370 0.010677 0.026852
0 0.743359 0.889583 0.010677 0.028241
0 0.733203 0.905787 0.010677 0.028241
0 0.746745 0.944676 0.010677 0.028241
2 0.720573 0.766435 0.021875 0.054167
0 0.737630 0.978704 0.008594 0.032407
