0 0.607943 0.669907 0.015885 0.018519
0 0.767578 0.672454 0.014323 0.018056
0 0.668099 0.743056 0.012240 0.023148
0 0.966146 0.172454 0.017708 0.014352
0 0.743620 0.149769 0.016406 0.018056
0 0.691016 0.825000 0.012240 0.023148
0 0.598047 0.159491 0.013281 0.029167
0 0.306641 0.593056 0.014323 0.014815
0 0.646354 0.740278 0.013542 0.024074
0 0.179427 0.237269 0.016146 0.014352
0 0.610286 0.703009 0.013802 0.019907
0 0.668620 0.792593 0.012240 0.025000
0 0.694010 0.945833 0.009375 0.025926
0 0.419010 0.261111 0.018750 0.014815
0 0.469010 0.262963 0.017188 0.013889
0 0.066927 0.587269 0.015625 0.017130
0 0.686458 0.867824 0.008854 0.027315
0 0.333984 0.409491 0.014323 0.015278
0 0.979557 0.299769 0.016406 0.017130
0 0.885026 0.322917 0.020052 0.022685
2 0.841797 0.359028 0.024740 0.023611
0 0.901823 0.190509 0.011979 0.013426
0 0.855469 0.182639 0.014583 0.015278
0 0.796224 0.171991 0.012760 0.013426
0 0.734766 0.106944 0.014323 0.028704
0 0.747396 0.093750 0.011979 0.024537
0 0.735417 0.059028 0.011979 0.024537
0 0.719271 0.064583 0.011979 0.024537
0 0.709115 0.025694 0.011979 0.024537
0 0.724219 0.026852 0.010937 0.023148
2 0.546875 0.227315 0.029167 0.032407
2 0.507812 0.248148 0.025000 0.025000
0 0.444792 0.257870 0.017188 0.013889
0 0.397005 0.258796 0.015365 0.014815
0 0.362891 0.258796 0.015365 0.014815
0 0.063281 0.243287 0.010937 0.015278
0 0.262370 0.401620 0.014844 0.016204
0 0.683724 0.791435 0.010677 0.023611
0 0.681250 0.834491 0.009375 0.023611
0 0.689844 0.906250 0.007292 0.025463
0 0.765755 0.892824 0.010156 0.026389
0 0.765234 0.891898 0.010156 0.026389
