0 0.560026 0.594213 0.010677 0.018981
0 0.712109 0.436343 0.017969 0.013426
0 0.966536 0.168981 0.016406 0.013889
0 0.645573 0.703472 0.015104 0.025463
0 0.836979 0.416435 0.016146 0.016204
0 0.584896 0.183796 0.016146 0.023148
0 0.013932 0.531019 0.010677 0.015741
0 0.677214 0.771065 0.010677 0.022685
0 0.014974 0.249074 0.013802 0.016667
0 0.693359 0.834028 0.011719 0.019907
0 0.737109 0.149306 0.010677 0.018981
0 0.614583 0.186806 0.014583 0.021759
0 0.130078 0.243519 0.017969 0.014815
0 0.109766 0.383333 0.014844 0.015741
0 0.173958 0.262269 0.016667 0.015278
0 0.217448 0.261574 0.019271 0.015741
0 0.599479 0.629861 0.013021 0.020833
0 0.848698 0.177546 0.019271 0.014352
0 0.764844 0.900694 0.010937 0.028241
0 0.544661 0.281944 0.012240 0.025000
0 0.956380 0.310648 0.014844 0.014815
0 0.814583 0.344444 0.016667 0.013889
0 0.700000 0.394444 0.016667 0.013889
0 0.739974 0.681944 0.014323 0.014815
0 0.819010 0.630324 0.012500 0.025463
0 0.673698 0.811111 0.010417 0.025926
0 0.689453 0.879167 0.010677 0.025926
0 0.701172 0.900463 0.010677 0.025926
0 0.694922 0.945833 0.010677 0.025926
0 0.685286 0.952315 0.010677 0.025926
0 0.705339 0.992824 0.009635 0.014352
0 0.520833 0.420370 0.016667 0.013889
0 0.482422 0.216667 0.019010 0.015741
0 0.531250 0.241898 0.012500 0.019907
0 0.625911 0.068981 0.012240 0.023148
0 0.646224 0.156944 0.011198 0.017593
0 0.707031 0.020602 0.010937 0.027315
0 0.715104 0.053935 0.010937 0.027315
0 0.724219 0.080324 0.011458 0.024537
0 0.741406 0.078009 0.011458 0.024537
0 0.752474 0.106250 0.013802 0.024537
0 0.799870 0.151620 0.015365 0.018056
2 0.457552 0.256250 0.029687 0.023611
2 0.505729 0.246065 0.029687 0.023611
0 0.255729 0.259722 0.019271 0.015741
0 0.308854 0.262963 0.018229 0.017593
0 0.052344 0.389583 0.013542 0.017130
