0 0.655729 0.655093 0.015625 0.024074
0 0.705599 0.740741 0.014323 0.028704
0 0.392839 0.578009 0.017448 0.017130
0 0.932031 0.526852 0.014583 0.016667
0 0.455339 0.579630 0.018490 0.019444
0 0.245312 0.571296 0.018750 0.016667
0 0.891667 0.521065 0.013021 0.029167
0 0.609245 0.574306 0.014844 0.026389
0 0.734505 0.787037 0.011719 0.025926
0 0.734375 0.849074 0.010417 0.025000
0 0.214062 0.364815 0.018750 0.021296
0 0.837630 0.125463 0.014844 0.024074
0 0.326432 0.232870 0.013802 0.016667
0 0.119792 0.360880 0.018750 0.020833
0 0.128906 0.224306 0.018750 0.016204
0 0.643750 0.606019 0.013021 0.025926
0 0.739323 0.889352 0.009375 0.029630
0 0.322526 0.565278 0.017969 0.015741
0 0.761068 0.687500 0.020052 0.016667
0 0.702865 0.136343 0.019792 0.023611
0 0.808854 0.121759 0.012500 0.022222
0 0.306120 0.233796 0.015885 0.014815
0 0.356120 0.233102 0.016406 0.016204
0 0.743880 0.835648 0.009635 0.025926
0 0.501823 0.408102 0.019792 0.018981
0 0.950911 0.523843 0.016927 0.018981
0 0.377214 0.233102 0.017448 0.015278
0 0.319271 0.395833 0.018750 0.021296
0 0.475260 0.393750 0.019792 0.018981
0 0.414714 0.234954 0.017448 0.015278
0 0.444922 0.234954 0.017448 0.015278
0 0.485807 0.234491 0.017448 0.015278
0 0.520964 0.234491 0.017448 0.015278
0 0.542839 0.226157 0.017448 0.015278
0 0.562760 0.228009 0.018750 0.018981
0 0.586719 0.215278 0.016667 0.018519
0 0.654948 0.186806 0.013542 0.025463
0 0.607031 0.243287 0.011458 0.024537
0 0.660156 0.049074 0.013542 0.026852
0 0.903385 0.158102 0.020313 0.018056
0 0.804557 0.059722 0.014844 0.024074
0 0.783724 0.060648 0.014844 0.024074
0 0.776563 0.025926 0.013021 0.026852
2 0.725000 0.748148 0.023438 0.050926
0 0.726693 0.802315 0.011719 0.025926
0 0.749349 0.892130 0.009115 0.025926
0 0.750000 0.946296 0.009375 0.029630
0 0.739844 0.934259 0.008854 0.028704
0 0.741146 0.981019 0.008854 0.028704
