0 0.610417 0.677546 0.014063 0.022685
0 0.676562 0.767130 0.010937 0.024074
0 0.430859 0.596991 0.013281 0.012500
0 0.650911 0.705787 0.011719 0.019907
0 0.114974 0.246759 0.014323 0.013889
0 0.615885 0.653935 0.014063 0.019907
0 0.810807 0.617361 0.012240 0.020833
0 0.669271 0.782870 0.010417 0.022222
0 0.811979 0.396991 0.017188 0.016204
0 0.681380 0.829167 0.010156 0.025000
0 0.572005 0.203009 0.011719 0.023611
0 0.522135 0.615278 0.014063 0.016667
0 0.688151 0.863889 0.009635 0.024074
0 0.648438 0.730787 0.012500 0.020833
0 0.841667 0.536343 0.010417 0.028241
0 0.157943 0.411343 0.015885 0.013426
0 0.628906 0.061111 0.009896 0.021296
0 0.765885 0.658565 0.013542 0.018981
0 0.702734 0.889352 0.007552 0.025000
0 0.534896 0.304630 0.012500 0.023148
0 0.537760 0.226389 0.014063 0.017593
0 0.719010 0.015972 0.010937 0.023611
2 0.515104 0.241667 0.019792 0.021296
0 0.492188 0.249769 0.013542 0.016204
0 0.469271 0.253472 0.016146 0.014352
0 0.448568 0.255787 0.013802 0.013426
0 0.197005 0.419444 0.014323 0.012037
2 0.694141 0.827083 0.013281 0.036574
0 0.694271 0.940741 0.006250 0.024074
0 0.706901 0.982639 0.007031 0.023611
0 0.817187 0.240741 0.010937 0.020370
0 0.764844 0.162037 0.014583 0.021296
0 0.975781 0.160880 0.013542 0.015278
