0 0.709115 0.643750 0.018229 0.021759
0 0.785547 0.099074 0.017969 0.019444
0 0.924479 0.511343 0.018229 0.027315
0 0.673047 0.129861 0.014323 0.024537
0 0.753255 0.813889 0.011719 0.028704
0 0.702474 0.701389 0.017969 0.027778
0 0.721875 0.703704 0.013542 0.026852
0 0.612240 0.188657 0.015104 0.030093
0 0.064583 0.573611 0.017708 0.016667
0 0.956510 0.475231 0.016146 0.025463
0 0.673958 0.640972 0.017708 0.020833
0 0.328125 0.210880 0.018229 0.019907
0 0.551172 0.205787 0.016927 0.018981
0 0.039062 0.341667 0.018750 0.020370
0 0.671615 0.043287 0.012500 0.029167
0 0.606250 0.538426 0.015104 0.024074
0 0.877474 0.375000 0.020052 0.019444
0 0.746484 0.870370 0.011198 0.029630
0 0.294661 0.381713 0.016406 0.014352
0 0.398177 0.400926 0.017708 0.018519
0 0.332682 0.230324 0.020573 0.016204
0 0.618359 0.226852 0.012240 0.023148
0 0.949349 0.540509 0.017969 0.028241
0 0.876563 0.559028 0.017708 0.030093
0 0.829036 0.325463 0.020052 0.018519
2 0.751042 0.947222 0.014063 0.044444
0 0.759896 0.897454 0.008333 0.030093
0 0.738802 0.814120 0.011979 0.031019
0 0.736068 0.744907 0.012760 0.026852
0 0.724740 0.757176 0.014583 0.027315
