0 0.170443 0.295139 0.020052 0.013426
0 0.786198 0.601389 0.018750 0.016667
0 0.712891 0.844907 0.007552 0.027778
0 0.811458 0.093519 0.018750 0.023148
0 0.978255 0.312731 0.019010 0.016204
0 0.669271 0.643056 0.015625 0.032407
0 0.709245 0.765509 0.010156 0.024537
0 0.643490 0.592361 0.018750 0.025463
0 0.711068 0.991435 0.008594 0.017130
0 0.978776 0.131250 0.016927 0.012500
0 0.339323 0.307407 0.018229 0.014815
0 0.373698 0.500926 0.018229 0.014815
0 0.698698 0.076852 0.018750 0.021296
0 0.897396 0.273148 0.026042 0.024074
0 0.861198 0.529167 0.015104 0.027778
0 0.678646 0.707870 0.015625 0.032407
0 0.698438 0.721759 0.009375 0.025926
0 0.711849 0.802778 0.009115 0.028704
0 0.701953 0.847685 0.007552 0.027778
0 0.712630 0.907870 0.007552 0.027778
0 0.700391 0.946759 0.007552 0.027778
