0 0.677474 0.669907 0.022656 0.025000
0 0.819531 0.646528 0.014063 0.019907
0 0.986068 0.282870 0.017969 0.022222
0 0.365495 0.407639 0.022656 0.018056
0 0.139453 0.388657 0.019010 0.016204
0 0.769271 0.021528 0.015104 0.023611
0 0.410156 0.474306 0.018750 0.015278
0 0.283464 0.406481 0.019010 0.015741
0 0.289453 0.382407 0.019010 0.015741
2 0.065755 0.541898 0.036719 0.030093
0 0.768490 0.358102 0.018750 0.015278
0 0.455208 0.224306 0.018750 0.015278
0 0.461979 0.198380 0.018750 0.015278
0 0.576562 0.461806 0.018750 0.015278
0 0.815625 0.112731 0.015104 0.023611
0 0.858333 0.184491 0.015104 0.023611
0 0.891536 0.499537 0.010156 0.025000
0 0.833203 0.873611 0.010156 0.025000
0 0.806641 0.898843 0.010156 0.030093
0 0.818359 0.954167 0.009635 0.026852
