0 0.662109 0.638426 0.013802 0.019444
0 0.255208 0.571528 0.016667 0.014352
0 0.073438 0.564120 0.016667 0.011574
0 0.764323 0.096065 0.016146 0.016204
0 0.714714 0.103704 0.013802 0.018519
0 0.126042 0.534722 0.012500 0.015741
0 0.714453 0.728472 0.010677 0.018981
0 0.731901 0.788426 0.011719 0.022222
0 0.790365 0.096065 0.014063 0.018981
0 0.034635 0.563426 0.016667 0.012963
0 0.590365 0.273843 0.010937 0.031944
0 0.721875 0.646759 0.016146 0.012963
0 0.747656 0.791898 0.009375 0.021759
0 0.771875 0.033333 0.012500 0.025926
0 0.882031 0.498148 0.013021 0.022222
0 0.726302 0.759722 0.011458 0.020370
0 0.991797 0.484954 0.016406 0.023611
0 0.596224 0.590741 0.013802 0.015741
0 0.754948 0.840509 0.009896 0.028241
0 0.508464 0.225231 0.012760 0.011574
0 0.541276 0.218750 0.016406 0.015278
0 0.744010 0.842130 0.009375 0.022222
0 0.732422 0.738426 0.012240 0.025000
2 0.566016 0.383333 0.024219 0.015741
2 0.570703 0.207639 0.023177 0.022685
0 0.528646 0.183102 0.016146 0.015278
0 0.063672 0.242824 0.021094 0.015278
0 0.480859 0.226389 0.016927 0.015741
0 0.721745 0.701157 0.011198 0.020833
0 0.749089 0.975231 0.008073 0.022685
0 0.747917 0.932870 0.008333 0.027778
0 0.757943 0.943750 0.009635 0.027315
0 0.747786 0.885648 0.008594 0.024074
0 0.756120 0.887037 0.008073 0.025926
0 0.742578 0.766667 0.011198 0.021296
0 0.857552 0.603935 0.013021 0.018056
0 0.983984 0.242130 0.016406 0.016667
