0 0.790495 0.146991 0.016406 0.018981
0 0.639193 0.653009 0.014323 0.027315
0 0.685677 0.743056 0.013021 0.027778
0 0.379167 0.563657 0.016146 0.014352
0 0.769271 0.078241 0.012500 0.030556
0 0.884375 0.185417 0.018229 0.014352
0 0.584635 0.255093 0.013021 0.030556
0 0.701953 0.871296 0.010677 0.031481
0 0.477083 0.235185 0.016146 0.015741
0 0.722656 0.134954 0.022917 0.018981
0 0.794141 0.095602 0.010677 0.023611
0 0.872396 0.563426 0.010937 0.033333
0 0.548828 0.386343 0.020573 0.015278
0 0.448437 0.380093 0.015625 0.015741
0 0.283594 0.198148 0.016146 0.015741
0 0.164844 0.357870 0.016146 0.015741
0 0.133333 0.326620 0.020313 0.019907
0 0.612500 0.230093 0.013021 0.030556
0 0.614583 0.104630 0.013021 0.030556
0 0.681250 0.017130 0.013021 0.030556
0 0.565885 0.222222 0.021875 0.025000
0 0.765495 0.384954 0.020573 0.015278
0 0.980339 0.315046 0.020573 0.015278
0 0.779687 0.071296 0.012500 0.030556
0 0.704688 0.799074 0.013021 0.027778
0 0.703255 0.933333 0.010677 0.031481
