0 0.626693 0.672917 0.015885 0.021759
0 0.476302 0.406713 0.016667 0.014352
0 0.669922 0.697454 0.014323 0.015278
0 0.693620 0.937037 0.010156 0.027778
0 0.488281 0.607870 0.015625 0.016667
0 0.595833 0.654861 0.014583 0.023611
0 0.972526 0.176389 0.014844 0.017593
0 0.147266 0.568056 0.016927 0.016667
0 0.669792 0.748611 0.011458 0.019444
0 0.236589 0.235880 0.011719 0.012500
0 0.682422 0.794213 0.009635 0.021759
0 0.552734 0.324537 0.011719 0.027778
0 0.656510 0.759491 0.013021 0.020833
0 0.766536 0.159028 0.013802 0.021759
2 0.858073 0.531944 0.019271 0.053704
0 0.541406 0.630787 0.013021 0.018056
0 0.727214 0.038426 0.009635 0.023148
0 0.957682 0.532176 0.014323 0.015278
0 0.482031 0.261111 0.019271 0.018519
0 0.870703 0.184954 0.015885 0.014352
0 0.353646 0.234028 0.018750 0.014352
0 0.686068 0.863426 0.008594 0.027778
2 0.531771 0.240278 0.027604 0.026852
0 0.716276 0.052778 0.009635 0.023148
0 0.742188 0.073843 0.011458 0.020833
0 0.750000 0.131250 0.011458 0.020833
0 0.783984 0.146991 0.013802 0.018981
0 0.920703 0.185880 0.015885 0.014352
0 0.930859 0.554861 0.014323 0.015278
0 0.673698 0.806713 0.011458 0.024537
0 0.700911 0.885648 0.008594 0.027778
0 0.690495 0.901852 0.008594 0.027778
0 0.695052 0.977315 0.006771 0.021296
0 0.547135 0.403472 0.016667 0.014352
2 0.575651 0.206713 0.027344 0.032870
0 0.445573 0.256944 0.019271 0.018519
0 0.420052 0.259259 0.019271 0.018519
0 0.396875 0.257639 0.019271 0.018981
0 0.372656 0.256250 0.019271 0.018981
0 0.097396 0.239815 0.016146 0.014815
0 0.018750 0.371759 0.016146 0.014815
0 0.145313 0.244444 0.016146 0.014815
