0 0.130339 0.573148 0.020573 0.016667
0 0.713542 0.772454 0.014583 0.026389
0 0.918620 0.137731 0.016927 0.018056
0 0.632161 0.675000 0.020052 0.027778
0 0.808854 0.115509 0.019271 0.019907
0 0.729036 0.833565 0.010677 0.025463
0 0.283073 0.458102 0.016667 0.014352
0 0.916406 0.386111 0.025521 0.021296
0 0.270443 0.196065 0.018490 0.017130
0 0.533854 0.205787 0.017188 0.018981
0 0.988932 0.535880 0.018490 0.022685
0 0.717708 0.832870 0.013021 0.030556
0 0.634375 0.628241 0.016667 0.025926
0 0.902083 0.514120 0.010937 0.030093
0 0.669010 0.681250 0.016146 0.021759
0 0.881510 0.327546 0.017188 0.019907
0 0.600130 0.164583 0.015885 0.020833
0 0.602865 0.081944 0.012500 0.019444
0 0.099219 0.344213 0.018750 0.015278
0 0.336198 0.397454 0.016667 0.014352
0 0.346875 0.217361 0.016667 0.014352
0 0.463542 0.399306 0.016667 0.014352
0 0.469531 0.216435 0.016667 0.014352
0 0.670703 0.111343 0.015885 0.020833
0 0.755599 0.095833 0.019010 0.016667
0 0.853516 0.129167 0.019010 0.016667
2 0.773828 0.023843 0.019531 0.046759
0 0.821484 0.325926 0.019010 0.016667
0 0.683984 0.738889 0.014323 0.032407
0 0.825521 0.815741 0.013021 0.030556
0 0.740755 0.935880 0.009635 0.031019
