0 0.737370 0.871528 0.010677 0.030093
0 0.165495 0.196991 0.016927 0.014352
0 0.559375 0.193519 0.018229 0.017593
0 0.249870 0.578241 0.016406 0.016667
0 0.720313 0.839583 0.014063 0.030093
0 0.518099 0.467593 0.017969 0.015741
0 0.817448 0.103241 0.019271 0.022222
0 0.687370 0.774769 0.010156 0.019907
0 0.714844 0.102546 0.018750 0.019907
0 0.886198 0.597222 0.013542 0.028704
0 0.642318 0.631019 0.018490 0.025926
0 0.657422 0.380093 0.017969 0.015741
0 0.240625 0.216667 0.015625 0.015741
0 0.873568 0.315741 0.019010 0.018519
0 0.223047 0.386343 0.020052 0.018981
0 0.098047 0.366204 0.020052 0.018519
0 0.388802 0.216667 0.015625 0.015741
0 0.477344 0.219444 0.015625 0.015741
0 0.662891 0.361806 0.017969 0.015278
0 0.526172 0.164120 0.017969 0.018056
0 0.592969 0.231944 0.013021 0.028704
0 0.661719 0.119907 0.018750 0.022222
0 0.760417 0.100231 0.018750 0.019907
0 0.696224 0.723380 0.017448 0.032870
0 0.717969 0.779630 0.013021 0.031481
0 0.742318 0.941204 0.010677 0.030556
0 0.729167 0.971991 0.010937 0.030093
1 0.591667 0.522685 0.020313 0.050000
2 0.772917 0.022917 0.018750 0.044907
