0 0.029167 0.433333 0.018229 0.020370
0 0.250781 0.595139 0.016146 0.013426
0 0.704297 0.898380 0.012760 0.032870
0 0.282813 0.432870 0.019792 0.012963
0 0.904687 0.586574 0.021354 0.022222
0 0.562109 0.365278 0.013281 0.030556
0 0.632161 0.731250 0.015885 0.027315
0 0.189844 0.585417 0.019792 0.018056
0 0.569401 0.664815 0.017448 0.021296
0 0.915495 0.623611 0.014844 0.021296
0 0.993359 0.553935 0.013281 0.019907
0 0.348568 0.437731 0.020052 0.013426
0 0.010156 0.246991 0.013021 0.014352
0 0.064062 0.422222 0.018229 0.020370
0 0.517057 0.447917 0.020052 0.013426
0 0.518620 0.427546 0.020052 0.013426
0 0.626953 0.421528 0.020052 0.013426
0 0.837760 0.773148 0.012500 0.031481
0 0.677995 0.778009 0.015885 0.027315
0 0.696745 0.839583 0.012760 0.031019
0 0.687370 0.884028 0.012760 0.032870
