0 0.692318 0.668519 0.020573 0.020370
0 0.596094 0.576157 0.011979 0.023611
0 0.652995 0.123843 0.017448 0.025463
0 0.725521 0.831019 0.012500 0.029630
0 0.810417 0.059028 0.016667 0.030093
0 0.728125 0.790972 0.011979 0.028241
0 0.693620 0.738657 0.013281 0.028241
0 0.562370 0.191204 0.016406 0.018519
0 0.074740 0.547454 0.018750 0.018056
0 0.598047 0.170833 0.011719 0.029630
0 0.956901 0.499306 0.019531 0.023611
0 0.709896 0.735648 0.013021 0.025926
0 0.655599 0.700694 0.014844 0.020833
0 0.675521 0.730556 0.015625 0.030556
0 0.790365 0.093056 0.018750 0.017593
0 0.844271 0.108796 0.021354 0.021296
0 0.559896 0.307870 0.009896 0.026852
0 0.283464 0.584028 0.017448 0.015278
0 0.728646 0.426620 0.019792 0.017130
0 0.741667 0.856481 0.010937 0.027778
0 0.512240 0.168519 0.016146 0.018519
0 0.457422 0.215972 0.016927 0.015278
0 0.588672 0.261806 0.010677 0.028241
0 0.632422 0.379630 0.016406 0.018519
0 0.738021 0.358796 0.019792 0.016667
0 0.872917 0.316204 0.019792 0.016667
0 0.785547 0.016667 0.016927 0.030556
0 0.775521 0.039815 0.014583 0.033333
0 0.959115 0.120370 0.021354 0.021296
0 0.918620 0.123380 0.019531 0.018981
2 0.632943 0.449306 0.032552 0.022685
0 0.622396 0.592361 0.011979 0.023611
0 0.844922 0.717130 0.011198 0.031481
0 0.735938 0.915046 0.009896 0.031019
0 0.747917 0.950694 0.009896 0.031019
0 0.737370 0.978704 0.010156 0.031481
