0 0.665495 0.712269 0.014844 0.017130
0 0.617839 0.622454 0.014844 0.024537
0 0.619531 0.143287 0.010417 0.017130
0 0.344271 0.356944 0.017708 0.012963
0 0.695443 0.808565 0.011719 0.028241
0 0.613542 0.092593 0.012500 0.018519
0 0.677083 0.789352 0.013021 0.024074
0 0.197005 0.511343 0.016927 0.011574
0 0.058724 0.281019 0.019010 0.013889
0 0.176823 0.319444 0.018229 0.015741
0 0.305990 0.367593 0.014063 0.013889
0 0.688281 0.860648 0.008854 0.027778
0 0.705990 0.927546 0.007292 0.026389
0 0.807292 0.748843 0.012500 0.026389
0 0.582943 0.217130 0.009635 0.022222
0 0.661458 0.141667 0.016146 0.018519
0 0.809245 0.171065 0.014323 0.015278
0 0.571094 0.505324 0.008854 0.018981
