0 0.676562 0.754630 0.013542 0.027778
0 0.608724 0.620139 0.017448 0.027315
0 0.693359 0.756481 0.014323 0.029630
0 0.961849 0.301389 0.020573 0.020370
0 0.732292 0.687500 0.018750 0.017593
0 0.042708 0.349537 0.022396 0.019444
2 0.777734 0.103704 0.022135 0.023148
0 0.842448 0.407176 0.022396 0.014352
0 0.332031 0.190741 0.018229 0.015741
0 0.715234 0.914815 0.010677 0.032407
0 0.702344 0.437500 0.022396 0.015741
0 0.722266 0.096528 0.018490 0.017130
0 0.023828 0.200231 0.015885 0.018056
0 0.485417 0.179630 0.018229 0.015741
0 0.558854 0.192130 0.018229 0.015741
0 0.375521 0.380093 0.018229 0.015741
0 0.642708 0.373611 0.018229 0.015741
0 0.266667 0.391667 0.018229 0.015741
0 0.343750 0.215509 0.019792 0.017130
0 0.481510 0.397685 0.018229 0.015741
0 0.734896 0.347222 0.018229 0.015741
0 0.636979 0.449074 0.018229 0.015741
0 0.671354 0.115741 0.017708 0.017593
0 0.772656 0.037731 0.015104 0.027315
0 0.794271 0.030324 0.015104 0.027315
0 0.942057 0.586806 0.017448 0.028241
1 0.739062 0.939815 0.016146 0.076852
