0 0.652344 0.652778 0.015625 0.017593
0 0.069271 0.214583 0.019792 0.012500
0 0.807943 0.655093 0.018490 0.022222
0 0.604167 0.197454 0.014063 0.026389
0 0.696224 0.718981 0.015885 0.028704
0 0.602344 0.625694 0.016146 0.018981
0 0.198568 0.205093 0.017448 0.015741
0 0.136068 0.207407 0.019531 0.014815
0 0.731250 0.893519 0.011458 0.029630
0 0.733724 0.825694 0.013802 0.028241
0 0.873047 0.207407 0.016406 0.028704
0 0.226693 0.225231 0.016927 0.014352
0 0.078125 0.543519 0.022917 0.018519
0 0.339193 0.200694 0.018490 0.017130
0 0.959896 0.340741 0.018750 0.018519
2 0.711719 0.839120 0.015625 0.041204
0 0.806641 0.074769 0.013802 0.024537
0 0.331901 0.584491 0.019531 0.014352
0 0.340495 0.223380 0.018490 0.017130
0 0.528776 0.381019 0.017448 0.014815
0 0.840495 0.336343 0.018490 0.018056
0 0.866797 0.620370 0.017448 0.024074
0 0.823047 0.937731 0.013802 0.027315
0 0.744271 0.899769 0.011458 0.029167
0 0.737240 0.963657 0.009375 0.031019
