0 0.627734 0.590972 0.010677 0.018056
0 0.846094 0.594213 0.015104 0.020833
0 0.703906 0.708102 0.012500 0.023611
0 0.629948 0.174306 0.014063 0.019907
0 0.769271 0.098611 0.016667 0.016667
0 0.694531 0.640046 0.016146 0.013426
0 0.991536 0.322685 0.016927 0.016667
0 0.590885 0.249306 0.012500 0.024537
0 0.164193 0.226852 0.019010 0.012963
0 0.210156 0.218519 0.015625 0.012963
0 0.776693 0.642593 0.013802 0.014815
0 0.652865 0.022917 0.010937 0.020833
0 0.922786 0.572222 0.015365 0.025000
0 0.740495 0.767130 0.010677 0.021296
0 0.739583 0.918750 0.011979 0.034722
0 0.085677 0.232176 0.015104 0.015278
0 0.688932 0.368056 0.019531 0.012037
0 0.717448 0.737500 0.009375 0.021296
0 0.742318 0.855324 0.009635 0.028241
0 0.723568 0.809259 0.011719 0.023148
0 0.721875 0.708796 0.011979 0.024074
0 0.661328 0.067130 0.014323 0.021296
0 0.442318 0.228009 0.015365 0.018056
0 0.223438 0.239583 0.016667 0.013426
0 0.343099 0.233102 0.013802 0.013426
0 0.385937 0.208102 0.013542 0.013426
0 0.402344 0.232176 0.016146 0.010648
2 0.509766 0.224074 0.029427 0.015741
0 0.613151 0.386574 0.016406 0.009259
0 0.965755 0.276157 0.013802 0.013426
0 0.756510 0.858796 0.007292 0.026852
0 0.750260 0.953935 0.008333 0.024537
0 0.732943 0.797685 0.009115 0.023148
0 0.880078 0.125463 0.013281 0.016667
0 0.940755 0.131944 0.022656 0.013889
