0 0.633724 0.193287 0.016927 0.025463
0 0.620443 0.615972 0.014844 0.025463
0 0.768750 0.077083 0.014583 0.030093
0 0.695833 0.135880 0.016667 0.018981
0 0.793229 0.092130 0.013021 0.027778
0 0.613021 0.183796 0.016146 0.027778
0 0.707812 0.825926 0.010417 0.028704
0 0.360547 0.224074 0.013802 0.014815
0 0.686719 0.742593 0.013021 0.028704
0 0.973568 0.195370 0.017448 0.015741
0 0.922917 0.194676 0.021354 0.014352
0 0.500781 0.581481 0.019271 0.016667
0 0.849349 0.369907 0.020052 0.019444
0 0.317448 0.370833 0.017708 0.015741
0 0.228385 0.351389 0.017708 0.015741
0 0.121615 0.198148 0.017708 0.015741
0 0.534896 0.406944 0.017708 0.015741
0 0.537760 0.180556 0.017708 0.015741
0 0.744141 0.376852 0.020052 0.019444
0 0.779818 0.144444 0.020052 0.019444
0 0.827604 0.204167 0.016146 0.025926
0 0.565755 0.218519 0.023698 0.025926
0 0.777083 0.064583 0.014583 0.030093
0 0.714323 0.888889 0.010417 0.028704
0 0.786979 0.837500 0.010417 0.028704
