1 0.375391 0.611806 0.023177 0.014352
0 0.735156 0.167593 0.018229 0.016667
0 0.972396 0.354167 0.015625 0.016667
0 0.137240 0.384028 0.013542 0.018056
0 0.474479 0.622454 0.015625 0.016204
0 0.667708 0.179861 0.015625 0.019907
0 0.690625 0.859722 0.009896 0.027778
0 0.250260 0.488194 0.015625 0.014352
0 0.414062 0.614583 0.015625 0.016204
0 0.939974 0.351852 0.022135 0.020370
0 0.855990 0.614583 0.012500 0.027315
0 0.838542 0.684028 0.012500 0.027315
0 0.649870 0.708333 0.016406 0.020370
0 0.671875 0.796065 0.010937 0.020833
0 0.678906 0.864120 0.010937 0.028241
0 0.692708 0.975231 0.008854 0.027315
