0 0.305469 0.143750 0.012500 0.020833
0 0.349479 0.461343 0.015104 0.025463
0 0.388932 0.449306 0.015365 0.018981
0 0.490495 0.333102 0.017969 0.013426
0 0.296484 0.180787 0.016927 0.020833
0 0.275130 0.555093 0.016927 0.020370
0 0.410547 0.784722 0.013802 0.016667
0 0.206771 0.358796 0.008854 0.026852
0 0.013932 0.405556 0.016927 0.018519
0 0.295703 0.105324 0.010677 0.029167
0 0.117448 0.578241 0.009375 0.027778
0 0.410286 0.803241 0.012240 0.012963
0 0.386589 0.647454 0.009635 0.030093
0 0.232943 0.592593 0.017448 0.014815
0 0.222396 0.572685 0.017708 0.014815
0 0.429948 0.957870 0.016146 0.016667
0 0.363281 0.949769 0.008854 0.025463
0 0.413802 0.821065 0.015625 0.013426
0 0.517839 0.400926 0.014323 0.016667
0 0.423307 0.404167 0.019531 0.015741
0 0.410286 0.883565 0.014323 0.014352
0 0.393880 0.415741 0.017969 0.016667
0 0.393099 0.289120 0.017448 0.020833
0 0.683724 0.039352 0.019010 0.014815
0 0.746745 0.036806 0.014323 0.014352
0 0.444792 0.910880 0.012500 0.015278
0 0.216797 0.788194 0.008594 0.033796
0 0.029948 0.434954 0.018750 0.018981
0 0.386328 0.684722 0.009115 0.027778
0 0.568359 0.272917 0.011719 0.019907
0 0.470182 0.415972 0.019531 0.014352
0 0.151693 0.540278 0.015885 0.020370
0 0.730990 0.037963 0.014063 0.014815
0 0.515365 0.338657 0.018229 0.014352
0 0.775521 0.438889 0.018229 0.014815
0 0.413672 0.839583 0.013802 0.011574
0 0.466146 0.396528 0.018750 0.013426
0 0.385156 0.760648 0.008333 0.026852
1 0.282813 0.196296 0.030208 0.033333
0 0.385677 0.721296 0.008333 0.027778
0 0.017188 0.682407 0.017708 0.016667
0 0.124349 0.490278 0.017448 0.023148
0 0.432682 0.975694 0.016927 0.014352
0 0.336719 0.538657 0.015625 0.026389
0 0.412370 0.855324 0.014323 0.014352
0 0.680208 0.125463 0.014063 0.014815
0 0.714193 0.170370 0.012760 0.025926
0 0.726953 0.169907 0.012760 0.020370
0 0.854688 0.152546 0.011458 0.026389
0 0.936198 0.140972 0.011458 0.026389
0 0.946094 0.142824 0.011458 0.026389
0 0.958333 0.454167 0.018229 0.014815
0 0.649740 0.411574 0.018229 0.014815
0 0.531901 0.420370 0.014323 0.016667
0 0.446354 0.340509 0.021354 0.016204
0 0.322526 0.200694 0.016927 0.020833
0 0.280339 0.121296 0.012240 0.030556
0 0.280599 0.580093 0.016927 0.020370
0 0.383594 0.834259 0.008333 0.026852
0 0.383203 0.864583 0.008594 0.022685
0 0.411849 0.870602 0.012240 0.013426
0 0.442318 0.924769 0.014844 0.017130
0 0.362500 0.978472 0.008854 0.025463
0 0.383854 0.939120 0.007812 0.029167
0 0.265365 0.828704 0.008333 0.030556
0 0.020052 0.664352 0.014063 0.012037
0 0.021615 0.648611 0.014063 0.012037
