0 0.710417 0.646296 0.015625 0.016667
0 0.636849 0.615046 0.015365 0.018056
0 0.285286 0.572454 0.017448 0.014352
0 0.724740 0.710648 0.011979 0.028704
0 0.227865 0.559722 0.017188 0.016667
0 0.728906 0.775231 0.010937 0.026389
0 0.904687 0.529398 0.016146 0.023611
0 0.050651 0.420370 0.017969 0.018519
0 0.878125 0.603704 0.012500 0.025926
0 0.190104 0.429398 0.018229 0.015278
0 0.753255 0.816667 0.010156 0.026852
0 0.451172 0.570139 0.016406 0.018981
0 0.745052 0.774074 0.011979 0.025926
0 0.702214 0.705324 0.012240 0.025463
0 0.864323 0.195370 0.014583 0.023148
0 0.812630 0.109491 0.015885 0.025463
2 0.622396 0.181250 0.020313 0.042130
0 0.860807 0.649074 0.010677 0.021296
0 0.110156 0.375926 0.017708 0.017593
0 0.764844 0.013426 0.011979 0.021296
0 0.758984 0.101620 0.019010 0.019907
0 0.025260 0.340509 0.018229 0.016204
0 0.383073 0.569444 0.018750 0.016667
0 0.787760 0.344907 0.018750 0.017593
0 0.744922 0.659259 0.016406 0.015741
0 0.565234 0.434491 0.019010 0.016204
0 0.534766 0.456250 0.017969 0.017130
0 0.307161 0.380324 0.017448 0.014352
0 0.869792 0.165509 0.016146 0.028241
0 0.831771 0.309259 0.018750 0.017593
0 0.846094 0.706481 0.012500 0.025000
0 0.606510 0.537963 0.013542 0.025000
0 0.716927 0.738657 0.013542 0.027315
0 0.735286 0.742130 0.011719 0.025926
0 0.743359 0.837963 0.010156 0.026852
0 0.758203 0.863426 0.010156 0.026852
0 0.748047 0.887963 0.010156 0.026852
0 0.760286 0.915509 0.009115 0.033796
0 0.750260 0.951157 0.008333 0.032870
0 0.760807 0.957176 0.008073 0.027315
0 0.758984 0.986343 0.008073 0.027315
