0 0.733464 0.696759 0.016927 0.016667
0 0.672917 0.800231 0.011979 0.027315
0 0.875130 0.541667 0.016927 0.017593
0 0.690495 0.881944 0.011719 0.030556
0 0.536198 0.326389 0.008333 0.022222
0 0.898047 0.538426 0.014844 0.017593
0 0.661589 0.730556 0.013802 0.021296
0 0.620443 0.668287 0.012760 0.018056
0 0.579818 0.243981 0.012760 0.024074
0 0.926562 0.181250 0.015625 0.013426
0 0.844271 0.570833 0.013021 0.023148
0 0.556510 0.302315 0.011979 0.025926
0 0.993620 0.163657 0.012760 0.017130
0 0.386719 0.257639 0.017708 0.018056
0 0.835938 0.337269 0.015625 0.013426
0 0.848698 0.180324 0.015625 0.013426
0 0.723307 0.150694 0.014323 0.015278
0 0.729167 0.093750 0.011979 0.024537
0 0.720052 0.064583 0.011979 0.024537
0 0.732031 0.047917 0.010937 0.023611
0 0.711198 0.034954 0.010937 0.023611
0 0.721615 0.012037 0.010937 0.023148
2 0.750130 0.091204 0.024219 0.052778
0 0.690234 0.148380 0.014323 0.015278
0 0.839844 0.535417 0.010417 0.022685
0 0.820964 0.659954 0.013802 0.026389
0 0.789844 0.871759 0.011979 0.025000
0 0.696745 0.833565 0.010156 0.027315
0 0.702734 0.882870 0.010677 0.027778
0 0.694922 0.935185 0.010677 0.027778
0 0.696745 0.985648 0.010677 0.027778
0 0.633073 0.720139 0.013021 0.019907
0 0.581641 0.639815 0.014323 0.025926
0 0.575391 0.581481 0.012240 0.026852
0 0.555339 0.257407 0.012760 0.024074
0 0.520833 0.419676 0.015625 0.013426
0 0.505208 0.405787 0.015625 0.013426
0 0.460417 0.262731 0.015625 0.013426
0 0.465104 0.223380 0.015625 0.013426
0 0.425260 0.256250 0.015625 0.013426
2 0.495312 0.251389 0.026562 0.023148
2 0.526563 0.238426 0.026562 0.023148
0 0.365755 0.259722 0.015885 0.014815
0 0.288411 0.259259 0.015885 0.014815
0 0.201953 0.408796 0.015885 0.014815
0 0.309896 0.603472 0.015625 0.013426
2 0.775781 0.975000 0.021875 0.050000
