0 0.694271 0.634259 0.015104 0.022222
0 0.290495 0.572917 0.016927 0.016204
0 0.251302 0.572222 0.018750 0.014815
0 0.048828 0.418981 0.018490 0.019444
0 0.666146 0.136806 0.014063 0.024537
0 0.874219 0.526852 0.013021 0.023148
0 0.637630 0.163194 0.015365 0.019907
0 0.770964 0.100694 0.017969 0.018981
0 0.374479 0.563889 0.015625 0.017593
0 0.718490 0.734259 0.010417 0.023148
0 0.771875 0.030556 0.013021 0.025926
0 0.636589 0.566204 0.014844 0.023148
0 0.735807 0.747685 0.012760 0.029630
0 0.652734 0.353241 0.016927 0.020370
0 0.608854 0.540278 0.014063 0.028704
0 0.484375 0.567130 0.018229 0.013889
0 0.933464 0.501620 0.013802 0.023611
0 0.590104 0.270139 0.012500 0.024537
0 0.166276 0.566667 0.019010 0.019444
0 0.606901 0.265046 0.013802 0.025463
0 0.731120 0.775926 0.011198 0.023148
0 0.708594 0.706713 0.012500 0.021759
0 0.783073 0.640741 0.016146 0.016667
0 0.746224 0.782407 0.008594 0.020370
2 0.553776 0.214352 0.026302 0.021296
0 0.554036 0.169213 0.017969 0.020833
0 0.264323 0.215278 0.018750 0.017593
2 0.186849 0.383102 0.026823 0.017130
0 0.446745 0.227083 0.015885 0.017130
0 0.486328 0.227083 0.015885 0.017130
0 0.524219 0.222222 0.017188 0.016667
0 0.747135 0.351620 0.013542 0.016204
0 0.911068 0.132176 0.017448 0.018981
0 0.959505 0.253935 0.017448 0.018056
0 0.843229 0.781713 0.012500 0.029167
0 0.748958 0.957407 0.009375 0.025926
0 0.758464 0.966204 0.007552 0.026852
0 0.758984 0.913657 0.008594 0.033796
0 0.749870 0.924074 0.008073 0.024074
0 0.747526 0.886574 0.008073 0.025926
0 0.753125 0.824306 0.007812 0.022685
0 0.741146 0.828935 0.008854 0.023611
0 0.724089 0.708565 0.010677 0.022685
