0 0.451042 0.425694 0.017188 0.015278
0 0.616016 0.209954 0.016927 0.020833
0 0.166667 0.470370 0.017708 0.014815
0 0.894141 0.213194 0.018490 0.015278
0 0.992578 0.213657 0.014844 0.018981
0 0.670833 0.179167 0.015104 0.019444
0 0.765495 0.170602 0.016406 0.015278
0 0.752474 0.092824 0.011198 0.024537
0 0.074740 0.549074 0.017708 0.014815
0 0.473958 0.621065 0.017188 0.015278
0 0.571224 0.598843 0.012240 0.026389
0 0.567318 0.246065 0.013281 0.013426
0 0.713932 0.163889 0.015885 0.014815
0 0.852604 0.739583 0.012500 0.024537
0 0.816146 0.671528 0.015104 0.020833
0 0.693229 0.805556 0.010937 0.021296
0 0.686068 0.824074 0.010677 0.026852
0 0.700521 0.913889 0.007812 0.025926
