0 0.009896 0.206019 0.011979 0.012963
0 0.677344 0.693519 0.016146 0.030556
0 0.210547 0.368056 0.020052 0.016667
0 0.465365 0.587269 0.019271 0.016204
0 0.633724 0.624769 0.013802 0.026389
0 0.798698 0.108333 0.019271 0.019444
0 0.719271 0.786806 0.011458 0.025463
0 0.622917 0.062731 0.014063 0.025463
0 0.351823 0.578704 0.017708 0.015741
0 0.725391 0.086806 0.016927 0.017130
0 0.589193 0.559954 0.013802 0.028241
0 0.677344 0.726157 0.016146 0.031019
0 0.943490 0.286343 0.021354 0.019907
0 0.217839 0.198843 0.021094 0.018056
0 0.722396 0.869907 0.010417 0.031481
0 0.541016 0.200231 0.019010 0.016204
0 0.569141 0.393056 0.020052 0.016667
0 0.589193 0.514583 0.013802 0.028241
0 0.755469 0.360880 0.021875 0.018056
0 0.840625 0.120833 0.017188 0.018519
0 0.714193 0.824769 0.010677 0.027315
1 0.737370 0.890278 0.012240 0.046296
