0 0.648047 0.714583 0.016927 0.026389
0 0.839714 0.250231 0.012240 0.021759
0 0.054297 0.415278 0.017969 0.015741
0 0.203516 0.248843 0.017448 0.014352
0 0.129557 0.440046 0.016406 0.016204
0 0.597526 0.657639 0.012240 0.019907
0 0.754167 0.153241 0.013542 0.013889
0 0.576953 0.585185 0.013802 0.022222
0 0.689583 0.829167 0.011979 0.027778
0 0.950521 0.497685 0.018750 0.017593
0 0.603906 0.143519 0.009375 0.025000
0 0.429297 0.256713 0.013281 0.014352
0 0.975000 0.515509 0.013542 0.019907
0 0.780599 0.659954 0.016927 0.018981
0 0.477344 0.256481 0.013542 0.013889
2 0.799870 0.175463 0.017448 0.018519
0 0.664193 0.780556 0.012760 0.025926
0 0.665495 0.151157 0.016927 0.018056
0 0.564844 0.245139 0.013542 0.024537
0 0.755990 0.678472 0.015625 0.019907
0 0.869271 0.410648 0.016146 0.019444
0 0.528906 0.240972 0.015104 0.013426
0 0.756641 0.103009 0.013281 0.022685
0 0.732812 0.096065 0.012500 0.023611
0 0.723307 0.067593 0.010156 0.021296
0 0.740755 0.064815 0.010156 0.021296
2 0.710938 0.018287 0.011979 0.031944
0 0.625521 0.082407 0.013021 0.029630
0 0.599479 0.210880 0.011458 0.022685
0 0.647135 0.406481 0.016146 0.015741
0 0.839323 0.593287 0.007812 0.024537
0 0.601172 0.635648 0.012240 0.020370
0 0.699349 0.904398 0.009115 0.025463
2 0.761849 0.905324 0.013802 0.041204
0 0.262891 0.396296 0.020052 0.016667
0 0.375781 0.405787 0.017708 0.017130
0 0.461328 0.256250 0.013281 0.014352
0 0.493099 0.252546 0.017448 0.015278
0 0.510547 0.248843 0.012760 0.013426
0 0.502083 0.421528 0.015104 0.013426
0 0.550651 0.334954 0.009115 0.023611
0 0.539583 0.537500 0.009896 0.023148
