0 0.670964 0.649769 0.016406 0.021759
0 0.710677 0.717824 0.013542 0.022685
0 0.778776 0.095139 0.019010 0.019907
0 0.649609 0.166435 0.014323 0.024537
0 0.883333 0.523611 0.014583 0.027778
0 0.672656 0.046065 0.012500 0.023611
0 0.749609 0.085880 0.014323 0.016204
0 0.941667 0.499769 0.015104 0.019907
0 0.688672 0.646296 0.015885 0.022222
0 0.452474 0.568056 0.017448 0.018519
0 0.756771 0.834028 0.011979 0.028241
0 0.775391 0.028935 0.013802 0.028241
0 0.842969 0.115741 0.017708 0.025000
0 0.722135 0.091435 0.015104 0.019907
0 0.736589 0.785880 0.012240 0.029167
0 0.551693 0.210648 0.015885 0.018519
0 0.581771 0.197222 0.017188 0.017593
0 0.046224 0.509954 0.017448 0.018056
0 0.523177 0.218981 0.016667 0.018519
0 0.979818 0.318287 0.017969 0.018056
0 0.836328 0.370370 0.018490 0.017593
0 0.543620 0.578472 0.018490 0.018056
2 0.243750 0.237731 0.026562 0.020833
0 0.738672 0.744444 0.012240 0.022222
0 0.646745 0.419907 0.020052 0.018519
0 0.385937 0.571065 0.017188 0.018056
0 0.452604 0.209259 0.016146 0.014815
2 0.848958 0.722222 0.017188 0.041667
0 0.748568 0.883796 0.011719 0.025000
0 0.660026 0.604167 0.015365 0.024074
0 0.043099 0.239815 0.017969 0.013889
0 0.106771 0.351620 0.017188 0.018056
0 0.316797 0.401157 0.019010 0.016204
0 0.412370 0.381481 0.014844 0.013889
0 0.414714 0.404630 0.016406 0.015741
0 0.460938 0.227083 0.018229 0.017130
0 0.612891 0.188426 0.017969 0.020370
0 0.597526 0.389815 0.017448 0.017593
0 0.634245 0.359722 0.014844 0.018519
0 0.602604 0.536574 0.013542 0.025926
0 0.637760 0.568519 0.016667 0.030556
0 0.623958 0.580556 0.013021 0.026852
0 0.876953 0.213889 0.014844 0.028704
0 0.698438 0.344907 0.021354 0.018519
0 0.960938 0.258102 0.017188 0.017130
0 0.922396 0.509259 0.016146 0.019444
0 0.900000 0.440741 0.010417 0.029630
0 0.822656 0.959028 0.008333 0.030093
0 0.809245 0.957407 0.010156 0.026852
0 0.759635 0.915046 0.009375 0.029167
0 0.750911 0.925463 0.010156 0.027778
0 0.762240 0.982407 0.012500 0.032407
