0 0.148958 0.242593 0.021354 0.014815
0 0.652344 0.727546 0.015104 0.018056
0 0.564714 0.443056 0.017448 0.014815
0 0.079297 0.249769 0.019531 0.015278
0 0.954688 0.586111 0.019271 0.025000
0 0.229297 0.413657 0.020573 0.014352
0 0.686719 0.802778 0.015625 0.032407
0 0.705469 0.862037 0.010417 0.035185
0 0.039583 0.385417 0.019271 0.015278
0 0.027995 0.358333 0.023177 0.015741
0 0.298958 0.498380 0.022917 0.013426
0 0.688672 0.428704 0.017448 0.014815
0 0.904948 0.641667 0.019271 0.025000
0 0.710677 0.950463 0.010417 0.035185
