0 0.686068 0.135648 0.016927 0.015741
0 0.155078 0.449306 0.015885 0.013426
0 0.332292 0.595139 0.014583 0.016204
0 0.059896 0.451852 0.018229 0.017593
0 0.117578 0.568981 0.014844 0.014815
0 0.750391 0.416898 0.016927 0.014352
0 0.805469 0.221991 0.011979 0.019907
0 0.545312 0.286111 0.010417 0.025000
0 0.681380 0.819444 0.010677 0.026852
0 0.650260 0.738426 0.011979 0.022222
0 0.721875 0.075694 0.010417 0.022685
0 0.815104 0.764815 0.011458 0.026852
0 0.707552 0.989120 0.007812 0.021759
0 0.668620 0.740741 0.011719 0.022222
0 0.617448 0.683102 0.014063 0.022685
0 0.537109 0.226157 0.013802 0.016204
0 0.708854 0.034722 0.010937 0.026852
0 0.570443 0.195139 0.011719 0.023611
0 0.602995 0.192824 0.012240 0.021759
2 0.513672 0.242361 0.020052 0.020833
0 0.489453 0.250000 0.015885 0.014815
0 0.459245 0.255093 0.015885 0.014815
0 0.431510 0.256019 0.015625 0.012963
0 0.560547 0.582176 0.011719 0.022685
0 0.837630 0.324074 0.015365 0.012963
0 0.800391 0.617361 0.011719 0.018981
0 0.834635 0.535417 0.010937 0.024537
0 0.786849 0.893056 0.010156 0.024074
0 0.758464 0.927315 0.010156 0.024074
0 0.696354 0.959028 0.007812 0.021759
0 0.706510 0.919213 0.007812 0.021759
0 0.693099 0.879630 0.009115 0.025926
