0 0.850000 0.170139 0.017188 0.025463
0 0.764062 0.666435 0.017708 0.018056
0 0.723437 0.749074 0.013021 0.025926
0 0.887891 0.550231 0.016406 0.026389
0 0.929818 0.506713 0.019010 0.026389
0 0.991797 0.448380 0.008073 0.018056
0 0.675651 0.643056 0.016927 0.017593
0 0.708464 0.712500 0.013281 0.026852
0 0.748437 0.799537 0.014583 0.030556
0 0.724089 0.715278 0.013281 0.025000
0 0.629818 0.589352 0.016406 0.022222
0 0.652474 0.596528 0.015365 0.023611
0 0.642057 0.637500 0.017969 0.021296
2 0.623047 0.173380 0.016406 0.036574
0 0.708464 0.102083 0.015365 0.021759
0 0.791797 0.075231 0.016927 0.029167
0 0.194922 0.457407 0.023698 0.018519
0 0.850130 0.688194 0.014323 0.029167
2 0.695182 0.718981 0.022135 0.037963
0 0.351042 0.406944 0.021875 0.016667
0 0.614844 0.245370 0.011979 0.021296
0 0.721875 0.786111 0.011979 0.025926
0 0.197917 0.378704 0.016667 0.019444
0 0.104297 0.238194 0.020052 0.019907
0 0.732943 0.785648 0.010677 0.026852
0 0.834245 0.101157 0.017969 0.024537
0 0.864583 0.634954 0.013021 0.031944
0 0.117969 0.384954 0.018750 0.018056
0 0.803516 0.048380 0.016406 0.025463
0 0.227995 0.245370 0.020052 0.021296
0 0.325651 0.240509 0.017448 0.016204
0 0.360417 0.217593 0.018750 0.014815
0 0.377865 0.237731 0.019271 0.018981
0 0.402214 0.408565 0.017448 0.016204
0 0.436068 0.386806 0.017448 0.017130
0 0.600521 0.300000 0.010417 0.037037
0 0.878776 0.233333 0.014844 0.030556
0 0.805208 0.324537 0.019271 0.019444
0 0.752344 0.985417 0.008854 0.029167
0 0.801042 0.982407 0.009896 0.033333
0 0.760156 0.936574 0.009896 0.034259
0 0.758203 0.856250 0.010156 0.030093
0 0.748698 0.876389 0.011979 0.030556
0 0.742578 0.831944 0.010677 0.031481
2 0.740495 0.757407 0.020052 0.040741
