0 0.691667 0.707407 0.013542 0.024074
0 0.194010 0.205787 0.022917 0.018056
0 0.947656 0.524769 0.018229 0.018981
0 0.701302 0.766667 0.011458 0.022222
0 0.893620 0.577315 0.017448 0.024074
0 0.626432 0.173611 0.013281 0.025926
0 0.353646 0.583333 0.021875 0.017593
0 0.563021 0.197685 0.016146 0.017593
0 0.605208 0.214815 0.013021 0.021296
0 0.313021 0.221759 0.016146 0.011111
0 0.776693 0.675463 0.013802 0.015741
0 0.303646 0.577546 0.016146 0.018056
0 0.946745 0.140972 0.017448 0.013426
0 0.645964 0.643056 0.016927 0.022222
0 0.715365 0.803935 0.010937 0.024537
0 0.481771 0.590509 0.019271 0.014352
0 0.250391 0.201852 0.020052 0.015741
0 0.584245 0.234722 0.013802 0.023148
0 0.293880 0.404167 0.024219 0.015741
0 0.742318 0.900463 0.008073 0.030556
0 0.418229 0.195833 0.021875 0.018519
0 0.451172 0.403935 0.022135 0.013426
0 0.729427 0.903935 0.008854 0.031019
0 0.087891 0.578704 0.020052 0.016667
0 0.034766 0.362963 0.020052 0.016667
0 0.316536 0.380556 0.024219 0.015741
0 0.678516 0.373611 0.020052 0.015741
0 0.722526 0.094907 0.020052 0.015741
0 0.836328 0.118981 0.020052 0.015741
0 0.884505 0.135648 0.020052 0.015741
0 0.658724 0.031944 0.013281 0.025926
0 0.772266 0.025463 0.013281 0.025926
0 0.823828 0.079630 0.013281 0.025926
0 0.859635 0.673611 0.014583 0.031481
0 0.720833 0.778704 0.011458 0.022222
0 0.734245 0.979630 0.008073 0.030556
