0 0.816927 0.078009 0.020313 0.025463
0 0.791797 0.665278 0.020052 0.017593
0 0.590495 0.194213 0.014844 0.024537
0 0.684375 0.700231 0.017708 0.031944
0 0.725651 0.848148 0.012760 0.027778
0 0.864844 0.204630 0.014583 0.031481
0 0.645052 0.074074 0.014583 0.030556
0 0.664323 0.691435 0.017188 0.020833
0 0.867448 0.159722 0.015104 0.028704
0 0.490495 0.474306 0.020573 0.014352
0 0.615885 0.620139 0.019271 0.025463
0 0.619531 0.179167 0.013021 0.027778
0 0.140104 0.235185 0.028125 0.025926
0 0.441276 0.586111 0.014323 0.014815
0 0.606901 0.373843 0.020573 0.014352
0 0.576172 0.247917 0.014844 0.024537
0 0.541016 0.207407 0.021615 0.021296
0 0.886589 0.552083 0.013802 0.033796
0 0.914323 0.547222 0.017188 0.026852
0 0.867448 0.628472 0.017188 0.032870
0 0.828125 0.782176 0.017188 0.032870
0 0.815365 0.861343 0.017188 0.032870
0 0.734245 0.902546 0.011719 0.040278
0 0.733724 0.979861 0.011719 0.040278
