0 0.925130 0.522917 0.020573 0.021759
0 0.771484 0.106713 0.020573 0.022685
0 0.469010 0.569444 0.015625 0.016667
0 0.725911 0.765972 0.013281 0.025463
0 0.690365 0.125926 0.017188 0.023148
0 0.773307 0.660185 0.017969 0.016667
0 0.563411 0.582407 0.014323 0.016667
0 0.945443 0.495370 0.013802 0.017593
0 0.655208 0.640046 0.016667 0.020833
0 0.269010 0.562269 0.018750 0.018056
0 0.223568 0.576620 0.017448 0.015278
0 0.605078 0.538426 0.012240 0.021296
0 0.737109 0.818287 0.013281 0.028241
0 0.744792 0.786343 0.010417 0.025463
0 0.838932 0.598148 0.016927 0.025926
0 0.805599 0.888194 0.010677 0.025463
0 0.742708 0.859722 0.009375 0.026852
0 0.371354 0.209491 0.018229 0.016204
0 0.239974 0.450926 0.017448 0.016667
0 0.751563 0.829630 0.010937 0.027778
0 0.533333 0.215046 0.016146 0.018981
0 0.878516 0.526620 0.013281 0.029167
0 0.756380 0.908565 0.011719 0.030093
0 0.702995 0.706713 0.014844 0.025463
0 0.015755 0.499074 0.016927 0.020370
0 0.218490 0.237963 0.016667 0.019444
0 0.530339 0.458333 0.016927 0.017593
0 0.774870 0.348148 0.020573 0.017593
0 0.785547 0.406250 0.019010 0.016204
0 0.881901 0.234028 0.013802 0.028241
0 0.859115 0.182639 0.013542 0.023611
0 0.775521 0.039352 0.014063 0.027778
0 0.549219 0.169213 0.015104 0.015278
0 0.861458 0.743056 0.013542 0.027778
0 0.614062 0.518981 0.014063 0.027778
0 0.507161 0.188426 0.015885 0.017593
0 0.757943 0.953472 0.007552 0.029167
0 0.747917 0.964352 0.008854 0.033333
0 0.748307 0.931944 0.010677 0.025000
0 0.745052 0.902315 0.009896 0.030556
0 0.756120 0.868981 0.008073 0.027778
0 0.733984 0.745139 0.012240 0.028241
0 0.723307 0.719444 0.012760 0.024074
0 0.716016 0.734028 0.014844 0.023611
