0 0.672135 0.628009 0.015104 0.018981
0 0.746484 0.870833 0.010677 0.022222
0 0.140104 0.439120 0.016146 0.017130
0 0.491406 0.571296 0.013021 0.012963
0 0.738281 0.804630 0.009375 0.020370
0 0.334245 0.577778 0.011198 0.011111
0 0.888151 0.301157 0.016406 0.012500
0 0.568750 0.587037 0.014583 0.015741
0 0.684896 0.680787 0.015104 0.019907
0 0.039714 0.408796 0.013802 0.012963
0 0.780859 0.654630 0.013802 0.017593
0 0.332161 0.400463 0.013802 0.013889
0 0.716276 0.108102 0.014844 0.018981
0 0.879948 0.582639 0.010417 0.020833
0 0.147656 0.540972 0.015104 0.014352
0 0.800521 0.100463 0.012500 0.016667
0 0.363932 0.565972 0.011198 0.012500
0 0.270964 0.399537 0.014844 0.012037
0 0.333203 0.212731 0.018490 0.011574
0 0.312109 0.462037 0.019010 0.010185
0 0.775130 0.036806 0.013281 0.018981
0 0.431510 0.462037 0.015625 0.016667
0 0.757682 0.871759 0.006510 0.019444
0 0.882682 0.230324 0.012240 0.029167
0 0.767839 0.009722 0.013281 0.018519
0 0.981380 0.514815 0.016406 0.014815
0 0.659505 0.634259 0.010677 0.017593
0 0.729557 0.721759 0.011719 0.019444
0 0.717318 0.736806 0.013281 0.022685
0 0.738802 0.756019 0.010937 0.022222
0 0.749219 0.801852 0.009375 0.020370
0 0.744531 0.837269 0.009896 0.025463
0 0.754036 0.837269 0.009115 0.020833
0 0.759505 0.904167 0.006510 0.025000
0 0.749479 0.924306 0.009375 0.025463
0 0.760938 0.955324 0.009375 0.025463
0 0.751042 0.979630 0.010417 0.024074
0 0.760417 0.991204 0.008333 0.017593
