0 0.930339 0.507407 0.019531 0.025926
0 0.645703 0.626389 0.016927 0.019444
0 0.632552 0.592593 0.012500 0.025000
0 0.694661 0.663194 0.013281 0.021759
0 0.192057 0.215046 0.016406 0.013426
0 0.750391 0.101852 0.019010 0.018519
0 0.716536 0.777315 0.011719 0.026852
0 0.725260 0.715509 0.013542 0.023611
0 0.727344 0.771759 0.013542 0.029630
0 0.656380 0.085648 0.016406 0.028704
0 0.245573 0.215741 0.017188 0.017593
0 0.870703 0.617130 0.013281 0.028704
0 0.633203 0.562731 0.014844 0.026389
1 0.318750 0.379861 0.046354 0.024537
0 0.747396 0.802083 0.011979 0.031019
0 0.163932 0.564352 0.019010 0.014815
0 0.701302 0.705787 0.015104 0.025463
0 0.619922 0.194676 0.013281 0.023611
0 0.801693 0.043981 0.015885 0.026852
0 0.034635 0.237963 0.018750 0.016667
0 0.140104 0.234722 0.018750 0.015741
0 0.589063 0.197454 0.018229 0.017130
0 0.392578 0.396065 0.016927 0.014352
0 0.029427 0.331944 0.018750 0.016667
0 0.564583 0.208102 0.018229 0.017130
0 0.558724 0.160417 0.015365 0.024537
0 0.877344 0.126620 0.019792 0.016204
0 0.836589 0.332407 0.019010 0.018519
0 0.682682 0.368981 0.019010 0.018519
0 0.990625 0.457639 0.014583 0.022685
0 0.741276 0.834259 0.010156 0.028704
0 0.732161 0.852083 0.011719 0.028241
0 0.756510 0.901852 0.008854 0.031481
2 0.748177 0.962731 0.009896 0.044907
