0 0.927995 0.511343 0.016927 0.021759
0 0.704297 0.698843 0.012760 0.022685
0 0.723177 0.751389 0.011458 0.026852
0 0.651172 0.033333 0.013802 0.024074
0 0.265495 0.215046 0.017448 0.017130
0 0.683464 0.653472 0.014323 0.025463
0 0.792969 0.102546 0.018750 0.017130
0 0.136719 0.563426 0.015625 0.012963
0 0.747526 0.893519 0.008594 0.025926
0 0.609245 0.217593 0.010677 0.028704
0 0.705469 0.118056 0.016667 0.021296
0 0.721745 0.700231 0.013281 0.026389
0 0.563151 0.581481 0.018490 0.018519
0 0.149870 0.222222 0.016406 0.016667
2 0.039844 0.228241 0.025000 0.018519
0 0.341667 0.376157 0.015625 0.014352
0 0.315625 0.394676 0.015625 0.014352
0 0.403125 0.571991 0.015625 0.014352
0 0.671094 0.620833 0.016667 0.021296
0 0.600521 0.292593 0.010417 0.028704
0 0.638151 0.186806 0.014323 0.026389
0 0.572396 0.214120 0.019271 0.018981
0 0.549219 0.215278 0.015104 0.017593
0 0.789974 0.018056 0.013802 0.027778
0 0.801693 0.050694 0.013802 0.028241
0 0.782422 0.045833 0.013802 0.027778
0 0.856771 0.178935 0.015625 0.026389
0 0.914193 0.304630 0.016927 0.017593
0 0.877344 0.298380 0.016667 0.018056
0 0.863151 0.325231 0.016927 0.018056
0 0.742448 0.778241 0.011458 0.026852
0 0.735547 0.791435 0.010677 0.026389
0 0.751563 0.818056 0.008854 0.026852
0 0.741667 0.833102 0.008854 0.026389
0 0.756120 0.865278 0.008073 0.024074
0 0.758073 0.955093 0.008333 0.024074
0 0.748047 0.950463 0.008073 0.024074
