0 0.655990 0.636111 0.012500 0.022222
0 0.132812 0.434028 0.018229 0.015278
0 0.683984 0.653704 0.015885 0.024074
0 0.782552 0.107639 0.019271 0.018056
0 0.726302 0.767824 0.010937 0.022685
0 0.618099 0.579861 0.013802 0.023611
0 0.705599 0.717593 0.011719 0.024074
0 0.632682 0.192130 0.014323 0.022222
0 0.736979 0.812269 0.010417 0.025463
0 0.269271 0.212269 0.018229 0.015278
0 0.820833 0.118287 0.016146 0.018981
0 0.642188 0.114120 0.013542 0.023611
0 0.370443 0.207870 0.018490 0.014815
0 0.696224 0.110648 0.016927 0.021296
0 0.196224 0.430093 0.021094 0.017593
0 0.413411 0.206944 0.017448 0.017593
0 0.753906 0.859491 0.009896 0.030093
0 0.505208 0.222685 0.016146 0.015741
0 0.589063 0.272454 0.014583 0.031019
0 0.778125 0.678704 0.018229 0.017593
0 0.577734 0.213657 0.017969 0.018981
0 0.619010 0.229167 0.013542 0.025926
0 0.455990 0.444676 0.017708 0.015278
0 0.553646 0.222685 0.016667 0.015741
0 0.160677 0.361806 0.018229 0.015278
0 0.876563 0.225000 0.014583 0.029630
0 0.864714 0.318287 0.017969 0.019907
0 0.655469 0.377315 0.016146 0.015741
0 0.710547 0.428009 0.021094 0.018981
0 0.940104 0.559259 0.018229 0.024074
0 0.879948 0.576389 0.012500 0.030556
0 0.855339 0.709722 0.014323 0.030556
0 0.619792 0.534259 0.014583 0.025926
0 0.728906 0.737963 0.011979 0.025926
0 0.743620 0.784954 0.011719 0.028241
0 0.730078 0.834491 0.011719 0.027315
0 0.744141 0.873148 0.008594 0.026852
0 0.757161 0.925000 0.008594 0.026852
0 0.746745 0.943519 0.007031 0.023148
0 0.756901 0.977778 0.008073 0.027778
