0 0.674609 0.688426 0.013802 0.017593
0 0.726042 0.754630 0.011458 0.024074
0 0.730078 0.815278 0.010677 0.021296
0 0.609245 0.565278 0.010156 0.017593
0 0.477604 0.583333 0.015625 0.014815
0 0.638932 0.638194 0.011198 0.020833
0 0.036719 0.556481 0.016146 0.019444
0 0.812240 0.144676 0.020833 0.018981
0 0.788151 0.077778 0.012760 0.025926
0 0.631901 0.183102 0.011198 0.024537
0 0.745443 0.825231 0.008594 0.021759
0 0.680859 0.661574 0.013802 0.020370
0 0.789844 0.669444 0.015625 0.015741
0 0.624609 0.568750 0.007031 0.019907
0 0.857943 0.196065 0.014844 0.019907
0 0.545833 0.408102 0.013021 0.014352
0 0.768359 0.024769 0.010156 0.025463
0 0.068359 0.233796 0.024219 0.016667
0 0.143620 0.564352 0.018490 0.014815
0 0.532943 0.234259 0.020052 0.017593
0 0.720573 0.827315 0.011979 0.023148
0 0.700130 0.737037 0.013802 0.020370
0 0.092448 0.344676 0.017708 0.017130
0 0.233724 0.395602 0.019010 0.018056
0 0.543620 0.388194 0.021615 0.018056
0 0.642708 0.394213 0.018750 0.018981
0 0.439714 0.236806 0.016406 0.016204
0 0.462500 0.238889 0.014583 0.012037
0 0.562240 0.229398 0.021354 0.013426
0 0.588542 0.218056 0.018229 0.022222
0 0.742839 0.379861 0.020052 0.013426
0 0.737109 0.858796 0.010156 0.028704
0 0.728646 0.885417 0.011979 0.031944
0 0.742318 0.904167 0.007031 0.030556
0 0.751693 0.890972 0.011719 0.035648
0 0.751302 0.938657 0.008854 0.028241
0 0.741667 0.958565 0.014063 0.034722
0 0.752604 0.981713 0.013542 0.036574
0 0.808724 0.905556 0.012240 0.031481
0 0.850260 0.710648 0.009896 0.037963
0 0.865104 0.327778 0.021875 0.023148
0 0.735807 0.130324 0.013281 0.011574
0 0.802083 0.073843 0.009375 0.036574
0 0.687630 0.027315 0.010677 0.024074
1 0.633854 0.087731 0.025000 0.042130
