0 0.449609 0.614120 0.017969 0.013426
0 0.622786 0.668750 0.014323 0.019907
0 0.605859 0.220370 0.016927 0.023148
0 0.785417 0.175694 0.018750 0.018981
0 0.293750 0.257407 0.021354 0.013889
0 0.856771 0.194907 0.018750 0.016667
0 0.304557 0.434491 0.017969 0.013426
0 0.702474 0.848611 0.010156 0.025000
0 0.814193 0.181944 0.020052 0.020370
0 0.700391 0.165278 0.019531 0.017593
0 0.663151 0.738889 0.012760 0.022222
0 0.756120 0.145370 0.020052 0.020370
0 0.391536 0.419213 0.017969 0.013426
1 0.584766 0.416204 0.044531 0.021296
0 0.854818 0.293981 0.013802 0.035185
1 0.842839 0.375000 0.048177 0.025926
0 0.654557 0.760648 0.012760 0.022222
0 0.687500 0.793287 0.011458 0.026389
0 0.713151 0.925000 0.010156 0.025000
0 0.715104 0.980093 0.008854 0.028704
