0 0.517839 0.592824 0.020052 0.018056
0 0.554948 0.189352 0.018229 0.021296
0 0.188021 0.567593 0.022396 0.017593
0 0.685286 0.727315 0.016406 0.026852
0 0.548438 0.372454 0.019271 0.016204
0 0.899479 0.458796 0.010937 0.026852
0 0.244531 0.588657 0.017188 0.016204
0 0.390755 0.584491 0.016927 0.013426
0 0.020703 0.412500 0.015365 0.013889
0 0.700781 0.716204 0.014583 0.027778
0 0.716406 0.752778 0.013021 0.024074
0 0.596745 0.217824 0.012760 0.028241
0 0.712109 0.349074 0.021615 0.017593
0 0.642708 0.661111 0.016667 0.025926
0 0.626432 0.593981 0.013281 0.022222
0 0.618620 0.122917 0.014844 0.030093
0 0.957943 0.284722 0.020052 0.019444
0 0.773958 0.034491 0.015625 0.033796
0 0.639193 0.359722 0.020052 0.017593
0 0.302604 0.398843 0.017188 0.014352
0 0.023568 0.365741 0.015365 0.013889
0 0.345052 0.201157 0.017188 0.014352
0 0.436198 0.221065 0.017188 0.014352
0 0.730339 0.090972 0.018490 0.018056
0 0.794531 0.039815 0.015104 0.027778
0 0.854557 0.111343 0.014323 0.018056
0 0.925130 0.127315 0.016406 0.018519
0 0.991797 0.115741 0.016406 0.018519
0 0.879818 0.525694 0.014323 0.031019
0 0.884115 0.691667 0.016667 0.025926
0 0.842969 0.764120 0.013542 0.031944
0 0.706250 0.816667 0.013021 0.028704
0 0.723958 0.834259 0.012500 0.031481
0 0.734245 0.889120 0.011198 0.030093
0 0.748307 0.918287 0.011198 0.030093
0 0.747917 0.968287 0.008854 0.031019
0 0.737760 0.970139 0.008854 0.031019
2 0.739062 0.836574 0.020313 0.059259
