1 0.434115 0.588194 0.027604 0.018056
0 0.852734 0.549306 0.012240 0.027315
0 0.671745 0.813889 0.010677 0.027778
0 0.673568 0.770370 0.012760 0.027778
0 0.653125 0.713194 0.013542 0.019907
0 0.576823 0.246528 0.012500 0.019907
0 0.624740 0.669213 0.013542 0.018981
0 0.594661 0.096991 0.012760 0.023611
0 0.552474 0.318287 0.013802 0.025463
0 0.672005 0.874074 0.011198 0.031481
0 0.735807 0.140278 0.014844 0.017593
0 0.129167 0.569444 0.015625 0.025000
0 0.772786 0.825463 0.012760 0.037037
0 0.978385 0.307407 0.018750 0.016667
0 0.837760 0.354398 0.016146 0.020833
0 0.687109 0.914815 0.010677 0.029630
0 0.823568 0.212500 0.014844 0.021296
0 0.498568 0.479630 0.017448 0.017593
0 0.814974 0.250000 0.012760 0.027778
0 0.640104 0.729167 0.013021 0.029630
0 0.556510 0.533102 0.011979 0.015278
0 0.011458 0.354630 0.015625 0.025000
0 0.056510 0.240741 0.015625 0.025000
0 0.337891 0.414352 0.017448 0.017593
0 0.314453 0.245833 0.017448 0.017593
0 0.406641 0.251389 0.017448 0.017593
2 0.449349 0.250231 0.033594 0.025463
2 0.505339 0.240509 0.033594 0.025463
0 0.477995 0.255787 0.011198 0.019907
0 0.569661 0.140972 0.012760 0.023611
0 0.536589 0.232870 0.014323 0.025926
0 0.586849 0.408565 0.017969 0.020833
0 0.756120 0.106250 0.013802 0.023611
0 0.788932 0.194213 0.016406 0.022685
0 0.835286 0.534954 0.012240 0.027315
0 0.969661 0.520833 0.016927 0.022222
0 0.835286 0.700231 0.012240 0.027315
0 0.783854 0.893519 0.010937 0.036111
0 0.753646 0.913426 0.010937 0.036111
0 0.805990 0.781944 0.010937 0.036111
0 0.683724 0.865278 0.011198 0.031481
0 0.655078 0.760648 0.013281 0.024074
0 0.696615 0.898843 0.011979 0.029167
0 0.690234 0.850463 0.011198 0.031481
0 0.699219 0.985417 0.007812 0.029167
0 0.550781 0.565741 0.014583 0.026852
