0 0.556771 0.590046 0.013021 0.025463
0 0.650781 0.758333 0.011979 0.028704
0 0.768880 0.157407 0.014844 0.018519
0 0.302995 0.454167 0.018490 0.013889
0 0.738021 0.115972 0.013021 0.026389
0 0.743359 0.687500 0.016927 0.017593
0 0.635417 0.697685 0.014583 0.020370
0 0.616406 0.184722 0.018229 0.027778
0 0.938281 0.191898 0.015104 0.015278
0 0.410156 0.460880 0.018750 0.014352
0 0.662630 0.839815 0.012240 0.029630
0 0.680078 0.797917 0.013281 0.028241
0 0.839583 0.192593 0.016667 0.017593
0 0.460417 0.250694 0.015104 0.015278
0 0.601172 0.635185 0.013281 0.022222
0 0.439063 0.250231 0.014063 0.015278
0 0.713802 0.037500 0.011458 0.027778
0 0.416667 0.249537 0.015625 0.017593
0 0.601562 0.670833 0.013021 0.022222
0 0.511589 0.238657 0.015885 0.018981
0 0.481771 0.246991 0.015625 0.018056
0 0.460547 0.481019 0.019010 0.013889
0 0.373437 0.246759 0.015104 0.014815
0 0.556641 0.159028 0.013802 0.019907
2 0.537370 0.229398 0.030990 0.031019
0 0.573307 0.252546 0.015365 0.023611
0 0.673568 0.824769 0.013281 0.028241
0 0.693620 0.861343 0.013281 0.028241
0 0.685547 0.918750 0.013281 0.028241
0 0.743490 0.964815 0.010937 0.027778
0 0.862630 0.470602 0.009115 0.026389
0 0.807552 0.350926 0.014583 0.014815
0 0.891536 0.325000 0.017448 0.015741
0 0.722135 0.073148 0.011458 0.027778
