0 0.853125 0.615509 0.016146 0.023611
0 0.568750 0.193981 0.017188 0.017593
0 0.716797 0.846296 0.011198 0.022222
0 0.782031 0.673843 0.019271 0.018981
0 0.306901 0.402315 0.018490 0.015741
0 0.586849 0.225926 0.012760 0.026852
0 0.659635 0.666435 0.016667 0.024537
0 0.530078 0.217361 0.017448 0.018056
0 0.620703 0.132639 0.013281 0.025463
0 0.311979 0.584259 0.019271 0.015741
0 0.728776 0.958333 0.008594 0.030556
0 0.722266 0.798148 0.012240 0.025926
0 0.978125 0.144907 0.016146 0.016667
0 0.245964 0.222917 0.016927 0.017130
0 0.067057 0.345370 0.020573 0.018519
0 0.240104 0.394444 0.017188 0.015741
0 0.443490 0.384722 0.018229 0.015741
0 0.238802 0.462500 0.016667 0.013889
2 0.665365 0.712037 0.030729 0.055556
0 0.735286 0.881481 0.011719 0.031481
0 0.693880 0.110185 0.018490 0.023148
0 0.620573 0.604630 0.015104 0.024074
0 0.775651 0.362269 0.017448 0.018981
0 0.884115 0.224769 0.014063 0.024537
0 0.725651 0.895370 0.011719 0.031481
0 0.789193 0.974074 0.011719 0.031481
0 0.740234 0.947454 0.009115 0.029167
