0 0.867839 0.565509 0.015365 0.020833
0 0.196224 0.549769 0.017969 0.018056
0 0.716016 0.686343 0.013802 0.026389
0 0.591797 0.595833 0.014844 0.022222
0 0.855208 0.766898 0.011979 0.023611
0 0.507161 0.569444 0.016406 0.013889
0 0.625781 0.572222 0.014583 0.025000
0 0.844922 0.114815 0.019010 0.022222
0 0.757552 0.842824 0.009896 0.026389
0 0.683724 0.632870 0.015365 0.018519
0 0.480599 0.567824 0.015365 0.015278
0 0.749740 0.796065 0.011979 0.031019
0 0.629297 0.546065 0.013802 0.021759
0 0.654818 0.083333 0.013802 0.029630
0 0.615885 0.179630 0.017708 0.022222
0 0.765234 0.011574 0.010677 0.016667
0 0.799740 0.087269 0.012500 0.020833
0 0.705208 0.106481 0.015625 0.021296
0 0.386849 0.568750 0.015365 0.017130
0 0.298698 0.376852 0.018229 0.013889
2 0.543099 0.218981 0.025781 0.021296
0 0.581510 0.367593 0.019271 0.015741
0 0.303906 0.399537 0.018229 0.013889
0 0.330729 0.231481 0.018229 0.013889
0 0.241146 0.220370 0.018229 0.013889
0 0.436198 0.461111 0.019271 0.015741
0 0.549219 0.391667 0.019271 0.015741
0 0.573177 0.206481 0.015625 0.019444
0 0.535677 0.182407 0.015625 0.019444
0 0.510156 0.226852 0.015625 0.019444
0 0.458594 0.229630 0.015625 0.019444
0 0.729427 0.357407 0.019271 0.015741
0 0.881380 0.234491 0.012240 0.028241
0 0.918880 0.428241 0.012760 0.031481
0 0.899479 0.439583 0.010937 0.028241
0 0.893229 0.647454 0.014063 0.031019
0 0.851042 0.677083 0.012500 0.028241
0 0.698698 0.687731 0.016146 0.028241
0 0.723047 0.738657 0.013802 0.026389
0 0.737109 0.741435 0.013802 0.026389
0 0.737500 0.795139 0.009896 0.024537
0 0.743359 0.832639 0.010677 0.028241
0 0.746745 0.864583 0.010677 0.028241
0 0.760156 0.906713 0.008854 0.026389
0 0.749740 0.905324 0.008854 0.026389
0 0.751823 0.943750 0.008854 0.026389
0 0.759505 0.981481 0.008594 0.032407
