0 0.630208 0.168056 0.014583 0.023148
0 0.067708 0.250463 0.014583 0.016667
0 0.659505 0.772917 0.010156 0.020833
0 0.569922 0.212963 0.014844 0.026852
0 0.691146 0.972685 0.011458 0.023148
0 0.695312 0.859491 0.008333 0.028241
0 0.249609 0.481713 0.016406 0.015278
0 0.585807 0.642361 0.011719 0.018981
0 0.649740 0.720833 0.013542 0.023148
0 0.674609 0.820602 0.009115 0.022685
0 0.684896 0.137500 0.018750 0.017593
0 0.623828 0.674769 0.012240 0.020833
0 0.662760 0.387269 0.015104 0.016204
0 0.780208 0.148380 0.011458 0.020833
0 0.728125 0.092593 0.013021 0.025926
0 0.683073 0.796759 0.009896 0.021296
0 0.441667 0.602315 0.015104 0.013889
0 0.609115 0.392593 0.013542 0.012037
0 0.453776 0.257176 0.014844 0.013426
0 0.020573 0.528009 0.013542 0.014352
0 0.297786 0.592361 0.016406 0.015278
0 0.557813 0.536806 0.008854 0.022685
0 0.637500 0.727315 0.013542 0.023148
0 0.687240 0.888194 0.008333 0.028241
0 0.699740 0.913194 0.008333 0.028241
0 0.906641 0.533102 0.015365 0.018056
0 0.742839 0.367130 0.016927 0.017593
0 0.716927 0.060185 0.010417 0.028704
0 0.797005 0.211111 0.013281 0.022222
0 0.938802 0.183565 0.014063 0.016204
0 0.532552 0.235880 0.015104 0.017130
0 0.546615 0.347454 0.008854 0.024537
