0 0.639193 0.611111 0.014844 0.017593
0 0.678776 0.688426 0.012240 0.020370
0 0.927604 0.503009 0.017708 0.024537
0 0.730990 0.730324 0.010937 0.023611
0 0.086068 0.233796 0.016927 0.014815
0 0.390104 0.566898 0.016146 0.013426
0 0.714974 0.727546 0.012760 0.026389
0 0.869401 0.602083 0.013802 0.022685
0 0.559115 0.578704 0.018750 0.017593
0 0.694531 0.112500 0.018750 0.023148
0 0.792839 0.079630 0.020052 0.019444
0 0.866667 0.124306 0.018750 0.018056
0 0.822656 0.623843 0.015104 0.018981
0 0.681120 0.667361 0.016406 0.022685
0 0.721615 0.791898 0.010417 0.028241
0 0.738151 0.804398 0.009635 0.022685
0 0.667057 0.140741 0.015885 0.022222
0 0.697917 0.661806 0.013021 0.020833
0 0.104688 0.527546 0.019792 0.021759
0 0.594141 0.424769 0.017448 0.017130
0 0.161328 0.545139 0.019531 0.019907
0 0.756120 0.867130 0.009635 0.026852
0 0.532292 0.216435 0.018750 0.016204
0 0.641797 0.175463 0.016406 0.027778
0 0.485807 0.223380 0.016927 0.016204
0 0.552604 0.211343 0.015625 0.015278
0 0.572656 0.203935 0.015625 0.015278
0 0.572786 0.158333 0.016406 0.021296
0 0.598568 0.188426 0.016406 0.021296
2 0.613151 0.237500 0.017448 0.040741
0 0.643880 0.437731 0.017448 0.017130
0 0.827214 0.138889 0.016927 0.022222
0 0.926693 0.141667 0.015885 0.013889
0 0.792448 0.034259 0.013542 0.026852
0 0.774219 0.036343 0.010417 0.020833
0 0.769271 0.010417 0.011979 0.019907
0 0.885026 0.240046 0.013281 0.031019
0 0.850781 0.382639 0.018750 0.017130
0 0.809375 0.902778 0.008854 0.023148
0 0.704818 0.737500 0.012240 0.022222
0 0.742839 0.771065 0.010677 0.024537
0 0.750651 0.810880 0.010677 0.026389
0 0.759505 0.917130 0.008073 0.029630
0 0.757031 0.988426 0.006771 0.023148
