0 0.930078 0.514583 0.015885 0.022685
0 0.866797 0.630556 0.012760 0.026852
0 0.273307 0.558796 0.015365 0.012963
0 0.805729 0.116667 0.017708 0.022222
0 0.317057 0.564583 0.017448 0.012500
0 0.766667 0.650463 0.015104 0.016667
0 0.618880 0.574769 0.013281 0.028241
0 0.840104 0.728935 0.013021 0.027315
0 0.650260 0.094444 0.013021 0.028704
0 0.718620 0.108333 0.014844 0.018519
0 0.711849 0.724769 0.012760 0.023611
0 0.683464 0.094676 0.017448 0.021759
0 0.556380 0.580556 0.017969 0.019444
0 0.702083 0.644907 0.019271 0.018519
0 0.611068 0.248611 0.012760 0.031481
0 0.749740 0.096528 0.017188 0.016204
0 0.737370 0.753009 0.011719 0.023611
0 0.595833 0.190278 0.016667 0.022222
0 0.966146 0.467130 0.016667 0.023148
0 0.902474 0.529861 0.014323 0.021759
0 0.747005 0.788426 0.010677 0.025000
0 0.535026 0.214352 0.015365 0.016667
0 0.652344 0.597222 0.016146 0.027778
0 0.739974 0.818981 0.010156 0.029630
0 0.783203 0.100463 0.016406 0.014815
0 0.492188 0.222685 0.018229 0.016667
0 0.896094 0.346065 0.017708 0.018981
0 0.758984 0.948843 0.007552 0.027315
0 0.414193 0.204167 0.014844 0.017593
0 0.858203 0.176389 0.015365 0.024074
0 0.725260 0.715741 0.010937 0.022222
0 0.567318 0.206713 0.015885 0.017130
0 0.773958 0.036343 0.011458 0.020833
0 0.427865 0.225463 0.016146 0.012963
0 0.597786 0.298380 0.010156 0.029167
0 0.786198 0.017361 0.011979 0.026389
0 0.768359 0.011111 0.012760 0.021296
0 0.894792 0.287731 0.017708 0.018981
0 0.991927 0.122222 0.016146 0.016667
0 0.921615 0.359491 0.017708 0.018981
0 0.707682 0.744676 0.011719 0.023611
0 0.731380 0.835417 0.009115 0.025463
0 0.758333 0.880556 0.008333 0.027778
0 0.749089 0.957407 0.007031 0.023148
0 0.739583 0.931019 0.007292 0.026852
