0 0.755599 0.666667 0.020052 0.023148
0 0.954427 0.473380 0.019271 0.024537
0 0.105990 0.570370 0.015625 0.016667
0 0.712760 0.718287 0.014063 0.027315
0 0.925521 0.499074 0.016667 0.022222
0 0.624740 0.160648 0.013542 0.030556
0 0.750260 0.790741 0.010937 0.021296
0 0.730990 0.721296 0.012500 0.025926
0 0.583984 0.590278 0.022135 0.018519
2 0.729297 0.763889 0.017448 0.035185
0 0.665104 0.662269 0.014583 0.025463
0 0.871094 0.569213 0.015104 0.027315
0 0.587891 0.187037 0.015885 0.025000
0 0.666406 0.139120 0.014583 0.026389
0 0.821484 0.078472 0.016927 0.026389
0 0.938021 0.350000 0.021875 0.020370
0 0.754948 0.823380 0.010417 0.026389
0 0.739974 0.798611 0.012240 0.025000
0 0.780729 0.044907 0.014063 0.021296
0 0.558203 0.202546 0.020052 0.022685
0 0.665495 0.609028 0.016406 0.027315
0 0.880078 0.121528 0.018490 0.016204
0 0.757161 0.331250 0.017969 0.018981
0 0.922786 0.271065 0.016927 0.017130
0 0.935677 0.284722 0.019792 0.016667
0 0.989323 0.452083 0.016667 0.021759
0 0.642969 0.607176 0.015104 0.024537
0 0.759505 0.956019 0.009115 0.030556
0 0.750260 0.940972 0.009375 0.027315
2 0.761198 0.898148 0.012500 0.043519
0 0.745182 0.842593 0.008594 0.025926
0 0.743099 0.762500 0.010677 0.028704
0 0.597917 0.245833 0.013021 0.031481
