0 0.550391 0.255093 0.017448 0.015741
1 0.039062 0.571759 0.045833 0.030556
0 0.649349 0.186343 0.018490 0.026389
0 0.638932 0.700231 0.015885 0.027315
0 0.187891 0.401620 0.023177 0.014352
0 0.828646 0.799306 0.013542 0.032870
0 0.276562 0.252083 0.024479 0.016204
0 0.699219 0.834722 0.012500 0.025926
0 0.465234 0.437963 0.017448 0.015741
0 0.779818 0.404167 0.020052 0.023148
0 0.876693 0.362963 0.020052 0.023148
0 0.964974 0.334722 0.020052 0.023148
0 0.820312 0.738194 0.016667 0.040278
0 0.686979 0.844444 0.011458 0.028704
0 0.698828 0.930093 0.008594 0.028704
0 0.710286 0.947685 0.008594 0.028704
