0 0.824870 0.611343 0.014844 0.018981
0 0.290365 0.572917 0.015625 0.018056
0 0.630859 0.573611 0.015885 0.027778
0 0.786198 0.100463 0.012500 0.016667
0 0.712240 0.713426 0.013021 0.023148
0 0.612109 0.522454 0.011198 0.024537
0 0.654687 0.594444 0.013542 0.026852
0 0.620573 0.174074 0.018750 0.024074
0 0.762240 0.650694 0.017188 0.021759
0 0.316016 0.561343 0.014323 0.014352
0 0.670443 0.130787 0.013802 0.024537
0 0.475260 0.566667 0.018229 0.015741
0 0.691276 0.703935 0.014323 0.024537
0 0.822135 0.115972 0.013021 0.018981
0 0.177474 0.366667 0.020573 0.016667
0 0.389583 0.389352 0.021875 0.016667
0 0.742448 0.083102 0.015104 0.018056
0 0.747396 0.787037 0.009896 0.026852
0 0.802214 0.049074 0.016927 0.033333
0 0.250130 0.392593 0.017448 0.016667
0 0.489323 0.217130 0.021875 0.017593
0 0.742708 0.827315 0.011979 0.025000
0 0.019271 0.334954 0.015625 0.018056
0 0.022656 0.563426 0.019271 0.016667
0 0.432422 0.221991 0.020052 0.018056
0 0.067448 0.340278 0.021354 0.016667
0 0.092318 0.241204 0.022656 0.019444
0 0.378516 0.225231 0.017448 0.020833
0 0.558724 0.209954 0.021615 0.020833
2 0.865495 0.188194 0.024740 0.041204
0 0.960938 0.254630 0.022396 0.024074
0 0.969792 0.460417 0.020833 0.021759
0 0.977344 0.501389 0.020833 0.017593
0 0.737500 0.742130 0.012500 0.029630
0 0.730339 0.767824 0.012760 0.027315
0 0.756901 0.846759 0.011198 0.029630
0 0.748177 0.873380 0.009896 0.025463
0 0.760156 0.914352 0.009896 0.029630
0 0.750911 0.935648 0.010156 0.027778
0 0.759635 0.968750 0.009896 0.028241
0 0.749740 0.974074 0.009375 0.025926
