0 0.703255 0.687500 0.016927 0.015741
0 0.636979 0.099074 0.013542 0.034259
0 0.625391 0.628009 0.013281 0.030093
0 0.568229 0.189815 0.016146 0.017593
0 0.794922 0.034259 0.014323 0.032407
0 0.584115 0.555787 0.012500 0.020833
0 0.035286 0.206481 0.022656 0.015741
0 0.594010 0.241898 0.011979 0.024537
0 0.784245 0.676157 0.016406 0.021759
2 0.837109 0.151389 0.029427 0.037037
0 0.316146 0.470139 0.020313 0.014352
0 0.576302 0.248611 0.012500 0.029630
0 0.737630 0.871296 0.008594 0.028704
0 0.833724 0.390278 0.020052 0.014815
0 0.887109 0.508333 0.011719 0.032407
0 0.948698 0.352546 0.018750 0.018981
0 0.105729 0.371528 0.017708 0.016204
0 0.083854 0.542361 0.017708 0.016204
0 0.322917 0.382176 0.017708 0.016204
0 0.532031 0.382639 0.020313 0.014352
0 0.546875 0.154167 0.016146 0.017593
2 0.751823 0.095370 0.026562 0.023148
2 0.747396 0.348611 0.026562 0.023148
0 0.641667 0.017361 0.013542 0.033796
0 0.708073 0.099306 0.018229 0.021759
0 0.907552 0.319676 0.018750 0.018981
0 0.972917 0.272917 0.018750 0.018981
0 0.865234 0.656481 0.011719 0.032407
0 0.695443 0.769213 0.013281 0.030093
0 0.724870 0.813657 0.013281 0.030093
0 0.740755 0.983333 0.010156 0.026852
1 0.711068 0.763194 0.028385 0.069907
