0 0.628906 0.693287 0.015104 0.027315
0 0.252344 0.486574 0.021354 0.015741
0 0.654557 0.192593 0.017448 0.023148
0 0.830599 0.203009 0.020052 0.019907
0 0.705859 0.906944 0.011198 0.026852
0 0.641276 0.118981 0.015365 0.033333
0 0.142708 0.385417 0.019271 0.013426
0 0.582682 0.433796 0.022135 0.014815
0 0.676953 0.787963 0.012760 0.025000
0 0.872005 0.371759 0.020573 0.016667
0 0.664714 0.034954 0.010156 0.034722
0 0.678255 0.433333 0.022135 0.014815
0 0.676823 0.415278 0.030729 0.017593
0 0.587891 0.609028 0.018490 0.037500
0 0.922786 0.373611 0.020573 0.016667
0 0.921745 0.231481 0.020573 0.016667
0 0.697526 0.856944 0.013281 0.030556
0 0.708333 0.955787 0.010417 0.029167
