0 0.321745 0.603472 0.016406 0.011574
0 0.639974 0.706250 0.016406 0.023611
0 0.134115 0.384259 0.024479 0.015741
0 0.944271 0.215278 0.017708 0.012963
0 0.660026 0.182407 0.016927 0.025926
0 0.085026 0.391204 0.023698 0.015741
0 0.820964 0.203472 0.016927 0.025463
0 0.692708 0.877778 0.010937 0.029630
0 0.648828 0.092130 0.015365 0.029630
0 0.620964 0.173148 0.015365 0.029630
0 0.600130 0.256481 0.015365 0.029630
0 0.736458 0.164583 0.019271 0.020833
0 0.813542 0.399074 0.018229 0.022222
0 0.758203 0.391204 0.020052 0.018519
0 0.697005 0.835648 0.010156 0.025926
0 0.771484 0.945833 0.010156 0.025926
