0 0.123438 0.446991 0.017188 0.017130
0 0.722656 0.165741 0.019792 0.014815
0 0.385677 0.263194 0.015625 0.016204
2 0.778516 0.867361 0.015365 0.041204
0 0.657292 0.742130 0.013021 0.025926
0 0.648177 0.193981 0.016667 0.022222
0 0.787760 0.176620 0.018750 0.019907
0 0.674089 0.432870 0.020573 0.016667
0 0.580078 0.300926 0.015365 0.031481
0 0.028776 0.366898 0.020052 0.015278
0 0.205339 0.396759 0.026823 0.021296
0 0.342448 0.424306 0.017188 0.017130
0 0.403906 0.439815 0.021875 0.017593
0 0.743099 0.423611 0.020573 0.016667
0 0.808203 0.387963 0.020573 0.016667
0 0.873047 0.391204 0.020573 0.016667
0 0.734766 0.484722 0.020573 0.016667
0 0.642057 0.108102 0.015365 0.032870
0 0.693229 0.838426 0.017188 0.045370
0 0.706771 0.914120 0.009896 0.028241
0 0.709896 0.972917 0.009896 0.028241
