0 0.007161 0.249769 0.010677 0.010648
0 0.641797 0.692593 0.013802 0.016667
0 0.713932 0.709028 0.015365 0.014352
0 0.606510 0.449537 0.017188 0.014815
0 0.502083 0.600231 0.014583 0.014352
0 0.893880 0.525231 0.017969 0.019907
0 0.358594 0.485417 0.014063 0.019907
0 0.581120 0.639352 0.013802 0.016667
0 0.574219 0.118981 0.011979 0.021296
2 0.301953 0.252315 0.020573 0.016667
0 0.729688 0.041667 0.011979 0.025926
0 0.604557 0.174074 0.013802 0.019444
0 0.687240 0.844907 0.010417 0.024074
0 0.574089 0.197222 0.014844 0.021296
0 0.303646 0.587963 0.019792 0.021296
0 0.395182 0.421528 0.016927 0.014352
0 0.354818 0.591898 0.017448 0.018056
0 0.404818 0.593981 0.016927 0.016667
0 0.289062 0.231481 0.016146 0.016667
0 0.479948 0.250231 0.013021 0.012500
0 0.630208 0.701620 0.015625 0.018981
0 0.881510 0.595833 0.015625 0.022222
0 0.329688 0.256019 0.016146 0.016667
0 0.348177 0.252778 0.016146 0.016667
0 0.377344 0.253241 0.016146 0.016667
0 0.415885 0.252778 0.016146 0.016667
0 0.446615 0.255093 0.016146 0.016667
0 0.376042 0.403241 0.016146 0.016667
0 0.436979 0.422685 0.016146 0.016667
0 0.162370 0.401852 0.016406 0.016667
0 0.064974 0.548611 0.016406 0.016667
0 0.520573 0.231944 0.016146 0.016667
0 0.762760 0.118056 0.011979 0.025926
0 0.779687 0.154861 0.015104 0.015278
0 0.772135 0.365046 0.015104 0.015278
0 0.874740 0.331250 0.015104 0.015278
0 0.892969 0.305324 0.015104 0.015278
0 0.891406 0.366898 0.015104 0.015278
0 0.858333 0.643981 0.015625 0.022222
0 0.822396 0.648611 0.011458 0.021296
0 0.830859 0.599306 0.012240 0.023611
0 0.846354 0.494444 0.015104 0.035185
0 0.844531 0.685880 0.016146 0.030093
0 0.690104 0.886574 0.010417 0.024074
0 0.682813 0.907407 0.010417 0.024074
0 0.695052 0.921296 0.010417 0.024074
0 0.695573 0.959722 0.010417 0.024074
0 0.697135 0.990972 0.008333 0.017130
0 0.695052 0.833333 0.010417 0.024074
0 0.685677 0.797222 0.010417 0.024074
0 0.673958 0.799074 0.010417 0.024074
0 0.677344 0.764815 0.010417 0.024074
0 0.657682 0.758333 0.013281 0.025926
0 0.575130 0.583102 0.012240 0.023611
