0 0.582943 0.203704 0.013802 0.023148
0 0.654948 0.689815 0.016667 0.017593
0 0.648958 0.744907 0.014063 0.025926
0 0.740104 0.154630 0.014063 0.015741
0 0.622396 0.673148 0.015104 0.015741
0 0.546745 0.478935 0.017969 0.017130
0 0.880208 0.550926 0.015104 0.017593
2 0.854297 0.555787 0.015885 0.033796
0 0.681641 0.793981 0.010677 0.024074
0 0.477995 0.255787 0.012240 0.014352
0 0.687109 0.884954 0.009115 0.026389
0 0.021224 0.365972 0.016927 0.019907
0 0.964193 0.182176 0.017969 0.016204
0 0.903385 0.195370 0.024479 0.015741
0 0.461068 0.256250 0.014844 0.016204
0 0.362109 0.251620 0.016927 0.017130
0 0.662630 0.743056 0.010677 0.020370
0 0.835417 0.545139 0.013021 0.027315
0 0.949740 0.380324 0.016146 0.016204
0 0.855990 0.350463 0.017708 0.016667
0 0.807292 0.175231 0.017188 0.018056
0 0.758333 0.105093 0.012500 0.021296
0 0.734115 0.094907 0.012500 0.021296
0 0.745052 0.073148 0.012500 0.021296
0 0.732161 0.047685 0.011198 0.025000
0 0.723307 0.068056 0.011198 0.025000
2 0.714974 0.036343 0.012240 0.031944
0 0.649349 0.157870 0.013802 0.018519
0 0.616797 0.185185 0.013802 0.018519
0 0.652734 0.386574 0.017448 0.015741
0 0.818750 0.591667 0.013021 0.025000
0 0.562500 0.548380 0.013021 0.029167
0 0.814063 0.771296 0.010937 0.024074
0 0.767969 0.856019 0.008333 0.022222
0 0.698438 0.886806 0.009375 0.025463
0 0.701432 0.953472 0.009115 0.023611
0 0.691536 0.965972 0.009115 0.023611
0 0.528776 0.397917 0.017969 0.017130
0 0.144531 0.372222 0.021875 0.021296
0 0.048568 0.242361 0.017969 0.019907
2 0.244531 0.390972 0.026042 0.020833
0 0.428906 0.254861 0.015104 0.016204
0 0.493750 0.252546 0.015104 0.017130
0 0.510677 0.246991 0.015104 0.017130
0 0.528125 0.240972 0.015104 0.017130
0 0.543750 0.285648 0.013021 0.025000
0 0.546484 0.348148 0.011198 0.024074
