0 0.615625 0.110880 0.009896 0.023611
0 0.450521 0.594444 0.017188 0.013889
0 0.546484 0.231481 0.014323 0.016667
0 0.674609 0.691435 0.016927 0.017130
0 0.410026 0.594444 0.016927 0.015741
0 0.667708 0.787500 0.009375 0.021296
0 0.178385 0.233565 0.016146 0.015278
0 0.670573 0.756250 0.012500 0.020833
0 0.807161 0.622685 0.016927 0.020370
0 0.546615 0.563657 0.010937 0.027315
0 0.549870 0.477083 0.016406 0.014352
0 0.690104 0.824074 0.009375 0.022222
0 0.591146 0.227778 0.014063 0.025926
0 0.082943 0.440046 0.015365 0.017130
0 0.643750 0.679167 0.015104 0.016667
0 0.461589 0.254398 0.013281 0.016204
0 0.666927 0.149074 0.016146 0.021296
0 0.677344 0.822685 0.009896 0.023148
0 0.412760 0.252083 0.017708 0.013426
0 0.265625 0.229861 0.013021 0.015278
2 0.493229 0.395602 0.021875 0.018056
0 0.700130 0.140509 0.015365 0.012500
0 0.103516 0.386806 0.016927 0.013426
0 0.722135 0.012037 0.010417 0.023148
0 0.733854 0.051620 0.010417 0.023611
0 0.724219 0.070370 0.010417 0.024074
0 0.734115 0.100000 0.010417 0.024074
0 0.746875 0.080556 0.010417 0.024074
0 0.782161 0.140972 0.012240 0.021759
0 0.820964 0.178241 0.012240 0.016667
0 0.874349 0.191204 0.012240 0.016667
0 0.966927 0.183102 0.014583 0.015278
0 0.898828 0.318287 0.018490 0.018981
2 0.612630 0.388426 0.025260 0.017593
0 0.861068 0.648843 0.012760 0.025463
0 0.785286 0.794676 0.010677 0.024537
2 0.752083 0.957407 0.011979 0.033333
0 0.688281 0.883565 0.008333 0.025463
0 0.696875 0.875694 0.008333 0.025463
0 0.691146 0.947917 0.008333 0.025463
0 0.702604 0.959491 0.008333 0.025463
0 0.680469 0.787500 0.009375 0.021296
0 0.654427 0.754861 0.012500 0.020833
0 0.569531 0.564120 0.010417 0.020833
0 0.544922 0.418519 0.016406 0.018519
0 0.076563 0.243056 0.016146 0.015741
0 0.304427 0.247685 0.015625 0.012963
0 0.434115 0.254861 0.013542 0.012500
0 0.477344 0.253935 0.013542 0.014352
0 0.493620 0.251389 0.015365 0.013889
0 0.510807 0.247454 0.014323 0.013426
2 0.714974 0.034028 0.011719 0.031944
