0 0.929948 0.507407 0.016146 0.022222
0 0.652734 0.634028 0.015885 0.025463
0 0.737109 0.657176 0.018490 0.014352
0 0.795703 0.115046 0.015365 0.018981
0 0.147786 0.567130 0.019010 0.017593
0 0.947005 0.484491 0.016406 0.020833
0 0.078125 0.567361 0.019792 0.017130
0 0.698047 0.731250 0.011719 0.021759
0 0.532031 0.183333 0.017708 0.020370
0 0.887891 0.563657 0.016406 0.025463
0 0.842969 0.711574 0.015104 0.027778
0 0.616927 0.569444 0.015104 0.024074
0 0.709115 0.721065 0.012500 0.025463
0 0.735026 0.811343 0.009635 0.027315
0 0.315104 0.215972 0.019271 0.018981
0 0.736979 0.756713 0.011458 0.026389
0 0.796354 0.059954 0.012500 0.024537
0 0.582943 0.370370 0.017969 0.016667
0 0.754427 0.857407 0.008854 0.027778
0 0.444661 0.571296 0.019010 0.017593
0 0.601823 0.224306 0.012500 0.031019
0 0.527214 0.393981 0.017969 0.016667
0 0.590104 0.512269 0.013021 0.028241
0 0.626172 0.550926 0.012760 0.025926
0 0.799219 0.401852 0.022396 0.021296
0 0.724479 0.719444 0.012500 0.025000
0 0.720313 0.752315 0.012500 0.025000
0 0.745964 0.804630 0.009635 0.025926
0 0.744661 0.861806 0.008594 0.025463
0 0.756901 0.904861 0.008594 0.025463
0 0.735026 0.896065 0.008594 0.025463
0 0.746354 0.914815 0.008333 0.030556
0 0.747656 0.963889 0.008333 0.030556
