0 0.590495 0.247917 0.011719 0.032870
0 0.702344 0.762963 0.011979 0.025000
0 0.685026 0.697222 0.015885 0.026852
0 0.573047 0.193981 0.016927 0.020370
0 0.108073 0.549769 0.015625 0.018056
0 0.726172 0.848843 0.009115 0.031019
0 0.154948 0.560880 0.018750 0.015278
0 0.598568 0.630093 0.014323 0.020370
0 0.993620 0.133102 0.007031 0.015278
0 0.779297 0.673843 0.021094 0.016204
0 0.009896 0.331019 0.015104 0.018519
0 0.842839 0.333102 0.023698 0.021759
0 0.745573 0.093981 0.019271 0.019444
0 0.400391 0.406481 0.018490 0.016667
0 0.704297 0.812731 0.013802 0.027315
0 0.625000 0.116435 0.013021 0.027315
0 0.596224 0.531019 0.014323 0.029630
0 0.422396 0.195370 0.025000 0.016667
0 0.774870 0.100231 0.020052 0.024537
0 0.099870 0.226157 0.020052 0.017130
0 0.735417 0.981250 0.011979 0.037500
0 0.482292 0.222917 0.018229 0.015278
0 0.690625 0.741667 0.012500 0.028704
0 0.277995 0.581944 0.014844 0.016667
2 0.799219 0.028704 0.019271 0.043519
0 0.301823 0.387269 0.018750 0.018981
0 0.479297 0.187269 0.020573 0.016204
0 0.590495 0.108565 0.013802 0.023611
0 0.867448 0.129630 0.020313 0.020370
0 0.652474 0.363194 0.023698 0.021759
0 0.692318 0.373843 0.023698 0.021759
0 0.889193 0.598148 0.016927 0.026852
0 0.773568 0.034491 0.014323 0.030093
0 0.897266 0.231944 0.014323 0.030556
0 0.863542 0.669444 0.014063 0.032407
0 0.795573 0.957407 0.014063 0.032407
0 0.722526 0.781019 0.011719 0.025000
0 0.738542 0.846528 0.009896 0.032870
0 0.745964 0.925231 0.010156 0.028241
0 0.714974 0.804630 0.013802 0.026852
