0 0.635156 0.707639 0.013021 0.021759
0 0.500391 0.608102 0.013281 0.015278
0 0.912109 0.176620 0.016406 0.014352
0 0.220182 0.398148 0.017969 0.016667
0 0.974609 0.476389 0.016927 0.015741
0 0.657943 0.761806 0.011198 0.024537
0 0.962760 0.361111 0.017188 0.015741
0 0.641276 0.753704 0.013802 0.022222
0 0.410677 0.253704 0.014583 0.014815
0 0.868229 0.175231 0.015104 0.014352
0 0.054297 0.385648 0.016406 0.014815
0 0.529036 0.231481 0.019531 0.022222
0 0.612109 0.103472 0.010677 0.020833
0 0.441927 0.254861 0.011979 0.016204
0 0.581380 0.628241 0.012240 0.021296
0 0.761719 0.113194 0.013021 0.021759
0 0.767969 0.164120 0.013021 0.021759
0 0.726953 0.087731 0.010677 0.022685
0 0.725651 0.038194 0.010677 0.022685
0 0.552474 0.268056 0.011719 0.026852
0 0.499870 0.246528 0.016927 0.016204
0 0.484766 0.246991 0.016927 0.016204
0 0.464714 0.254630 0.013802 0.013889
0 0.448047 0.225000 0.013802 0.013889
0 0.388802 0.255556 0.014583 0.014815
0 0.356250 0.253704 0.014583 0.014815
0 0.264583 0.233796 0.016146 0.013889
0 0.543750 0.627083 0.016146 0.018056
0 0.625260 0.387731 0.016146 0.017130
0 0.663932 0.820602 0.011198 0.024537
0 0.677604 0.822917 0.008854 0.024537
0 0.688021 0.811343 0.008854 0.024537
0 0.686198 0.865046 0.008854 0.024537
0 0.691927 0.927083 0.009375 0.030093
0 0.694010 0.978009 0.008854 0.028241
0 0.860417 0.635648 0.010937 0.019444
0 0.836198 0.583102 0.008854 0.021759
0 0.832422 0.543750 0.014323 0.033796
