0 0.532943 0.615509 0.014844 0.016204
0 0.673438 0.751157 0.011458 0.025463
0 0.598568 0.652315 0.013802 0.018519
0 0.505859 0.610880 0.013802 0.014352
0 0.111198 0.249306 0.017188 0.013426
0 0.573047 0.198148 0.009635 0.021296
0 0.344401 0.596759 0.016406 0.015741
0 0.597786 0.126389 0.013802 0.022222
0 0.418099 0.597917 0.014323 0.014352
0 0.745964 0.149306 0.016406 0.019907
0 0.735677 0.065278 0.009896 0.021296
0 0.685417 0.793519 0.010937 0.024074
0 0.632422 0.731250 0.012760 0.024537
0 0.667578 0.818287 0.010677 0.023611
0 0.646745 0.761574 0.011198 0.023148
0 0.696745 0.948380 0.008594 0.025463
0 0.606380 0.638657 0.012240 0.020833
0 0.723437 0.071991 0.011458 0.027315
0 0.619922 0.685417 0.013281 0.019907
0 0.972526 0.160185 0.023177 0.017593
0 0.652865 0.143287 0.013021 0.020833
0 0.725000 0.439583 0.015104 0.014352
0 0.701042 0.690972 0.015625 0.014352
0 0.798958 0.203935 0.014063 0.020833
0 0.325781 0.259491 0.013542 0.013426
0 0.362370 0.257870 0.018490 0.012963
0 0.221094 0.418056 0.016146 0.012037
0 0.349349 0.427083 0.016406 0.012500
0 0.660026 0.752315 0.011198 0.023148
0 0.692708 0.826852 0.010937 0.024074
0 0.642448 0.007870 0.010417 0.014815
0 0.539062 0.231481 0.014583 0.018519
0 0.507943 0.244676 0.014323 0.016204
0 0.466016 0.256713 0.014323 0.016204
0 0.412370 0.254630 0.012240 0.012963
0 0.983333 0.280324 0.015104 0.014352
