0 0.913802 0.517593 0.019792 0.022222
0 0.717187 0.686111 0.012500 0.021296
0 0.774609 0.092593 0.014844 0.017593
0 0.659115 0.070139 0.012500 0.024537
0 0.669661 0.643287 0.017448 0.019907
0 0.492057 0.565972 0.016927 0.016204
1 0.867578 0.639583 0.018490 0.042130
0 0.734896 0.786806 0.011979 0.024537
0 0.887370 0.121759 0.019010 0.017593
0 0.754687 0.825463 0.009896 0.026852
0 0.357552 0.575926 0.016146 0.017593
0 0.718620 0.105787 0.017969 0.019907
0 0.745573 0.778009 0.010417 0.030093
0 0.698958 0.693519 0.013021 0.023148
0 0.716797 0.733333 0.012240 0.024074
0 0.583724 0.305787 0.012760 0.023611
0 0.314844 0.212269 0.017708 0.015278
0 0.750391 0.991667 0.008073 0.016667
0 0.585677 0.371065 0.017708 0.017130
0 0.948307 0.130093 0.019010 0.017593
0 0.886458 0.559028 0.013542 0.031019
0 0.925260 0.578704 0.014583 0.025926
0 0.734505 0.737037 0.012240 0.024074
0 0.727995 0.758333 0.012240 0.024074
0 0.744531 0.847222 0.009896 0.026852
0 0.757552 0.868519 0.009896 0.026852
0 0.759635 0.935648 0.009896 0.026852
0 0.750000 0.931019 0.009896 0.026852
