0 0.150000 0.241435 0.014583 0.014352
0 0.651953 0.706713 0.014323 0.024537
0 0.546745 0.556481 0.010156 0.020370
0 0.586068 0.655093 0.013802 0.016667
0 0.691406 0.130787 0.015625 0.018056
0 0.629427 0.702083 0.015625 0.019907
0 0.689714 0.801157 0.009115 0.020833
0 0.826432 0.600231 0.015885 0.018981
0 0.660286 0.763657 0.010677 0.024537
0 0.622396 0.162500 0.012500 0.021296
0 0.711198 0.135880 0.016146 0.017130
0 0.727995 0.088889 0.013281 0.022222
0 0.662109 0.146296 0.011719 0.022222
0 0.709635 0.026852 0.008854 0.023148
0 0.207813 0.237731 0.014583 0.014352
2 0.220573 0.257176 0.031250 0.020833
0 0.229167 0.403472 0.014583 0.014352
0 0.201823 0.419676 0.014583 0.014352
0 0.094010 0.393287 0.014583 0.014352
0 0.267708 0.593750 0.014583 0.014352
0 0.492969 0.253009 0.015104 0.016204
0 0.515365 0.248843 0.015104 0.016204
0 0.544792 0.225694 0.013542 0.018981
0 0.576823 0.238889 0.013021 0.024074
0 0.675130 0.757176 0.010677 0.024537
0 0.678776 0.821528 0.009115 0.024537
0 0.694401 0.830787 0.009115 0.020833
0 0.688932 0.868981 0.009635 0.028704
0 0.702214 0.893056 0.009635 0.028704
0 0.688151 0.962963 0.009635 0.028704
0 0.705339 0.971296 0.009635 0.028704
0 0.789974 0.773148 0.009635 0.028704
