0 0.133333 0.237269 0.015104 0.013426
0 0.635026 0.687037 0.016927 0.017593
0 0.988411 0.168750 0.015885 0.015278
0 0.671354 0.754861 0.013021 0.025463
0 0.653385 0.753241 0.014583 0.025926
0 0.793620 0.644907 0.017448 0.021296
0 0.713932 0.143981 0.015365 0.015741
0 0.211068 0.400000 0.016406 0.021296
0 0.692578 0.828472 0.013802 0.024537
0 0.932031 0.180324 0.019271 0.014352
0 0.343099 0.592593 0.014844 0.016667
0 0.694531 0.946991 0.009375 0.025463
0 0.619271 0.718287 0.015104 0.020833
0 0.019531 0.245602 0.012500 0.014352
0 0.419661 0.259954 0.016406 0.015278
0 0.361068 0.259722 0.014323 0.013889
0 0.114453 0.590972 0.017448 0.012500
0 0.828776 0.176389 0.016406 0.016667
0 0.279427 0.403472 0.014583 0.018981
0 0.874349 0.190972 0.011198 0.012500
0 0.916667 0.328009 0.018750 0.018056
0 0.829427 0.343056 0.021875 0.019444
2 0.776042 0.377315 0.021875 0.019444
0 0.766927 0.163657 0.013542 0.015278
0 0.732682 0.100926 0.012760 0.023148
0 0.744661 0.087963 0.012760 0.023148
0 0.734635 0.057407 0.013021 0.023148
0 0.718750 0.058333 0.013021 0.023148
0 0.708594 0.028241 0.013021 0.023148
0 0.724740 0.028241 0.013021 0.023148
0 0.576302 0.212037 0.013021 0.023148
0 0.775521 0.839352 0.009896 0.023148
0 0.774219 0.958796 0.009896 0.023148
0 0.669922 0.796528 0.012240 0.025463
0 0.684635 0.793981 0.009896 0.025000
0 0.681771 0.835185 0.010937 0.025000
0 0.686458 0.868519 0.010937 0.025000
0 0.690234 0.909028 0.009115 0.024537
0 0.397786 0.258333 0.014323 0.013889
0 0.444922 0.257176 0.016406 0.015278
0 0.467839 0.264120 0.016406 0.015278
2 0.503776 0.250000 0.026823 0.026852
2 0.540234 0.233565 0.028906 0.031019
