0 0.928646 0.514120 0.018229 0.022685
0 0.787240 0.108796 0.018229 0.021296
0 0.203646 0.446528 0.020833 0.017130
0 0.835807 0.112731 0.016927 0.017130
0 0.724740 0.719676 0.011979 0.024537
0 0.572266 0.204167 0.017969 0.020370
0 0.872396 0.611574 0.013021 0.027778
0 0.054036 0.336806 0.017448 0.016204
0 0.746875 0.797222 0.009375 0.026852
0 0.760026 0.100231 0.015885 0.018981
0 0.653255 0.601157 0.014323 0.021759
0 0.528776 0.220602 0.019010 0.019907
0 0.744141 0.339583 0.016406 0.019907
0 0.015885 0.230093 0.017708 0.016667
0 0.242188 0.575694 0.015625 0.018056
0 0.686328 0.680556 0.015885 0.025000
0 0.733984 0.799769 0.010677 0.027315
0 0.374479 0.565046 0.017708 0.015278
0 0.616797 0.568750 0.013281 0.025463
0 0.800260 0.639815 0.018750 0.021296
0 0.648438 0.162037 0.014583 0.020370
0 0.321354 0.442361 0.016146 0.017130
0 0.481380 0.196296 0.019010 0.017593
0 0.601172 0.306713 0.010677 0.029167
0 0.609635 0.366204 0.018750 0.015741
0 0.501302 0.374537 0.018750 0.015741
0 0.508073 0.396296 0.018750 0.015741
0 0.539583 0.456019 0.018750 0.015741
0 0.936849 0.146528 0.016927 0.017130
0 0.972656 0.135880 0.018229 0.018981
0 0.952995 0.280324 0.016406 0.020833
0 0.902214 0.489120 0.011198 0.029167
0 0.603646 0.526389 0.012500 0.025926
0 0.726823 0.762269 0.011979 0.024537
0 0.745964 0.874306 0.010677 0.027315
0 0.755599 0.884491 0.008073 0.031019
0 0.756380 0.951157 0.009115 0.028241
0 0.748698 0.983333 0.008854 0.029630
