0 0.993099 0.327778 0.013802 0.021296
0 0.725000 0.167361 0.019271 0.017130
0 0.704818 0.150694 0.016927 0.018981
0 0.827734 0.192593 0.015885 0.015741
0 0.255599 0.417361 0.017969 0.014352
0 0.602474 0.638194 0.012760 0.021759
0 0.658984 0.734028 0.012760 0.021759
0 0.693620 0.817361 0.010677 0.024537
0 0.710417 0.905787 0.007292 0.023611
0 0.841536 0.679630 0.011719 0.030556
2 0.852214 0.753935 0.019010 0.033796
0 0.913151 0.219213 0.016406 0.015278
0 0.776563 0.121296 0.010937 0.023148
0 0.670833 0.181944 0.016667 0.018519
0 0.585417 0.295139 0.013021 0.029167
