0 0.387500 0.649306 0.006771 0.027315
0 0.387891 0.687963 0.007552 0.025926
0 0.682292 0.130556 0.013021 0.011111
0 0.749870 0.363194 0.021094 0.013426
0 0.132292 0.532407 0.015625 0.022222
0 0.245833 0.433102 0.009375 0.024537
0 0.445964 0.913194 0.014323 0.015278
0 0.150130 0.230556 0.014323 0.020370
0 0.408984 0.441204 0.013802 0.013889
0 0.377344 0.434259 0.014063 0.017593
0 0.208594 0.364352 0.007812 0.026852
0 0.414062 0.822454 0.015104 0.013426
0 0.430990 0.958333 0.015104 0.012963
0 0.287240 0.203241 0.013021 0.017593
0 0.386849 0.763889 0.008594 0.021296
0 0.983073 0.313194 0.013021 0.012500
0 0.413021 0.856019 0.013021 0.012037
0 0.121354 0.580556 0.007292 0.025000
0 0.235156 0.574537 0.017188 0.013889
0 0.364323 0.982639 0.007812 0.025463
0 0.025130 0.347222 0.014844 0.014815
0 0.259896 0.292824 0.007292 0.027315
0 0.326172 0.272917 0.010677 0.025463
0 0.411458 0.787500 0.010937 0.012963
0 0.411979 0.885648 0.014063 0.014815
0 0.355469 0.350231 0.011458 0.025463
0 0.850521 0.433333 0.015625 0.016667
2 0.948568 0.456713 0.027344 0.021759
2 0.756120 0.440509 0.025260 0.020833
0 0.383854 0.450926 0.014583 0.018519
0 0.387630 0.723611 0.008073 0.023148
0 0.384766 0.866667 0.007552 0.024074
0 0.570052 0.277778 0.010417 0.012963
2 0.465625 0.400000 0.022917 0.013889
0 0.715625 0.175231 0.011458 0.022685
0 0.369531 0.471528 0.013542 0.018056
0 0.455078 0.442361 0.013802 0.011574
0 0.415495 0.840741 0.013802 0.011111
0 0.882682 0.495370 0.016927 0.020370
0 0.125391 0.312269 0.010677 0.026389
0 0.461719 0.422454 0.013542 0.012500
0 0.252344 0.219213 0.007292 0.025463
0 0.435156 0.977083 0.015104 0.014352
2 0.340885 0.412037 0.010937 0.036111
0 0.534245 0.403472 0.013802 0.016204
0 0.219792 0.179630 0.014583 0.019444
0 0.020052 0.684259 0.017708 0.016667
0 0.022917 0.666204 0.013542 0.011111
0 0.023698 0.650926 0.013542 0.011111
0 0.199609 0.566204 0.013802 0.014815
0 0.256771 0.599074 0.017188 0.013889
0 0.240104 0.676620 0.008854 0.027315
0 0.069531 0.463889 0.012500 0.015741
2 0.008464 0.325000 0.016406 0.015741
2 0.063151 0.337731 0.020573 0.018981
0 0.262500 0.040972 0.007292 0.025463
0 0.276823 0.096991 0.007292 0.025463
0 0.392188 0.422685 0.014063 0.017593
0 0.424349 0.431944 0.013802 0.013889
0 0.513932 0.423148 0.014323 0.013889
0 0.609375 0.412037 0.015104 0.012037
0 0.855208 0.156713 0.010417 0.025463
0 0.938021 0.145139 0.010937 0.022685
0 0.947917 0.149306 0.009375 0.026389
0 0.729036 0.173148 0.011198 0.018519
0 0.685286 0.041204 0.016927 0.013889
0 0.732422 0.041435 0.012240 0.015278
0 0.745703 0.039583 0.011719 0.012500
0 0.385156 0.836806 0.008333 0.024537
0 0.385547 0.940741 0.007552 0.024074
0 0.365625 0.952083 0.007812 0.025463
0 0.413802 0.870833 0.014063 0.014815
0 0.411979 0.804630 0.011458 0.011111
