0 0.667969 0.711343 0.014583 0.014352
0 0.669792 0.749074 0.010417 0.023148
0 0.545443 0.553009 0.009635 0.024537
0 0.855729 0.489583 0.009375 0.026389
0 0.608724 0.193750 0.012760 0.018981
0 0.558203 0.589120 0.012240 0.021759
0 0.587240 0.643750 0.013542 0.023611
0 0.241797 0.470370 0.016406 0.014815
0 0.710807 0.145370 0.014323 0.013889
0 0.907292 0.527546 0.017708 0.018056
0 0.088281 0.226157 0.014583 0.013426
0 0.394792 0.408333 0.014583 0.013889
0 0.683464 0.852083 0.009635 0.027315
0 0.081771 0.538194 0.017188 0.015278
0 0.964193 0.521991 0.017448 0.019907
0 0.681641 0.785417 0.010677 0.025463
0 0.719141 0.051852 0.010677 0.022222
0 0.205469 0.441667 0.015625 0.015741
0 0.691536 0.833565 0.007552 0.019907
0 0.132292 0.241435 0.016667 0.014352
0 0.727734 0.088657 0.014323 0.024537
0 0.035026 0.365046 0.016927 0.018981
0 0.233203 0.386111 0.016406 0.014815
0 0.279557 0.392130 0.013281 0.013889
0 0.420443 0.253241 0.017448 0.012963
0 0.458464 0.253241 0.015885 0.013889
0 0.483333 0.251157 0.013021 0.013426
0 0.533854 0.233102 0.013021 0.013426
2 0.509635 0.245370 0.023958 0.017593
2 0.541016 0.169676 0.020052 0.030093
0 0.573698 0.248611 0.012500 0.024074
0 0.605078 0.462731 0.015885 0.014352
0 0.658854 0.442361 0.020833 0.014352
1 0.639453 0.382639 0.044010 0.024537
0 0.565495 0.557639 0.010677 0.025463
0 0.653516 0.749074 0.012240 0.022222
0 0.672786 0.802315 0.009635 0.026852
0 0.687630 0.896991 0.007552 0.024537
0 0.701693 0.929861 0.007552 0.024537
0 0.692318 0.973148 0.010156 0.025000
0 0.826042 0.344676 0.013542 0.015278
0 0.759635 0.101389 0.011979 0.020370
0 0.783984 0.163426 0.016406 0.018519
0 0.814063 0.238426 0.011458 0.021296
0 0.834896 0.237500 0.011458 0.021296
0 0.736849 0.053472 0.011198 0.025463
0 0.619661 0.050000 0.010677 0.022222
0 0.707161 0.011343 0.010677 0.021759
