0 0.933203 0.504861 0.016927 0.018981
0 0.597005 0.533796 0.013281 0.026852
0 0.098698 0.568981 0.020313 0.016667
0 0.949609 0.484028 0.019531 0.019907
0 0.167448 0.569444 0.019271 0.015741
0 0.751953 0.656713 0.016927 0.018056
0 0.795182 0.055556 0.011719 0.026852
0 0.294531 0.218287 0.021875 0.018056
0 0.594792 0.248843 0.013542 0.029167
0 0.754818 0.862731 0.008073 0.028241
0 0.735417 0.816667 0.009375 0.027778
0 0.634375 0.567824 0.013542 0.026389
0 0.710677 0.724074 0.013542 0.023148
0 0.780208 0.107407 0.015104 0.017593
0 0.737240 0.758796 0.011458 0.023148
0 0.725911 0.723148 0.012760 0.024074
0 0.555208 0.374074 0.018750 0.014815
0 0.660417 0.644213 0.017188 0.026389
0 0.849219 0.685417 0.014583 0.024537
0 0.701693 0.741667 0.012240 0.020370
0 0.492578 0.397917 0.019010 0.017130
0 0.721094 0.757176 0.011979 0.023611
0 0.463021 0.570833 0.019271 0.015741
0 0.624349 0.584954 0.016406 0.027315
0 0.517708 0.190278 0.015625 0.018519
0 0.875260 0.229630 0.013542 0.026852
0 0.826693 0.394213 0.024740 0.022685
0 0.895052 0.554861 0.015625 0.023611
0 0.747005 0.810648 0.010156 0.025000
0 0.744661 0.867824 0.008073 0.028241
0 0.756380 0.910880 0.008073 0.028241
0 0.735807 0.913889 0.007552 0.026852
0 0.746354 0.918519 0.007292 0.034259
0 0.747135 0.966667 0.006771 0.032407
