0 0.747135 0.672685 0.013542 0.016667
0 0.635286 0.140509 0.013802 0.024537
0 0.816797 0.109259 0.014323 0.016667
0 0.617057 0.195139 0.013802 0.023611
0 0.902995 0.500694 0.014323 0.019907
0 0.726172 0.717361 0.010677 0.018981
0 0.681510 0.696528 0.017188 0.027315
0 0.080208 0.343750 0.021875 0.018056
0 0.708984 0.718287 0.013281 0.023611
0 0.687370 0.647685 0.014323 0.016667
0 0.789583 0.075000 0.013021 0.026852
0 0.486979 0.222917 0.019271 0.019907
0 0.853385 0.575000 0.016146 0.026852
0 0.735286 0.752083 0.010156 0.018981
0 0.244792 0.389583 0.022396 0.018981
0 0.698698 0.695833 0.012500 0.021296
0 0.309115 0.392130 0.016146 0.015741
0 0.808854 0.063657 0.014583 0.022685
0 0.518620 0.218287 0.017969 0.019907
0 0.616797 0.090046 0.013281 0.020833
0 0.982943 0.133102 0.012760 0.016204
0 0.617448 0.234259 0.013021 0.022222
0 0.565755 0.200694 0.017969 0.020833
0 0.182943 0.377546 0.017448 0.018981
0 0.199349 0.225926 0.016406 0.019444
0 0.405859 0.207870 0.015365 0.016667
0 0.454036 0.225926 0.023177 0.021296
0 0.545443 0.209722 0.012240 0.014815
0 0.586719 0.191898 0.019271 0.015278
1 0.570443 0.590046 0.047656 0.041204
0 0.796615 0.637037 0.013542 0.016667
0 0.723177 0.760648 0.018229 0.033333
0 0.714323 0.776389 0.013021 0.023148
0 0.728646 0.833333 0.010417 0.025000
1 0.748437 0.810648 0.020313 0.070370
0 0.756120 0.924537 0.009635 0.024074
0 0.744401 0.955556 0.008073 0.023148
0 0.755859 0.993519 0.007552 0.012963
0 0.768490 0.021528 0.014063 0.026389
0 0.787500 0.021065 0.014583 0.025463
0 0.917578 0.133565 0.017448 0.018056
0 0.945312 0.277778 0.016146 0.012963
0 0.913411 0.437037 0.011719 0.026852
