0 0.610156 0.670833 0.014583 0.020370
0 0.647526 0.733102 0.011719 0.022685
0 0.808203 0.156019 0.014844 0.015741
0 0.552734 0.455556 0.016406 0.013889
0 0.567448 0.214815 0.016146 0.023148
0 0.133073 0.571296 0.017188 0.014815
0 0.824479 0.604861 0.009896 0.028241
0 0.305859 0.487037 0.019531 0.016667
0 0.605339 0.130093 0.011198 0.022222
0 0.504167 0.611111 0.013542 0.014815
0 0.551953 0.567824 0.010156 0.025463
0 0.672656 0.796065 0.011458 0.024537
0 0.174219 0.583102 0.015625 0.016204
0 0.527474 0.230556 0.016406 0.020370
0 0.572266 0.621528 0.013802 0.025463
0 0.695703 0.918056 0.010677 0.024074
0 0.635286 0.017130 0.011198 0.022222
0 0.708203 0.029167 0.011198 0.022222
0 0.732943 0.103241 0.011198 0.022222
0 0.707943 0.384722 0.014844 0.015741
0 0.545964 0.395370 0.014844 0.015741
2 0.495703 0.249769 0.021094 0.022685
0 0.468750 0.254861 0.015625 0.015278
0 0.445573 0.255324 0.015625 0.015278
0 0.411979 0.255324 0.015625 0.015278
0 0.323437 0.591898 0.015625 0.016204
0 0.689323 0.867361 0.008854 0.023611
0 0.705339 0.915741 0.009115 0.025000
0 0.697266 0.969444 0.009115 0.025000
0 0.779427 0.807176 0.010417 0.026389
0 0.820573 0.751157 0.010417 0.026389
0 0.862370 0.640509 0.011719 0.025463
0 0.955990 0.516204 0.017188 0.022222
