0 0.356771 0.568056 0.019271 0.017593
0 0.277734 0.572454 0.020052 0.018981
0 0.931510 0.494676 0.015625 0.018981
0 0.427865 0.570602 0.017708 0.016204
0 0.704818 0.710648 0.011198 0.021296
0 0.621354 0.163657 0.013021 0.020833
0 0.111849 0.237500 0.021094 0.015741
0 0.238151 0.555324 0.019531 0.018056
0 0.263542 0.432639 0.021875 0.014352
0 0.171354 0.439815 0.021354 0.016667
0 0.966797 0.472454 0.016406 0.018981
0 0.698047 0.643519 0.013802 0.016667
0 0.820443 0.081019 0.016927 0.030556
0 0.735156 0.809259 0.009375 0.023148
0 0.746745 0.928241 0.010677 0.024074
0 0.096354 0.559259 0.022917 0.016667
0 0.743359 0.870370 0.010156 0.023148
0 0.732552 0.743981 0.009375 0.017593
0 0.243359 0.394213 0.017969 0.015278
0 0.864323 0.624074 0.012500 0.022222
0 0.749219 0.812963 0.008333 0.022222
0 0.408854 0.203241 0.021875 0.018519
0 0.722786 0.711806 0.010677 0.019907
0 0.678776 0.352083 0.018490 0.015278
0 0.796875 0.086343 0.012500 0.025463
0 0.511849 0.225000 0.020052 0.019444
0 0.542448 0.212037 0.016667 0.018519
0 0.566276 0.205787 0.017969 0.016204
0 0.589323 0.196991 0.015625 0.017130
1 0.677083 0.125463 0.046354 0.045370
0 0.769401 0.027315 0.016927 0.029630
0 0.786589 0.023843 0.012760 0.022685
0 0.860807 0.119213 0.015365 0.016204
0 0.920443 0.136574 0.014323 0.018519
0 0.985286 0.464583 0.017969 0.017130
0 0.871875 0.568287 0.014583 0.023611
0 0.690885 0.712963 0.021875 0.040741
0 0.718750 0.744444 0.012500 0.022222
0 0.726172 0.771528 0.012240 0.025463
0 0.741536 0.777083 0.009635 0.024537
0 0.755599 0.886806 0.007031 0.024537
0 0.758203 0.964583 0.006510 0.028241
0 0.614062 0.526620 0.009375 0.032870
0 0.298307 0.394213 0.017969 0.015278
0 0.486068 0.376620 0.017969 0.015278
