0 0.714193 0.705787 0.014844 0.014352
0 0.666667 0.780556 0.011458 0.023148
0 0.666406 0.742824 0.014063 0.024537
0 0.596484 0.656019 0.013281 0.017593
0 0.622005 0.694213 0.014323 0.022685
0 0.375911 0.596991 0.017448 0.014352
0 0.005729 0.420139 0.010937 0.014352
0 0.685417 0.844444 0.009375 0.025926
0 0.030859 0.543981 0.014844 0.013889
0 0.629948 0.728009 0.013021 0.019907
0 0.443750 0.598380 0.016667 0.014352
0 0.735677 0.067593 0.011979 0.024074
0 0.616536 0.651157 0.013802 0.019907
0 0.546094 0.297222 0.008854 0.022222
0 0.752734 0.157176 0.013802 0.016204
0 0.110547 0.566204 0.014323 0.014815
0 0.826302 0.558102 0.011979 0.022685
0 0.682943 0.787037 0.008073 0.021296
0 0.622135 0.449537 0.015625 0.012037
0 0.691016 0.906019 0.009635 0.025000
0 0.846484 0.494444 0.009115 0.025926
0 0.005729 0.377546 0.010937 0.017130
0 0.809635 0.228241 0.010937 0.023148
0 0.832292 0.280556 0.010937 0.023148
0 0.631641 0.159259 0.012760 0.016667
0 0.528906 0.232870 0.013021 0.016667
0 0.508203 0.242361 0.017448 0.016204
0 0.482682 0.251389 0.014844 0.015741
0 0.473698 0.404630 0.021354 0.015741
0 0.382552 0.257176 0.016146 0.015278
0 0.328385 0.258565 0.016146 0.015278
0 0.281250 0.237731 0.016146 0.015278
0 0.062760 0.392593 0.016146 0.012037
0 0.245052 0.400926 0.017188 0.012963
0 0.490495 0.602083 0.012240 0.013426
0 0.702474 0.894444 0.009635 0.025000
0 0.695573 0.950000 0.009375 0.025926
2 0.439063 0.256944 0.021354 0.014815
