0 0.559505 0.568981 0.010156 0.025000
0 0.284505 0.247454 0.016406 0.013426
0 0.228255 0.489120 0.022656 0.018056
0 0.367578 0.484491 0.017969 0.016204
0 0.408333 0.617593 0.019271 0.012963
0 0.982031 0.206250 0.015625 0.013426
0 0.938932 0.212269 0.012760 0.012500
0 0.200911 0.587731 0.020573 0.013426
0 0.753776 0.168750 0.019531 0.019907
0 0.655729 0.723843 0.013021 0.023611
0 0.966667 0.581019 0.017708 0.018519
0 0.462370 0.509028 0.014323 0.013426
0 0.704167 0.856019 0.009896 0.024074
0 0.014844 0.431713 0.015625 0.015278
0 0.803255 0.907639 0.011719 0.030093
0 0.145052 0.390972 0.015625 0.015278
0 0.592187 0.612963 0.012500 0.029630
0 0.594271 0.664815 0.011979 0.023148
0 0.617188 0.662037 0.011979 0.023148
0 0.676042 0.769213 0.013021 0.023611
0 0.711068 0.911806 0.008073 0.028241
0 0.710026 0.962963 0.007552 0.025926
0 0.701432 0.403935 0.016406 0.012500
0 0.713802 0.416898 0.010937 0.008796
0 0.812630 0.400231 0.016927 0.012500
0 0.769531 0.099769 0.011458 0.022685
