0 0.901042 0.550694 0.016146 0.022685
0 0.635156 0.613889 0.011979 0.015741
0 0.588542 0.191898 0.016146 0.017130
0 0.698568 0.644907 0.017969 0.018519
0 0.623958 0.086111 0.016146 0.026852
0 0.766667 0.096991 0.017188 0.019907
0 0.845052 0.723380 0.013021 0.028241
0 0.869401 0.124306 0.016927 0.018056
0 0.261458 0.582176 0.015104 0.016204
0 0.648698 0.109954 0.015625 0.031019
0 0.707812 0.709491 0.014063 0.025463
0 0.855729 0.581019 0.016146 0.022222
0 0.016667 0.564583 0.016667 0.015278
0 0.944010 0.493519 0.016146 0.022222
0 0.725260 0.763194 0.010937 0.022685
0 0.834635 0.118056 0.017708 0.016667
0 0.721094 0.703009 0.010417 0.025463
0 0.136458 0.228241 0.018750 0.014815
0 0.612891 0.246528 0.011198 0.024537
0 0.735417 0.789352 0.009896 0.025926
0 0.852995 0.788426 0.010156 0.031481
0 0.586849 0.297685 0.010677 0.027778
0 0.749870 0.992361 0.009115 0.015278
0 0.162760 0.548148 0.017708 0.018519
0 0.701562 0.113426 0.016146 0.023148
0 0.212891 0.243056 0.019010 0.014815
0 0.764453 0.011574 0.012240 0.022222
0 0.452214 0.229861 0.017448 0.015278
0 0.204818 0.448148 0.016927 0.015741
0 0.568229 0.205787 0.016146 0.017130
0 0.777083 0.042130 0.014583 0.027778
0 0.800260 0.057870 0.014583 0.027778
0 0.881380 0.229167 0.016927 0.033333
0 0.918750 0.422454 0.010937 0.032870
0 0.818229 0.834722 0.010937 0.029630
0 0.827865 0.906944 0.011458 0.031481
0 0.734115 0.741898 0.010937 0.022685
0 0.746484 0.781481 0.011719 0.026852
0 0.741016 0.818981 0.011719 0.026852
0 0.758854 0.861806 0.009896 0.028241
0 0.745833 0.859028 0.009896 0.028241
0 0.749479 0.922917 0.009896 0.028241
0 0.760156 0.971991 0.009896 0.028241
