0 0.680078 0.770370 0.013802 0.026852
0 0.273698 0.595139 0.016146 0.013426
0 0.596484 0.620833 0.014323 0.028704
0 0.819271 0.232176 0.015625 0.031944
0 0.711068 0.970602 0.010677 0.030093
0 0.965104 0.215972 0.019271 0.014352
0 0.686068 0.168750 0.017448 0.024537
0 0.697005 0.913194 0.011719 0.031019
0 0.722396 0.161574 0.018750 0.023148
0 0.611979 0.234722 0.015625 0.023148
0 0.709375 0.920602 0.011979 0.031019
0 0.366146 0.258796 0.022396 0.012037
0 0.575911 0.609259 0.013281 0.023148
0 0.050781 0.417361 0.016146 0.013426
0 0.544141 0.261343 0.025781 0.020833
0 0.571224 0.346759 0.012760 0.037037
0 0.810026 0.181944 0.020052 0.023148
0 0.764193 0.079861 0.014323 0.031944
0 0.774870 0.109028 0.014323 0.031944
0 0.580599 0.570833 0.014323 0.028704
0 0.864193 0.701389 0.014323 0.028704
0 0.700130 0.831481 0.013802 0.026852
