0 0.671875 0.689352 0.015625 0.015741
0 0.928776 0.171759 0.015365 0.014815
0 0.514062 0.609491 0.016146 0.015278
0 0.690234 0.891204 0.008073 0.017593
0 0.657161 0.751852 0.011198 0.025000
0 0.584375 0.627315 0.014063 0.025000
0 0.246224 0.597685 0.013802 0.011111
0 0.667969 0.739120 0.011458 0.026389
0 0.583203 0.665046 0.012760 0.018981
0 0.669661 0.786343 0.009115 0.020833
0 0.679167 0.826389 0.008854 0.021296
0 0.566146 0.207407 0.013542 0.017593
2 0.410417 0.256019 0.020833 0.014815
0 0.721745 0.070602 0.011198 0.025463
0 0.807682 0.667361 0.010677 0.025463
1 0.689714 0.369213 0.023177 0.018056
0 0.429036 0.423148 0.016927 0.015741
0 0.435286 0.255324 0.015885 0.013426
0 0.460547 0.252546 0.015885 0.013426
0 0.480859 0.248843 0.014844 0.014352
0 0.504818 0.244676 0.013281 0.014352
0 0.378125 0.424306 0.015625 0.013426
0 0.038151 0.423843 0.014844 0.012500
2 0.541667 0.477083 0.042708 0.020833
0 0.594661 0.406713 0.015365 0.013426
0 0.603646 0.120833 0.010417 0.018519
0 0.820703 0.212037 0.012760 0.022222
0 0.825911 0.270833 0.011719 0.020370
0 0.914062 0.362269 0.016667 0.016204
0 0.953255 0.524537 0.016406 0.020370
0 0.920443 0.552778 0.016406 0.020370
0 0.845443 0.565509 0.011719 0.027315
0 0.799870 0.724769 0.010677 0.025463
0 0.818099 0.756250 0.013802 0.024537
0 0.780078 0.915278 0.009635 0.024074
0 0.687630 0.859722 0.009115 0.028704
0 0.676172 0.864120 0.009115 0.025463
0 0.682943 0.922454 0.009115 0.025463
0 0.695964 0.986343 0.009115 0.025463
