0 0.708724 0.728241 0.011719 0.023148
0 0.704948 0.672917 0.014583 0.013426
0 0.790885 0.092130 0.018750 0.022222
0 0.771484 0.393750 0.017969 0.012500
0 0.866146 0.193750 0.012500 0.018981
0 0.643880 0.660880 0.014323 0.018056
0 0.170703 0.577778 0.016927 0.015741
0 0.610156 0.601389 0.013021 0.021296
0 0.929297 0.125463 0.016927 0.012963
0 0.861849 0.115972 0.019010 0.018981
0 0.633984 0.612500 0.014323 0.027778
0 0.561458 0.304167 0.011979 0.027778
0 0.119401 0.552546 0.017969 0.018981
0 0.701042 0.092824 0.020313 0.020833
0 0.635156 0.381019 0.024479 0.022222
0 0.688932 0.352083 0.020573 0.019907
0 0.981250 0.129861 0.014583 0.016204
0 0.716276 0.796065 0.015365 0.039352
0 0.729297 0.861343 0.010156 0.029167
0 0.213411 0.371759 0.016927 0.015741
0 0.456901 0.381481 0.016927 0.015741
0 0.278255 0.200463 0.016927 0.015741
0 0.784505 0.340046 0.020573 0.019907
0 0.907943 0.305324 0.020573 0.019907
0 0.773958 0.027315 0.014583 0.029630
0 0.794271 0.035648 0.014583 0.029630
0 0.723828 0.777778 0.011719 0.023148
0 0.846484 0.818750 0.013281 0.029167
0 0.826172 0.918750 0.013281 0.029167
2 0.806120 0.912037 0.017448 0.044444
0 0.905208 0.450926 0.010417 0.034259
0 0.593620 0.508796 0.014323 0.027778
0 0.735547 0.939583 0.010156 0.029167
0 0.745182 0.900694 0.010156 0.029167
0 0.746875 0.933102 0.008854 0.028241
