0 0.352474 0.607407 0.016927 0.012963
0 0.734115 0.162731 0.015104 0.016204
0 0.597917 0.184954 0.015625 0.024537
2 0.698698 0.839815 0.024479 0.062037
0 0.809375 0.466204 0.022917 0.017593
0 0.242318 0.481481 0.020573 0.017593
1 0.980469 0.212269 0.031250 0.020833
0 0.406120 0.610648 0.017448 0.012037
1 0.292318 0.604167 0.040885 0.016667
0 0.711068 0.952315 0.007552 0.028704
0 0.858464 0.724769 0.013281 0.023611
0 0.807422 0.386343 0.020052 0.015278
0 0.867969 0.370370 0.024479 0.015741
0 0.851693 0.292361 0.014323 0.023611
0 0.786849 0.179167 0.015885 0.016667
1 0.221615 0.398843 0.027083 0.022685
0 0.161068 0.406019 0.020052 0.021296
0 0.491146 0.420602 0.016146 0.011574
0 0.479167 0.445370 0.015625 0.011111
