0 0.650781 0.647454 0.015625 0.023611
0 0.790365 0.124306 0.017188 0.011574
0 0.646745 0.180324 0.011198 0.018981
0 0.885286 0.567593 0.009635 0.030556
0 0.933984 0.527315 0.016406 0.021296
0 0.757812 0.115509 0.015104 0.014352
0 0.246354 0.578472 0.014063 0.013426
0 0.625260 0.564583 0.012500 0.018981
0 0.885938 0.147222 0.014583 0.013889
0 0.974740 0.166435 0.013542 0.012500
0 0.694922 0.683102 0.010677 0.019907
0 0.580859 0.217593 0.015885 0.014815
0 0.695052 0.714352 0.014063 0.025000
0 0.361979 0.237269 0.014583 0.010648
0 0.723698 0.784491 0.010937 0.031944
0 0.864714 0.572222 0.013802 0.022222
0 0.733073 0.846065 0.009375 0.028241
0 0.470703 0.239120 0.016406 0.015278
0 0.759245 0.372222 0.012760 0.013889
0 0.300781 0.580787 0.015625 0.014352
0 0.441667 0.391204 0.020313 0.014815
0 0.542318 0.467824 0.016406 0.011574
0 0.621094 0.602546 0.014063 0.025463
0 0.641146 0.610417 0.011979 0.026389
0 0.747526 0.852546 0.010677 0.034722
0 0.739583 0.886574 0.008333 0.027778
0 0.741406 0.926389 0.008333 0.027778
0 0.739714 0.991667 0.007552 0.016667
0 0.720964 0.384028 0.014323 0.014352
0 0.733464 0.360880 0.015365 0.013426
0 0.777734 0.061343 0.010156 0.025463
0 0.766536 0.018287 0.010156 0.025463
0 0.622135 0.221991 0.011458 0.026389
0 0.590365 0.313657 0.011458 0.028241
0 0.537630 0.231019 0.015885 0.014815
0 0.514844 0.235417 0.013542 0.010648
0 0.493490 0.236806 0.016667 0.013426
0 0.422266 0.238426 0.013802 0.012963
0 0.447786 0.238426 0.013802 0.012963
0 0.361458 0.236343 0.014583 0.010648
0 0.343880 0.237500 0.011719 0.012037
0 0.314714 0.235417 0.011719 0.012500
