0 0.170573 0.576157 0.039583 0.016204
0 0.590234 0.590509 0.012760 0.012500
0 0.745703 0.790741 0.008594 0.015741
0 0.915495 0.516898 0.013802 0.017130
0 0.829557 0.094907 0.012240 0.020370
0 0.671224 0.623148 0.014323 0.017593
0 0.752474 0.822454 0.010677 0.017130
0 0.560286 0.585880 0.013802 0.013426
0 0.474479 0.463194 0.013021 0.011574
0 0.262240 0.579630 0.015104 0.013889
0 0.720182 0.747454 0.010156 0.019907
0 0.715104 0.113194 0.015625 0.018056
0 0.708464 0.716898 0.014323 0.018981
0 0.746875 0.102083 0.013021 0.014352
0 0.658203 0.635880 0.011198 0.014352
0 0.791276 0.651620 0.013281 0.013426
0 0.873568 0.137037 0.016927 0.013889
0 0.442708 0.386111 0.012500 0.013889
0 0.720052 0.656250 0.013542 0.012500
0 0.844792 0.732870 0.009375 0.015741
0 0.437760 0.569213 0.016667 0.013426
0 0.528516 0.184954 0.013802 0.012500
0 0.725521 0.717593 0.009375 0.017593
0 0.774609 0.032870 0.011198 0.020370
0 0.613411 0.199537 0.009115 0.018519
0 0.580990 0.450694 0.013021 0.011574
0 0.689714 0.437037 0.018490 0.012963
0 0.635417 0.383102 0.013021 0.011574
0 0.608724 0.268056 0.008594 0.023148
0 0.583724 0.206250 0.013281 0.015278
0 0.563021 0.171991 0.021875 0.022685
0 0.767057 0.006944 0.011198 0.012963
0 0.885938 0.235648 0.011458 0.022222
0 0.718750 0.346065 0.013021 0.011574
0 0.856510 0.388194 0.013021 0.011574
0 0.878255 0.601157 0.010677 0.028241
0 0.736589 0.748843 0.010156 0.019907
0 0.736719 0.800926 0.009375 0.019444
0 0.742448 0.831944 0.009375 0.019444
0 0.755469 0.856019 0.009375 0.019444
0 0.747656 0.890278 0.009375 0.019444
0 0.758594 0.905556 0.009375 0.019444
0 0.749609 0.944907 0.008594 0.025926
0 0.759505 0.947685 0.008594 0.025926
0 0.749609 0.994444 0.008594 0.011111
