0 0.650260 0.667593 0.013542 0.024074
0 0.993359 0.186574 0.013281 0.017593
0 0.986068 0.533102 0.017448 0.021759
0 0.574089 0.212731 0.013802 0.017130
0 0.850651 0.202778 0.013802 0.022222
0 0.814063 0.633796 0.014583 0.025000
0 0.695443 0.136343 0.017448 0.019907
0 0.334245 0.388194 0.021094 0.012500
0 0.650000 0.692361 0.013542 0.024537
0 0.927734 0.191898 0.018490 0.015278
0 0.690885 0.746296 0.009375 0.022222
0 0.501563 0.229398 0.019271 0.014352
0 0.868099 0.522222 0.011719 0.031481
0 0.555339 0.213889 0.014323 0.018519
0 0.535547 0.224769 0.016927 0.017130
0 0.747656 0.128472 0.017708 0.018981
0 0.788932 0.146296 0.017448 0.020370
0 0.594531 0.391898 0.017708 0.012500
0 0.660937 0.393287 0.017708 0.012500
0 0.599870 0.201389 0.014323 0.035185
0 0.661328 0.064815 0.012760 0.028704
0 0.720964 0.120139 0.017448 0.019907
0 0.829297 0.207407 0.013802 0.022222
0 0.814193 0.350231 0.018490 0.015278
0 0.990755 0.296528 0.018490 0.015278
0 0.588542 0.534491 0.011979 0.028241
0 0.798047 0.787037 0.009635 0.030556
0 0.774349 0.902778 0.009635 0.030556
0 0.714193 0.844444 0.009635 0.030556
0 0.716536 0.937731 0.008073 0.028241
