0 0.674870 0.123380 0.012760 0.022685
0 0.530208 0.574074 0.020833 0.022222
0 0.689453 0.647222 0.016406 0.021296
0 0.633333 0.595833 0.013021 0.023148
0 0.945703 0.497222 0.018490 0.024074
0 0.637630 0.146759 0.012760 0.031481
0 0.661719 0.640046 0.013021 0.019907
0 0.735417 0.096991 0.020833 0.018056
0 0.721354 0.703472 0.014063 0.026389
0 0.701562 0.109954 0.017708 0.022685
0 0.771354 0.015509 0.014063 0.022685
0 0.747135 0.777778 0.011979 0.026852
0 0.124349 0.535417 0.018490 0.018056
0 0.973958 0.317130 0.021875 0.020370
0 0.170052 0.239120 0.028125 0.019907
0 0.600521 0.604630 0.016146 0.020370
0 0.376693 0.217824 0.018490 0.018981
0 0.742057 0.817824 0.011719 0.028241
0 0.271484 0.399074 0.023177 0.020370
0 0.728646 0.759028 0.011458 0.022685
0 0.664844 0.613426 0.016146 0.024074
0 0.460938 0.571065 0.020313 0.022685
0 0.819401 0.080324 0.018490 0.031019
0 0.591667 0.197917 0.018229 0.018981
0 0.523177 0.375694 0.021875 0.014352
0 0.455599 0.403009 0.023698 0.018056
0 0.178255 0.385880 0.018490 0.016204
0 0.312240 0.379630 0.016667 0.016667
0 0.588542 0.365741 0.021875 0.019444
0 0.416927 0.230093 0.021354 0.017593
0 0.520052 0.217593 0.015625 0.015741
0 0.541406 0.213426 0.016667 0.017593
0 0.566276 0.206250 0.020052 0.021759
0 0.826953 0.310185 0.017448 0.017593
0 0.933984 0.292593 0.019531 0.019444
0 0.796354 0.381250 0.021875 0.021759
0 0.902474 0.437731 0.014323 0.030093
0 0.922786 0.507870 0.019010 0.019444
0 0.839714 0.148148 0.017448 0.028704
0 0.876563 0.220602 0.015625 0.030093
0 0.617448 0.236574 0.014063 0.025000
2 0.875000 0.615741 0.018750 0.042593
0 0.833073 0.826157 0.011979 0.029167
0 0.839974 0.856019 0.013281 0.026852
0 0.760677 0.941898 0.010417 0.029167
0 0.751563 0.956481 0.010417 0.026852
0 0.750391 0.912731 0.010156 0.027315
0 0.759115 0.870370 0.009896 0.029630
0 0.703906 0.699074 0.013542 0.022222
