0 0.429948 0.315046 0.018750 0.014352
0 0.485547 0.337269 0.017448 0.013426
0 0.723177 0.357639 0.019792 0.015278
0 0.385417 0.646759 0.008854 0.025926
0 0.236589 0.727083 0.007552 0.024537
0 0.174219 0.072222 0.009896 0.023148
0 0.312891 0.502083 0.014323 0.031019
0 0.005729 0.327778 0.010937 0.013889
0 0.408594 0.803009 0.010937 0.010648
0 0.839844 0.382870 0.015104 0.015741
0 0.413542 0.821065 0.011458 0.012500
0 0.384896 0.684722 0.008333 0.026852
0 0.409766 0.884491 0.016406 0.014352
0 0.115625 0.579630 0.009375 0.022222
0 0.246224 0.252083 0.010677 0.030093
0 0.177995 0.154630 0.016406 0.020370
0 0.430469 0.954861 0.012500 0.011574
0 0.139714 0.216667 0.013802 0.020370
0 0.444922 0.911343 0.010677 0.011574
0 0.411589 0.869676 0.011719 0.014352
0 0.384896 0.721528 0.008854 0.022685
1 0.079427 0.290972 0.028125 0.033796
0 0.411198 0.856481 0.012500 0.012037
0 0.729297 0.038889 0.011198 0.012963
0 0.205599 0.362269 0.011198 0.025463
0 0.443099 0.925463 0.014323 0.012963
0 0.057292 0.430556 0.015625 0.015741
0 0.108594 0.287269 0.012500 0.019907
0 0.384245 0.760417 0.007552 0.021759
0 0.282292 0.025694 0.008854 0.026389
0 0.233594 0.856481 0.009375 0.029630
0 0.114974 0.519676 0.017448 0.026389
0 0.209115 0.568519 0.016667 0.013889
0 0.361719 0.979630 0.006250 0.022222
0 0.134245 0.516667 0.008073 0.020370
0 0.232813 0.915741 0.007292 0.028704
0 0.263021 0.024306 0.007292 0.028241
0 0.256771 0.183333 0.018229 0.018519
0 0.142969 0.243981 0.012500 0.019444
0 0.149349 0.515046 0.008073 0.027315
0 0.180339 0.552083 0.015365 0.018981
0 0.653516 0.428935 0.014323 0.009722
0 0.565495 0.277315 0.011198 0.011111
0 0.680990 0.038426 0.014063 0.012037
0 0.744141 0.037963 0.011198 0.012963
0 0.679948 0.126852 0.011458 0.012963
0 0.713672 0.169444 0.008073 0.022222
0 0.726172 0.168519 0.010156 0.016667
0 0.850651 0.151620 0.007552 0.022685
0 0.933594 0.139583 0.009896 0.023611
0 0.946094 0.142824 0.006771 0.024537
0 0.867188 0.006481 0.007292 0.010185
0 0.020443 0.651389 0.010677 0.011111
0 0.019271 0.666204 0.010417 0.011111
0 0.016276 0.685880 0.016406 0.013426
0 0.178125 0.635417 0.010417 0.033796
0 0.247917 0.650231 0.007812 0.024537
0 0.245573 0.785417 0.006250 0.019907
0 0.244271 0.856019 0.006250 0.028704
0 0.382292 0.937731 0.006250 0.021759
0 0.362500 0.948380 0.006250 0.021759
0 0.382422 0.835417 0.007552 0.021759
0 0.381901 0.864583 0.007552 0.021759
0 0.432292 0.975694 0.012500 0.011574
0 0.413542 0.841204 0.012500 0.012037
0 0.408594 0.784954 0.010937 0.010648
