0 0.639323 0.752083 0.014063 0.023611
0 0.888411 0.444907 0.017969 0.020370
0 0.766406 0.087037 0.011979 0.023148
0 0.986328 0.347454 0.015365 0.018056
2 0.592708 0.621296 0.016667 0.035185
2 0.519010 0.638426 0.017708 0.021296
0 0.564844 0.587269 0.010417 0.023611
0 0.682422 0.792130 0.013281 0.027778
0 0.780339 0.983796 0.009115 0.025000
0 0.608594 0.418519 0.014583 0.016667
0 0.578906 0.255093 0.011458 0.025926
1 0.614453 0.176852 0.019531 0.041667
0 0.663021 0.180324 0.014583 0.022685
0 0.805599 0.384954 0.019531 0.017130
0 0.846615 0.282176 0.014583 0.025463
0 0.970964 0.399537 0.018490 0.020370
