0 0.788021 0.704167 0.019271 0.020370
0 0.606771 0.138194 0.015625 0.031019
0 0.613672 0.670833 0.016927 0.027778
0 0.448047 0.512269 0.023177 0.011574
0 0.534766 0.222917 0.018490 0.019907
2 0.660417 0.187269 0.025521 0.025463
0 0.589714 0.233102 0.014844 0.026389
0 0.567969 0.279630 0.015625 0.028704
0 0.618620 0.231019 0.016927 0.026852
0 0.486719 0.242593 0.015625 0.012037
0 0.648047 0.424769 0.020052 0.018981
0 0.852474 0.383333 0.020052 0.018519
0 0.787500 0.183796 0.019792 0.018519
2 0.405469 0.622917 0.035417 0.025463
