0 0.593490 0.605324 0.017708 0.028241
0 0.626953 0.647454 0.014323 0.024537
0 0.677214 0.675231 0.015885 0.019907
0 0.166927 0.457407 0.021354 0.016667
0 0.493099 0.590741 0.013802 0.015741
0 0.714844 0.804398 0.009896 0.022685
0 0.798568 0.145833 0.016406 0.018519
0 0.659115 0.373843 0.018750 0.014352
0 0.621094 0.191435 0.013021 0.025463
0 0.911328 0.166898 0.018490 0.018056
0 0.039323 0.249074 0.018750 0.013889
2 0.714453 0.896991 0.015365 0.069907
0 0.966797 0.154861 0.016927 0.014352
0 0.893359 0.324074 0.020573 0.016667
0 0.865755 0.171296 0.016927 0.016667
0 0.967448 0.519907 0.017188 0.022222
0 0.698698 0.124537 0.016667 0.016667
0 0.080469 0.380093 0.018750 0.013889
0 0.139063 0.394907 0.018750 0.013889
0 0.318750 0.415278 0.018750 0.013889
2 0.161719 0.376157 0.035417 0.025463
0 0.486719 0.413426 0.018750 0.013889
0 0.691667 0.389815 0.018750 0.013889
0 0.559766 0.214583 0.016406 0.019907
0 0.750130 0.062269 0.012760 0.028241
0 0.739974 0.032176 0.012760 0.028241
0 0.844922 0.343519 0.020573 0.016667
0 0.876563 0.634954 0.014583 0.024537
0 0.834375 0.648843 0.011458 0.029167
0 0.675521 0.735880 0.015625 0.030093
0 0.695312 0.789120 0.009896 0.022685
0 0.700260 0.751389 0.014063 0.037963
0 0.727083 0.909491 0.010937 0.057870
0 0.717969 0.981944 0.009896 0.027778
