0 0.213021 0.227546 0.016146 0.013426
0 0.629036 0.623148 0.014323 0.024074
0 0.915755 0.308333 0.027344 0.021296
0 0.578516 0.251389 0.011198 0.028704
0 0.582161 0.293519 0.011719 0.027778
0 0.841406 0.153704 0.015625 0.016667
0 0.755078 0.121759 0.020052 0.022222
0 0.566406 0.211806 0.015625 0.019907
0 0.475260 0.584491 0.018229 0.016204
0 0.020313 0.222917 0.016667 0.015278
0 0.865495 0.275694 0.013281 0.022685
0 0.648568 0.158565 0.016927 0.025463
0 0.283333 0.443056 0.020313 0.017593
2 0.979557 0.285417 0.032031 0.028241
0 0.721354 0.865972 0.008333 0.029167
0 0.948828 0.319907 0.024219 0.016667
0 0.685156 0.390278 0.021875 0.014815
0 0.756510 0.012500 0.013542 0.024074
0 0.129948 0.215509 0.016667 0.015278
0 0.252604 0.396528 0.016667 0.015278
0 0.418750 0.406713 0.016667 0.015278
0 0.492708 0.407639 0.016667 0.015278
0 0.099479 0.362500 0.021875 0.019444
0 0.314063 0.381019 0.021875 0.019444
0 0.496224 0.386806 0.020052 0.016204
0 0.617448 0.396759 0.021875 0.014815
0 0.802083 0.364352 0.021875 0.014815
0 0.881250 0.320370 0.021875 0.014815
0 0.839453 0.213194 0.013281 0.022685
0 0.782682 0.071065 0.013281 0.022685
0 0.770312 0.046296 0.016146 0.026852
0 0.586328 0.524074 0.013281 0.024074
0 0.724479 0.917824 0.008333 0.029167
0 0.722396 0.985417 0.008333 0.029167
0 0.710417 0.800694 0.008333 0.029167
0 0.696615 0.746296 0.011979 0.027778
0 0.821615 0.812500 0.011979 0.027778
