0 0.610286 0.104861 0.014323 0.020833
0 0.859766 0.583796 0.014844 0.022222
0 0.686068 0.676620 0.013802 0.027315
0 0.782943 0.646528 0.013802 0.018056
0 0.809375 0.106019 0.017708 0.018519
0 0.628255 0.611806 0.015365 0.018056
0 0.051042 0.237269 0.018229 0.015278
0 0.133594 0.567824 0.017188 0.017130
0 0.571484 0.581250 0.017969 0.017130
0 0.689453 0.637037 0.015885 0.016667
0 0.749349 0.806944 0.010156 0.025926
0 0.500000 0.196759 0.015104 0.015741
0 0.186198 0.571991 0.016667 0.016204
0 0.724479 0.713426 0.012500 0.023148
0 0.663672 0.145370 0.015885 0.024074
0 0.755208 0.845370 0.009896 0.028704
0 0.330469 0.229861 0.018750 0.014352
0 0.036458 0.558796 0.015104 0.013889
0 0.730208 0.772454 0.011979 0.029167
0 0.733203 0.343287 0.019010 0.018056
0 0.367969 0.228935 0.018750 0.014352
0 0.534896 0.215741 0.017188 0.014815
0 0.456901 0.566667 0.016927 0.014815
0 0.596094 0.263194 0.013021 0.031019
0 0.801172 0.403935 0.016406 0.015278
0 0.825521 0.376389 0.018229 0.016667
0 0.804557 0.052546 0.013281 0.026389
0 0.708073 0.717593 0.012500 0.025000
0 0.717448 0.740509 0.013021 0.024537
0 0.734375 0.742824 0.011458 0.024537
0 0.742969 0.769213 0.011458 0.024537
0 0.739453 0.815741 0.010156 0.025926
0 0.744141 0.860417 0.008594 0.022685
0 0.758073 0.901157 0.007812 0.027315
0 0.747656 0.904861 0.008854 0.025463
0 0.757682 0.939815 0.008073 0.029630
0 0.748828 0.969444 0.008594 0.025926
0 0.757812 0.985648 0.007812 0.028704
0 0.805729 0.922685 0.010937 0.031481
0 0.824740 0.928241 0.010417 0.027778
