0 0.060937 0.253472 0.021354 0.016204
0 0.617057 0.661574 0.012240 0.023148
0 0.552995 0.349074 0.010156 0.025926
0 0.413932 0.423611 0.018490 0.014815
0 0.359115 0.242361 0.018750 0.016204
0 0.684115 0.782176 0.013021 0.027315
2 0.649870 0.722454 0.020573 0.036574
0 0.417708 0.442824 0.017708 0.014352
0 0.514453 0.444213 0.021094 0.015278
0 0.747396 0.479398 0.017708 0.018981
2 0.740885 0.400926 0.032813 0.023148
0 0.621224 0.704861 0.012240 0.023611
0 0.706901 0.866898 0.009635 0.024537
0 0.714714 0.938889 0.009115 0.030556
0 0.835417 0.397685 0.017708 0.017593
0 0.861979 0.369444 0.017708 0.017593
0 0.846875 0.278241 0.014063 0.027778
0 0.668099 0.034028 0.010156 0.025463
