0 0.526172 0.573380 0.010677 0.012500
0 0.631380 0.146991 0.011719 0.023611
0 0.734766 0.661806 0.014844 0.016204
0 0.551172 0.376157 0.013802 0.011574
0 0.237630 0.236111 0.017969 0.012963
0 0.924219 0.521759 0.016146 0.022222
0 0.705208 0.712500 0.008333 0.019444
0 0.810156 0.648843 0.016667 0.013426
0 0.193620 0.220602 0.012240 0.010648
2 0.690885 0.645370 0.033333 0.025000
0 0.852344 0.122222 0.017708 0.017593
0 0.717057 0.742361 0.012240 0.018056
0 0.586719 0.287269 0.012500 0.018981
0 0.569010 0.205787 0.013542 0.014352
0 0.543880 0.216435 0.011719 0.013426
0 0.750651 0.819907 0.008073 0.017593
0 0.100521 0.243056 0.017188 0.014815
0 0.725000 0.718981 0.012500 0.017593
0 0.881641 0.519213 0.009635 0.020833
0 0.462630 0.401157 0.015885 0.014352
0 0.888411 0.314352 0.014323 0.020370
0 0.773958 0.042361 0.013542 0.025463
0 0.127995 0.357407 0.015885 0.017593
0 0.387109 0.463889 0.018490 0.012963
0 0.734375 0.802546 0.009896 0.023611
0 0.722266 0.109259 0.013802 0.018519
0 0.510156 0.227778 0.015625 0.012963
0 0.395703 0.208333 0.018490 0.012963
0 0.654036 0.163194 0.011719 0.023611
0 0.937500 0.140509 0.014583 0.016204
0 0.764844 0.012731 0.013542 0.024537
0 0.877474 0.561806 0.009115 0.022685
0 0.727995 0.771759 0.008073 0.025000
0 0.735156 0.750926 0.008333 0.019444
0 0.745833 0.782407 0.008333 0.019444
0 0.744661 0.857870 0.007552 0.022222
0 0.755339 0.855093 0.007552 0.022222
0 0.756641 0.884259 0.007552 0.022222
0 0.747526 0.918519 0.007552 0.022222
0 0.756641 0.939815 0.007552 0.022222
0 0.747135 0.991898 0.005729 0.016204
