0 0.640104 0.619676 0.018229 0.018981
0 0.597135 0.598843 0.013542 0.017130
0 0.740625 0.759259 0.011458 0.026852
0 0.594141 0.122454 0.013802 0.020833
0 0.734635 0.794676 0.011979 0.028241
0 0.702344 0.662037 0.013542 0.020370
0 0.748307 0.798611 0.009635 0.025926
0 0.706120 0.106481 0.016406 0.020370
0 0.717839 0.774769 0.010677 0.019907
0 0.669531 0.133565 0.015104 0.018056
0 0.302865 0.448148 0.018229 0.015741
0 0.896745 0.628472 0.014844 0.025463
0 0.108594 0.570139 0.016667 0.018056
0 0.811979 0.115046 0.011979 0.020833
0 0.529948 0.217593 0.015625 0.016667
0 0.760026 0.949537 0.008594 0.028704
0 0.747266 0.096991 0.019531 0.015278
0 0.636849 0.169907 0.014323 0.025000
0 0.835417 0.605324 0.017708 0.021759
0 0.703385 0.731250 0.013021 0.025463
0 0.019792 0.406019 0.015625 0.016667
0 0.465365 0.568056 0.015104 0.016667
0 0.875130 0.684491 0.013802 0.031944
0 0.829557 0.108102 0.014844 0.023611
0 0.023438 0.566204 0.019792 0.016667
0 0.145703 0.225000 0.017969 0.016667
0 0.608464 0.206481 0.012240 0.027778
0 0.721615 0.706481 0.012500 0.026852
0 0.791667 0.029167 0.014583 0.027778
0 0.592448 0.368287 0.017188 0.017130
0 0.774609 0.034259 0.012240 0.028704
0 0.243490 0.238657 0.017708 0.014352
0 0.601172 0.509722 0.010677 0.022222
0 0.756901 0.865278 0.009115 0.023148
0 0.666406 0.661111 0.014583 0.023148
0 0.049219 0.342130 0.015625 0.016667
0 0.294531 0.382639 0.015104 0.013426
0 0.391146 0.566667 0.015104 0.016667
0 0.594401 0.293750 0.009635 0.027315
0 0.574089 0.203009 0.017448 0.018056
0 0.625911 0.207870 0.014323 0.025000
2 0.923438 0.133102 0.024479 0.018981
0 0.862500 0.189120 0.014583 0.028241
0 0.972005 0.335648 0.016406 0.017593
0 0.824089 0.794907 0.010677 0.028704
0 0.821224 0.892130 0.010677 0.028704
0 0.754036 0.830093 0.010156 0.026852
0 0.757552 0.903935 0.007812 0.024537
0 0.747786 0.944444 0.008594 0.028704
