0 0.587109 0.193056 0.015885 0.020370
0 0.927083 0.496065 0.015625 0.018981
0 0.516276 0.574074 0.015885 0.013889
0 0.208203 0.577083 0.018490 0.016204
0 0.670182 0.132639 0.017969 0.025463
0 0.680599 0.639352 0.015885 0.025926
0 0.175651 0.549074 0.015365 0.014815
0 0.852604 0.127546 0.018229 0.024537
0 0.673307 0.663426 0.016927 0.025926
0 0.633724 0.600231 0.014323 0.023611
0 0.725521 0.759259 0.012500 0.024074
0 0.971875 0.467593 0.014583 0.020370
0 0.161849 0.241898 0.017448 0.017130
0 0.810156 0.070139 0.015625 0.027315
0 0.404036 0.570833 0.015885 0.016667
0 0.833203 0.602778 0.013802 0.017593
0 0.871615 0.540972 0.013542 0.026389
0 0.256380 0.582639 0.017448 0.016204
0 0.897135 0.468981 0.011979 0.029630
0 0.771745 0.031250 0.013802 0.025463
0 0.647135 0.162731 0.013021 0.025463
0 0.630208 0.555093 0.013542 0.025000
0 0.831641 0.144213 0.016406 0.026389
0 0.728906 0.102546 0.018750 0.018981
0 0.357422 0.217593 0.015885 0.015741
0 0.550130 0.196528 0.017969 0.015278
0 0.741146 0.834954 0.010417 0.024537
0 0.751172 0.819213 0.009635 0.024537
0 0.039974 0.402546 0.017448 0.017130
0 0.191797 0.451620 0.017448 0.016204
0 0.600911 0.282176 0.011198 0.032870
0 0.635547 0.364352 0.017448 0.016667
0 0.663672 0.431713 0.018490 0.018981
0 0.755859 0.333565 0.015885 0.017130
0 0.820182 0.330324 0.019010 0.019907
0 0.922917 0.131713 0.015625 0.018981
0 0.955859 0.137269 0.016406 0.017130
0 0.881641 0.290741 0.016927 0.019444
0 0.876953 0.313426 0.016927 0.019444
0 0.973828 0.512731 0.020573 0.025463
0 0.890495 0.569213 0.012760 0.027315
0 0.800260 0.956944 0.013021 0.031481
0 0.731901 0.732870 0.012240 0.025926
0 0.747526 0.881944 0.009115 0.027778
0 0.759245 0.897917 0.008073 0.028241
0 0.748698 0.926852 0.008854 0.026852
0 0.759766 0.962731 0.009635 0.028241
