0 0.664844 0.685417 0.016146 0.024537
0 0.603125 0.585417 0.012500 0.019907
0 0.045573 0.347222 0.021354 0.017593
0 0.705859 0.877546 0.010677 0.029167
0 0.688932 0.746296 0.014323 0.029630
0 0.856771 0.229167 0.012500 0.021296
0 0.778125 0.076389 0.011979 0.026852
0 0.200781 0.383102 0.018229 0.014352
0 0.625260 0.665509 0.011979 0.019907
0 0.691667 0.790972 0.013542 0.029167
0 0.569401 0.214815 0.016927 0.016667
0 0.634245 0.175926 0.016406 0.023148
0 0.669271 0.141898 0.017708 0.024537
0 0.442969 0.475231 0.021875 0.014352
0 0.920182 0.390972 0.023698 0.015278
0 0.588021 0.258102 0.011458 0.028241
0 0.638151 0.381944 0.019531 0.020370
0 0.766797 0.048611 0.011198 0.022222
0 0.746615 0.122685 0.019271 0.017593
0 0.232031 0.387500 0.019271 0.015741
0 0.515625 0.231944 0.018750 0.015741
0 0.542969 0.225231 0.018750 0.014352
0 0.492057 0.237269 0.021615 0.017130
0 0.147917 0.370833 0.021354 0.017593
2 0.285938 0.377083 0.030208 0.021759
0 0.783464 0.130093 0.019531 0.020370
0 0.651042 0.724769 0.016146 0.024537
0 0.816276 0.815509 0.013281 0.031944
0 0.784505 0.953472 0.013281 0.031944
0 0.708854 0.930556 0.009375 0.027778
