0 0.804948 0.625926 0.015104 0.016667
0 0.296875 0.568750 0.014583 0.016204
0 0.685156 0.685417 0.013542 0.018981
0 0.713151 0.718750 0.010677 0.018981
0 0.535547 0.568056 0.017448 0.016667
0 0.922005 0.490509 0.013802 0.018981
0 0.739714 0.803241 0.011198 0.023148
0 0.682552 0.657870 0.011979 0.017593
0 0.151693 0.572917 0.017969 0.015278
0 0.608073 0.506713 0.014063 0.019907
0 0.942448 0.480787 0.015104 0.018056
0 0.900000 0.493750 0.012500 0.018981
0 0.746484 0.843056 0.009635 0.021296
0 0.730729 0.764120 0.009896 0.021759
0 0.647135 0.037963 0.012500 0.021296
0 0.638672 0.628935 0.016927 0.015278
0 0.713802 0.334028 0.015625 0.012500
0 0.772656 0.029398 0.014583 0.030093
0 0.590625 0.191435 0.014583 0.018056
0 0.787500 0.089352 0.011979 0.021296
0 0.715755 0.678009 0.013802 0.018981
0 0.556250 0.211343 0.015104 0.019907
0 0.649870 0.148148 0.011198 0.021296
0 0.951302 0.120139 0.016146 0.014352
0 0.795573 0.037269 0.011979 0.026389
0 0.507031 0.218981 0.017188 0.018519
0 0.710938 0.099306 0.013542 0.017130
0 0.784635 0.013426 0.011979 0.025926
0 0.825260 0.133333 0.011979 0.021296
0 0.854167 0.166898 0.015104 0.021759
0 0.613151 0.357870 0.032031 0.020370
0 0.656641 0.624537 0.017969 0.020370
0 0.678516 0.622222 0.017969 0.020370
0 0.873568 0.641667 0.014323 0.026852
0 0.803906 0.945139 0.009375 0.023611
0 0.741406 0.752083 0.009896 0.021759
0 0.753255 0.808333 0.011198 0.023148
0 0.757422 0.844444 0.009635 0.021296
0 0.762630 0.885648 0.009635 0.021296
0 0.750651 0.886574 0.009635 0.021296
0 0.760547 0.923611 0.009635 0.021296
0 0.750651 0.923148 0.009635 0.021296
0 0.752474 0.962963 0.009635 0.021296
0 0.763672 0.963426 0.009635 0.021296
0 0.752344 0.991667 0.010417 0.016667
