0 0.693099 0.753472 0.012760 0.025463
0 0.677344 0.687037 0.014063 0.025000
0 0.895833 0.131944 0.018229 0.017593
0 0.588672 0.620370 0.014844 0.021296
0 0.603385 0.153009 0.011458 0.024537
0 0.654297 0.062963 0.012760 0.026852
0 0.722005 0.785880 0.011198 0.028241
0 0.566146 0.190509 0.015104 0.018981
2 0.824609 0.082176 0.024740 0.041204
0 0.588802 0.203009 0.011979 0.024537
0 0.171484 0.217824 0.017969 0.016204
0 0.656380 0.683102 0.014323 0.024537
0 0.786719 0.010880 0.013542 0.018056
0 0.961068 0.134259 0.017969 0.017593
0 0.704688 0.097917 0.018750 0.018981
0 0.616406 0.198843 0.015625 0.026389
0 0.589063 0.271528 0.011458 0.031019
0 0.900000 0.499537 0.012500 0.030556
0 0.205859 0.200463 0.024219 0.016667
0 0.124219 0.200926 0.012500 0.012037
0 0.452214 0.380324 0.016927 0.015278
0 0.521745 0.396528 0.016927 0.015278
0 0.861719 0.669907 0.012500 0.030556
0 0.870052 0.567593 0.010937 0.023148
0 0.822526 0.811343 0.012760 0.032870
0 0.706380 0.740046 0.012760 0.025463
0 0.735286 0.845602 0.011198 0.028241
0 0.725391 0.867361 0.011198 0.028241
0 0.742057 0.917824 0.008073 0.029167
0 0.730339 0.941898 0.008073 0.029167
0 0.742057 0.988194 0.008073 0.023611
