0 0.727604 0.087731 0.011979 0.025463
0 0.649870 0.755324 0.013281 0.020833
0 0.591276 0.168981 0.014844 0.023148
0 0.626172 0.681713 0.016927 0.019907
0 0.803125 0.687963 0.012500 0.022222
0 0.669792 0.769213 0.010937 0.023611
0 0.354818 0.458333 0.017448 0.012963
0 0.781641 0.160648 0.016927 0.018519
0 0.379427 0.585417 0.018229 0.015278
0 0.318099 0.246991 0.014844 0.013426
0 0.203125 0.568750 0.015104 0.016204
0 0.140234 0.368056 0.016406 0.016667
0 0.813021 0.254167 0.012500 0.020370
0 0.277734 0.416667 0.017448 0.013889
0 0.215495 0.388889 0.017448 0.019444
0 0.845833 0.286806 0.012500 0.027315
0 0.668490 0.809259 0.009896 0.020370
0 0.717187 0.147917 0.015104 0.020833
0 0.322005 0.420833 0.017448 0.013889
0 0.316536 0.396528 0.042448 0.022685
0 0.412630 0.251157 0.014844 0.013426
0 0.438932 0.252083 0.014844 0.013426
0 0.460547 0.253009 0.014844 0.013426
0 0.480078 0.247917 0.014844 0.013426
0 0.501172 0.241435 0.014844 0.013426
2 0.534635 0.233102 0.030208 0.031944
0 0.560026 0.291667 0.014844 0.023148
0 0.690755 0.847685 0.009635 0.026852
0 0.684245 0.886111 0.009635 0.026852
0 0.698828 0.925926 0.009635 0.026852
0 0.688411 0.970370 0.009635 0.026852
2 0.786068 0.775231 0.023177 0.069907
0 0.810156 0.790046 0.013021 0.024537
0 0.850651 0.337963 0.017969 0.022222
0 0.988411 0.177778 0.015365 0.022222
0 0.747396 0.094676 0.011979 0.025463
0 0.717708 0.055324 0.011979 0.025463
0 0.708854 0.012731 0.011979 0.024537
0 0.653906 0.154861 0.015104 0.020833
0 0.626172 0.068750 0.012760 0.027315
