0 0.588672 0.590046 0.010677 0.014352
0 0.636198 0.088426 0.012500 0.022222
0 0.796354 0.079398 0.013021 0.024537
0 0.671484 0.152083 0.013281 0.018981
0 0.744401 0.784722 0.007031 0.013889
0 0.150130 0.379167 0.014844 0.017593
0 0.729297 0.773380 0.005990 0.019907
0 0.738802 0.824306 0.008854 0.019907
0 0.153255 0.538657 0.013802 0.013426
0 0.625130 0.200463 0.011198 0.018519
0 0.279036 0.402315 0.014844 0.014815
0 0.840755 0.736111 0.009115 0.018519
0 0.978776 0.473611 0.013802 0.015741
0 0.691276 0.131944 0.013281 0.021296
0 0.644531 0.619213 0.015104 0.014352
0 0.755208 0.660417 0.014583 0.014352
0 0.963411 0.149306 0.013802 0.014352
0 0.580339 0.175000 0.014844 0.018519
0 0.700911 0.643981 0.013802 0.015741
2 0.834245 0.142130 0.033073 0.045370
2 0.020443 0.409954 0.040365 0.025463
0 0.798047 0.390741 0.014844 0.011111
0 0.390365 0.458333 0.014063 0.012037
0 0.621224 0.238426 0.012240 0.023148
0 0.707422 0.722454 0.008073 0.018981
2 0.282682 0.380093 0.032031 0.023148
0 0.339193 0.405093 0.014844 0.014815
0 0.387109 0.403241 0.014844 0.014815
0 0.556250 0.171065 0.014063 0.017130
0 0.532292 0.184722 0.013542 0.013889
0 0.597917 0.139583 0.013542 0.018056
0 0.723828 0.411574 0.014844 0.014815
0 0.981901 0.264815 0.014844 0.011111
0 0.725651 0.721528 0.008073 0.018981
0 0.719010 0.746528 0.006771 0.019907
0 0.733333 0.746528 0.006771 0.019907
0 0.750781 0.830324 0.008854 0.019907
0 0.757552 0.871528 0.008854 0.023611
0 0.759505 0.933333 0.007031 0.022222
0 0.748828 0.948611 0.007031 0.022222
0 0.758203 0.990972 0.006510 0.018056
0 0.748568 0.993981 0.008594 0.012037
