0 0.968750 0.223148 0.018750 0.017593
0 0.807943 0.865278 0.011198 0.022222
0 0.323177 0.260185 0.015625 0.012037
0 0.705469 0.166204 0.017188 0.015741
0 0.047656 0.353472 0.020833 0.014352
0 0.623568 0.213889 0.020052 0.027778
0 0.673047 0.176852 0.020052 0.023148
0 0.788932 0.202083 0.021615 0.028241
0 0.679297 0.796065 0.015365 0.033796
0 0.572135 0.571065 0.013021 0.028241
0 0.464062 0.440972 0.020833 0.015278
0 0.595964 0.421065 0.019531 0.018056
0 0.579818 0.306944 0.013802 0.034259
0 0.568490 0.345139 0.009896 0.031944
0 0.740104 0.167593 0.017188 0.015741
0 0.822917 0.382407 0.017188 0.015741
0 0.909635 0.380093 0.017188 0.015741
0 0.755469 0.055556 0.014583 0.028704
0 0.761719 0.085648 0.014583 0.028704
0 0.772917 0.112037 0.014583 0.028704
0 0.706250 0.913889 0.012500 0.032407
0 0.692448 0.896759 0.012500 0.032407
