0 0.672526 0.157407 0.012240 0.028704
0 0.529167 0.574074 0.013542 0.013889
0 0.944271 0.550694 0.015625 0.015278
0 0.720573 0.680324 0.013542 0.020833
0 0.844792 0.136806 0.016146 0.027315
0 0.743490 0.730556 0.011979 0.021296
0 0.756901 0.834028 0.007031 0.022685
0 0.728125 0.742130 0.011979 0.025926
0 0.712760 0.702315 0.011979 0.020370
0 0.874219 0.146065 0.013542 0.024537
0 0.833203 0.071991 0.013281 0.025463
0 0.322005 0.386111 0.019010 0.016667
2 0.185938 0.419676 0.040104 0.027315
0 0.767708 0.839815 0.009896 0.029630
0 0.744271 0.786343 0.010937 0.028241
0 0.575911 0.223380 0.012240 0.013426
0 0.982552 0.172454 0.015104 0.014352
0 0.167057 0.356481 0.016406 0.017593
0 0.677995 0.640741 0.011198 0.015741
0 0.987370 0.509259 0.013802 0.012037
0 0.763542 0.903009 0.006250 0.024537
0 0.698438 0.708102 0.011979 0.019907
0 0.557813 0.228935 0.011979 0.012500
0 0.267969 0.379630 0.017188 0.018519
0 0.942708 0.172222 0.018229 0.014815
0 0.898958 0.333565 0.016146 0.014352
0 0.458203 0.204398 0.017448 0.016204
0 0.285156 0.358796 0.017188 0.018519
0 0.437500 0.381944 0.015104 0.015741
2 0.494271 0.228935 0.023958 0.018981
2 0.529948 0.228472 0.031771 0.023611
0 0.592969 0.217130 0.014583 0.014815
0 0.613542 0.213426 0.014583 0.014815
0 0.621094 0.463194 0.016667 0.015278
0 0.616276 0.310185 0.009115 0.025926
0 0.626693 0.326852 0.009115 0.025926
0 0.715885 0.144213 0.017708 0.021759
0 0.974219 0.329861 0.016146 0.014352
0 0.820182 0.029630 0.012240 0.030556
0 0.938932 0.463889 0.010677 0.026852
0 0.920703 0.503241 0.010677 0.026852
0 0.897135 0.571528 0.012500 0.029167
0 0.742578 0.842361 0.008594 0.021759
2 0.758724 0.780787 0.013802 0.035648
0 0.842969 0.830324 0.008854 0.024537
0 0.772917 0.899074 0.006771 0.024074
0 0.773958 0.948611 0.006771 0.024074
0 0.763411 0.976852 0.009115 0.026852
