0 0.602734 0.093287 0.013281 0.019907
0 0.082812 0.350694 0.019792 0.014352
0 0.523307 0.186343 0.017448 0.018056
0 0.674349 0.744907 0.015365 0.025926
0 0.875521 0.646528 0.014583 0.028241
0 0.741797 0.130556 0.017969 0.012963
0 0.882292 0.170139 0.018750 0.014352
0 0.694141 0.796991 0.010156 0.022685
0 0.646875 0.723611 0.012500 0.021296
0 0.185938 0.562269 0.018229 0.016204
0 0.674089 0.782870 0.010677 0.023148
0 0.770443 0.355324 0.012760 0.014352
0 0.592187 0.605093 0.013021 0.027778
0 0.706771 0.874537 0.009375 0.025926
0 0.710417 0.944444 0.007292 0.025000
