0 0.613672 0.089352 0.009115 0.019444
0 0.511849 0.611806 0.013802 0.015278
0 0.631771 0.150694 0.013542 0.018981
0 0.605078 0.670139 0.014323 0.023611
0 0.322526 0.593519 0.015365 0.013889
0 0.669401 0.783102 0.011198 0.019907
0 0.146354 0.574074 0.013021 0.012963
0 0.773438 0.167824 0.011979 0.020833
0 0.275130 0.256019 0.015365 0.013889
0 0.552734 0.478241 0.017448 0.018519
0 0.401172 0.596065 0.015365 0.016204
0 0.650521 0.771759 0.012500 0.022222
0 0.687891 0.863194 0.009115 0.024537
0 0.618880 0.711574 0.013281 0.022222
0 0.737370 0.115509 0.012240 0.023611
0 0.708073 0.035880 0.010417 0.023611
0 0.251042 0.402778 0.015625 0.012037
0 0.344531 0.424074 0.015625 0.012037
0 0.610026 0.645602 0.014323 0.023611
0 0.642057 0.723148 0.013281 0.022222
0 0.682161 0.828472 0.011198 0.019907
0 0.693099 0.905324 0.007552 0.021759
0 0.695964 0.948611 0.009115 0.029630
0 0.789323 0.756250 0.010417 0.026389
0 0.921484 0.551852 0.014323 0.019444
0 0.845313 0.483102 0.010417 0.028241
0 0.939714 0.346759 0.017448 0.018519
0 0.540625 0.303009 0.009896 0.025463
0 0.533854 0.230324 0.015625 0.018056
0 0.515885 0.237269 0.014583 0.016204
2 0.490885 0.249769 0.019792 0.018981
0 0.467708 0.252546 0.014583 0.016204
0 0.442448 0.254167 0.015625 0.014815
0 0.878776 0.173148 0.014844 0.012963
