0 0.619531 0.637731 0.013542 0.017130
0 0.614323 0.195139 0.015104 0.024537
0 0.652344 0.688426 0.020313 0.032407
0 0.807292 0.106944 0.018750 0.021296
0 0.672005 0.676852 0.014844 0.023148
0 0.727995 0.828241 0.010677 0.032407
1 0.856901 0.117361 0.046615 0.034722
0 0.864583 0.654861 0.014583 0.025463
0 0.705599 0.744213 0.013281 0.030093
0 0.287760 0.460417 0.021875 0.014352
0 0.066667 0.564120 0.020833 0.016204
0 0.122526 0.369444 0.020052 0.018519
0 0.588411 0.261806 0.009635 0.027315
0 0.658073 0.720370 0.012500 0.021296
0 0.224609 0.215741 0.014323 0.012037
0 0.332682 0.381944 0.020052 0.018519
0 0.408203 0.193519 0.020052 0.018519
0 0.492448 0.182639 0.021875 0.021759
0 0.696354 0.368519 0.018750 0.021296
0 0.767969 0.334722 0.018750 0.021296
0 0.902344 0.321296 0.018750 0.021296
0 0.803516 0.056019 0.016927 0.029630
0 0.575911 0.244676 0.009635 0.027315
0 0.879818 0.576852 0.014323 0.035185
0 0.846875 0.761111 0.011979 0.029630
0 0.815104 0.937037 0.011979 0.029630
0 0.932161 0.590972 0.015885 0.025463
0 0.706901 0.794676 0.013281 0.030093
0 0.738802 0.887731 0.010937 0.031019
0 0.740625 0.960880 0.010937 0.031019
