0 0.816276 0.196991 0.016406 0.016204
0 0.616536 0.694444 0.014323 0.023148
0 0.775000 0.174537 0.016146 0.014815
1 0.710547 0.943519 0.013802 0.051852
0 0.589063 0.284259 0.011458 0.028704
0 0.882943 0.214352 0.023177 0.015741
0 0.619661 0.222454 0.013802 0.019907
0 0.176953 0.393056 0.015885 0.015741
0 0.264974 0.429398 0.020573 0.013426
0 0.647005 0.043750 0.010677 0.025463
0 0.579036 0.221991 0.013802 0.014352
1 0.600260 0.421065 0.044271 0.016204
0 0.964323 0.217130 0.018750 0.020370
0 0.876302 0.365278 0.017708 0.015741
0 0.719010 0.426852 0.016146 0.012037
0 0.787891 0.131019 0.012760 0.024074
0 0.553646 0.354398 0.009896 0.029167
0 0.117318 0.396296 0.018490 0.012963
0 0.159505 0.414120 0.017448 0.014352
