0 0.608203 0.168287 0.016406 0.021759
0 0.694271 0.686806 0.022396 0.018981
0 0.551432 0.213194 0.016927 0.019907
0 0.702995 0.787500 0.012760 0.025926
0 0.725000 0.891435 0.010937 0.030093
0 0.151432 0.577083 0.019010 0.018056
0 0.786328 0.675694 0.016927 0.020833
0 0.470182 0.405324 0.020052 0.016204
0 0.646745 0.077315 0.015885 0.028704
0 0.026953 0.418287 0.015885 0.015278
0 0.729427 0.829861 0.010937 0.029167
0 0.957812 0.524074 0.018750 0.024074
2 0.626302 0.646991 0.033333 0.054167
0 0.605208 0.571296 0.014063 0.027778
0 0.784245 0.107176 0.020052 0.021759
0 0.542578 0.404167 0.019010 0.012963
0 0.630078 0.370139 0.018490 0.014352
0 0.266146 0.380556 0.019792 0.016667
0 0.358594 0.226389 0.019792 0.016667
0 0.710547 0.762037 0.012760 0.025926
0 0.715104 0.828935 0.010937 0.029167
0 0.737240 0.901620 0.010937 0.030093
0 0.739062 0.964583 0.010937 0.030093
0 0.728646 0.943287 0.010937 0.030093
