0 0.986068 0.169213 0.011198 0.014352
0 0.573177 0.209028 0.015625 0.019907
0 0.204297 0.566435 0.015365 0.015278
0 0.665625 0.778241 0.013021 0.025926
0 0.588542 0.644676 0.014063 0.022685
2 0.087760 0.567824 0.024479 0.020833
0 0.616536 0.169213 0.014323 0.020833
0 0.280339 0.574769 0.014323 0.017130
0 0.608594 0.643287 0.013542 0.021759
0 0.676042 0.144907 0.016146 0.015741
0 0.204297 0.223148 0.016406 0.015741
0 0.051823 0.227083 0.017708 0.015278
0 0.828125 0.274537 0.012500 0.025000
0 0.273828 0.253009 0.013802 0.019907
0 0.299479 0.472222 0.017188 0.014815
0 0.819922 0.169907 0.014323 0.017593
0 0.746224 0.068287 0.011198 0.025463
0 0.842839 0.418519 0.016927 0.015741
0 0.127995 0.224769 0.017448 0.012500
2 0.330599 0.246065 0.022656 0.020833
0 0.984505 0.966204 0.017969 0.033333
0 0.007292 0.225926 0.014063 0.016667
0 0.267057 0.225694 0.021615 0.018981
0 0.953385 0.987500 0.024479 0.017593
0 0.405469 0.397685 0.017188 0.014815
0 0.388542 0.247685 0.015104 0.013889
0 0.444010 0.254167 0.015104 0.013889
0 0.444531 0.220833 0.015104 0.013889
0 0.486979 0.208333 0.015104 0.013889
0 0.497396 0.244907 0.013542 0.013889
0 0.535417 0.183333 0.013021 0.018519
0 0.566667 0.143750 0.013542 0.018056
0 0.569141 0.562500 0.014323 0.024074
0 0.703255 0.122917 0.017969 0.018056
0 0.720964 0.061343 0.011198 0.025463
0 0.714974 0.034028 0.011198 0.025463
1 0.719401 0.696759 0.042448 0.024074
0 0.676953 0.770833 0.012760 0.025926
0 0.686979 0.806250 0.010937 0.025463
0 0.696615 0.852778 0.009375 0.024074
0 0.801953 0.637037 0.017448 0.027778
0 0.677734 0.910880 0.007031 0.026389
0 0.700781 0.921528 0.008854 0.026389
0 0.687500 0.960880 0.008854 0.026389
2 0.687240 0.879861 0.016667 0.066204
0 0.767448 0.984954 0.009375 0.020833
