0 0.869271 0.618750 0.012500 0.027315
0 0.673177 0.138426 0.015104 0.022222
0 0.814583 0.628241 0.014063 0.021296
0 0.623958 0.608102 0.019271 0.018056
0 0.987891 0.132870 0.015365 0.017593
0 0.743880 0.781713 0.010156 0.023611
0 0.922135 0.508333 0.013021 0.020370
0 0.683464 0.642130 0.011198 0.015741
0 0.758073 0.648611 0.018750 0.014815
0 0.661849 0.645370 0.015885 0.022222
0 0.390885 0.568056 0.017708 0.013889
0 0.704948 0.110417 0.015625 0.025463
0 0.325781 0.209722 0.016667 0.014815
0 0.722135 0.792593 0.009896 0.025000
0 0.512500 0.218981 0.016667 0.016667
0 0.896224 0.510417 0.011198 0.024537
0 0.651432 0.012037 0.014323 0.015741
0 0.951823 0.489815 0.015104 0.022222
0 0.721354 0.750000 0.013542 0.026852
0 0.639974 0.143750 0.016406 0.026389
0 0.618750 0.178009 0.013021 0.028241
0 0.733984 0.100231 0.013802 0.017130
0 0.760677 0.097917 0.019792 0.015278
0 0.341406 0.562731 0.015625 0.014352
0 0.639583 0.068056 0.012500 0.023148
0 0.558984 0.207870 0.016927 0.017593
0 0.767969 0.010417 0.012500 0.019907
0 0.390885 0.226852 0.017708 0.016667
0 0.774219 0.035880 0.010417 0.020833
0 0.461719 0.225463 0.017708 0.016667
0 0.592057 0.190972 0.016406 0.021759
0 0.815104 0.124769 0.016667 0.021759
0 0.928776 0.133102 0.019531 0.017130
0 0.880859 0.311806 0.017969 0.017130
0 0.769661 0.328935 0.019531 0.017130
0 0.752995 0.828935 0.009635 0.027315
0 0.726693 0.721991 0.010156 0.023611
0 0.745964 0.880324 0.009635 0.027315
0 0.738672 0.907870 0.008073 0.024074
0 0.759635 0.923148 0.008333 0.029630
