0 0.171224 0.571065 0.015365 0.015278
0 0.008333 0.244213 0.013021 0.013426
0 0.035937 0.437731 0.014583 0.018056
0 0.707943 0.142593 0.014844 0.016667
0 0.580729 0.634259 0.013542 0.022222
0 0.095052 0.388426 0.015625 0.018519
0 0.818359 0.658102 0.009115 0.023611
0 0.047135 0.237731 0.018229 0.013426
0 0.073958 0.424537 0.015104 0.015741
0 0.092708 0.551620 0.013542 0.014352
0 0.281380 0.586343 0.014844 0.015278
0 0.551042 0.641898 0.012500 0.018056
0 0.648958 0.156250 0.019271 0.024537
0 0.891797 0.547222 0.017969 0.022222
0 0.615755 0.699769 0.012760 0.021759
0 0.588411 0.215741 0.014844 0.022222
0 0.835286 0.565509 0.011719 0.024537
0 0.332161 0.590741 0.015365 0.019444
0 0.630208 0.682176 0.015104 0.018981
0 0.523177 0.621528 0.014063 0.017130
2 0.683333 0.850231 0.010417 0.030093
0 0.451953 0.257870 0.017448 0.015741
0 0.418750 0.258333 0.018229 0.016667
0 0.724479 0.081250 0.010417 0.023611
0 0.615104 0.051620 0.010417 0.023611
0 0.782031 0.189815 0.016667 0.024074
0 0.859896 0.576389 0.009375 0.016667
2 0.826172 0.739583 0.014844 0.028241
0 0.764583 0.886111 0.009896 0.025926
0 0.700781 0.693750 0.015104 0.016204
0 0.544271 0.541667 0.012500 0.025926
0 0.574089 0.581713 0.011198 0.020833
0 0.655729 0.763194 0.013021 0.025463
0 0.673438 0.761343 0.011979 0.027315
0 0.683984 0.803935 0.009635 0.022685
0 0.698568 0.867361 0.009635 0.022685
0 0.701953 0.922454 0.009635 0.022685
0 0.689714 0.929398 0.009635 0.022685
0 0.703255 0.976620 0.009635 0.022685
0 0.533203 0.402083 0.016927 0.015278
0 0.551432 0.230093 0.013802 0.017593
0 0.506510 0.250926 0.017188 0.016667
0 0.378516 0.258565 0.016927 0.014352
