0 0.566536 0.608565 0.011719 0.021759
0 0.146224 0.252778 0.015365 0.012037
0 0.669141 0.792361 0.011719 0.025463
0 0.514583 0.614583 0.014063 0.014352
0 0.667969 0.684954 0.018750 0.017130
0 0.327214 0.464583 0.014323 0.012500
0 0.425911 0.597454 0.014844 0.013426
0 0.703906 0.690046 0.013021 0.014352
0 0.059505 0.256250 0.015885 0.013426
0 0.191667 0.573148 0.013021 0.013889
0 0.669010 0.753241 0.010937 0.024074
0 0.602995 0.137731 0.010156 0.021759
0 0.177734 0.598611 0.015365 0.013889
0 0.411458 0.253009 0.014063 0.012500
0 0.030469 0.240972 0.015104 0.012500
0 0.681510 0.830787 0.010937 0.023611
0 0.388281 0.255093 0.013542 0.013889
0 0.694010 0.926157 0.008333 0.028241
0 0.362240 0.253009 0.014063 0.012500
0 0.452734 0.254861 0.009635 0.011574
0 0.475911 0.251157 0.014844 0.014352
0 0.510807 0.237037 0.013802 0.014815
0 0.530599 0.233102 0.014844 0.012500
0 0.536589 0.345833 0.007031 0.021296
0 0.551172 0.474074 0.014844 0.012963
0 0.033984 0.377083 0.013802 0.013426
0 0.160286 0.406944 0.015365 0.014815
0 0.238151 0.396759 0.015885 0.013889
0 0.345573 0.486574 0.015625 0.012963
0 0.390234 0.404398 0.015365 0.012500
0 0.691927 0.387037 0.014583 0.013889
0 0.781901 0.404630 0.013802 0.009259
0 0.850260 0.463194 0.008333 0.023611
0 0.852474 0.322222 0.015885 0.012963
0 0.868750 0.559491 0.012500 0.016204
0 0.813281 0.594213 0.013542 0.022685
0 0.657682 0.760185 0.010677 0.023148
0 0.687891 0.805787 0.011719 0.027315
0 0.665755 0.831019 0.008073 0.020370
0 0.702734 0.917130 0.007552 0.025000
0 0.693620 0.983333 0.007031 0.025000
0 0.781250 0.146296 0.013021 0.019444
0 0.759896 0.105787 0.013021 0.024537
2 0.661979 0.141898 0.020313 0.018056
2 0.570443 0.129861 0.013281 0.020833
