0 0.231771 0.262037 0.015625 0.012037
0 0.826172 0.184259 0.018490 0.022222
0 0.304818 0.265278 0.020052 0.012963
0 0.599349 0.673843 0.013281 0.026389
0 0.613932 0.233102 0.017448 0.029167
0 0.976432 0.205324 0.019531 0.015278
0 0.569271 0.305093 0.014583 0.025926
0 0.249870 0.426389 0.020052 0.013889
2 0.569010 0.597685 0.019792 0.036111
0 0.777865 0.899074 0.009375 0.027778
0 0.710807 0.946991 0.009115 0.025463
1 0.697396 0.834722 0.025000 0.064815
0 0.793359 0.384491 0.021094 0.014352
0 0.902214 0.211111 0.016406 0.014815
0 0.734896 0.162731 0.018229 0.019907
0 0.665625 0.181019 0.020833 0.017593
0 0.622526 0.154861 0.012240 0.031944
0 0.646875 0.098380 0.013021 0.028241
