0 0.633724 0.710417 0.013281 0.022685
0 0.570573 0.213657 0.013542 0.018056
0 0.633333 0.673611 0.011979 0.016667
0 0.500260 0.608102 0.015104 0.016204
0 0.694271 0.858333 0.009896 0.023148
0 0.610547 0.678241 0.012760 0.019444
0 0.616016 0.177546 0.014844 0.016204
0 0.813021 0.177778 0.015104 0.016667
0 0.061979 0.533796 0.014063 0.015741
0 0.636198 0.746296 0.011979 0.022222
0 0.662630 0.775000 0.010156 0.020370
0 0.175781 0.565278 0.019271 0.015741
0 0.687109 0.816204 0.010677 0.028704
0 0.668750 0.746991 0.012500 0.024537
0 0.664453 0.830556 0.011198 0.028704
0 0.589323 0.675694 0.013542 0.019907
0 0.780599 0.680324 0.013802 0.018981
0 0.723047 0.139120 0.013802 0.013426
0 0.948047 0.184259 0.020052 0.017593
0 0.769792 0.964583 0.011979 0.025463
0 0.010677 0.341667 0.014583 0.020370
0 0.216536 0.247917 0.014844 0.014352
0 0.688021 0.889352 0.010417 0.028704
0 0.711198 0.017824 0.009375 0.023611
0 0.649609 0.009954 0.009115 0.018981
0 0.739323 0.067130 0.011458 0.021296
0 0.751563 0.095833 0.011458 0.021296
1 0.724089 0.068287 0.023698 0.065278
0 0.856510 0.337963 0.017188 0.016667
0 0.667188 0.457870 0.017188 0.016667
0 0.988021 0.300000 0.017188 0.016667
0 0.522266 0.242361 0.015365 0.014352
0 0.488932 0.248843 0.015365 0.014352
0 0.450651 0.223843 0.015365 0.014352
0 0.461328 0.253935 0.013281 0.013426
0 0.428776 0.250694 0.013281 0.013426
0 0.400130 0.252546 0.014844 0.014352
0 0.674219 0.816667 0.009896 0.025926
0 0.699089 0.904167 0.009115 0.027778
0 0.702214 0.945833 0.009115 0.027778
0 0.756901 0.911343 0.009115 0.025463
0 0.863151 0.486111 0.010156 0.027778
0 0.848568 0.471528 0.008594 0.024537
0 0.360417 0.253009 0.014583 0.013426
0 0.329167 0.252083 0.014583 0.013426
0 0.257422 0.247917 0.020052 0.014352
