0 0.311719 0.546065 0.016146 0.025463
0 0.430339 0.318981 0.024740 0.022222
0 0.226823 0.572454 0.015625 0.015278
0 0.203646 0.362731 0.009375 0.027315
0 0.385547 0.646991 0.007552 0.020833
0 0.384896 0.690278 0.007292 0.026852
0 0.792448 0.434259 0.015625 0.013889
0 0.330469 0.265741 0.018750 0.026852
0 0.725521 0.038194 0.012500 0.013426
0 0.410547 0.850926 0.014323 0.012963
0 0.116797 0.583333 0.008073 0.023148
0 0.408594 0.787269 0.013021 0.016204
0 0.384766 0.721759 0.007552 0.025926
0 0.384766 0.762269 0.009115 0.027315
0 0.263672 0.566204 0.016406 0.021296
0 0.341797 0.232870 0.019531 0.026852
0 0.754948 0.418519 0.012500 0.013889
0 0.408073 0.882639 0.016146 0.014352
0 0.480469 0.357407 0.019271 0.014815
0 0.549219 0.342130 0.028646 0.021296
0 0.290365 0.147685 0.013021 0.037037
0 0.512370 0.207407 0.011719 0.021296
0 0.430990 0.956944 0.016146 0.016667
0 0.269922 0.592130 0.017969 0.018519
0 0.156771 0.187269 0.018229 0.030093
0 0.295573 0.190278 0.018229 0.023148
0 0.799219 0.371991 0.018229 0.012500
0 0.484896 0.336806 0.017708 0.013426
0 0.892969 0.371991 0.018229 0.010648
0 0.444922 0.909954 0.014323 0.012500
0 0.253516 0.399306 0.007552 0.027315
0 0.891016 0.447454 0.017448 0.011574
0 0.676823 0.125694 0.012500 0.013426
0 0.362370 0.951157 0.008073 0.024537
0 0.442969 0.926389 0.016146 0.010185
2 0.302344 0.143519 0.022396 0.063889
0 0.409766 0.811806 0.013802 0.016204
0 0.680339 0.036806 0.015365 0.011574
0 0.433073 0.977083 0.015625 0.014352
0 0.565495 0.274769 0.011719 0.014352
0 0.410547 0.824306 0.013802 0.013426
0 0.163021 0.562731 0.021354 0.025463
0 0.283073 0.068519 0.008854 0.027778
0 0.288542 0.061806 0.010417 0.031019
0 0.249219 0.090741 0.008854 0.027778
0 0.272396 0.093981 0.008854 0.027778
0 0.276823 0.137269 0.008854 0.028241
0 0.283594 0.100231 0.008854 0.028241
0 0.286719 0.212269 0.018229 0.022685
0 0.468490 0.419676 0.010937 0.014352
0 0.242318 0.448380 0.007552 0.029167
0 0.554688 0.424769 0.016667 0.012500
0 0.618099 0.424769 0.013802 0.013426
0 0.849870 0.154167 0.010156 0.027778
0 0.741146 0.036343 0.012500 0.013426
0 0.943620 0.141667 0.010156 0.027778
0 0.932422 0.141204 0.010156 0.027778
0 0.237240 0.707176 0.007812 0.026389
0 0.245443 0.760185 0.007552 0.025926
0 0.234245 0.781019 0.007552 0.025926
0 0.383464 0.837269 0.009635 0.023611
0 0.382943 0.867593 0.008073 0.024074
0 0.384115 0.941667 0.010417 0.025926
0 0.361849 0.982176 0.007552 0.024537
0 0.242318 0.916667 0.007552 0.025926
0 0.229948 0.968519 0.006771 0.034259
