0 0.580599 0.632407 0.013802 0.028704
0 0.661719 0.744907 0.011979 0.016667
0 0.629297 0.689583 0.013802 0.025463
0 0.006901 0.239352 0.013281 0.014815
0 0.966797 0.329167 0.017969 0.017593
0 0.633724 0.729630 0.013802 0.019444
0 0.954948 0.217593 0.015104 0.016667
0 0.704688 0.890972 0.009896 0.025463
0 0.488021 0.505556 0.021354 0.018519
0 0.563542 0.337731 0.009375 0.029167
0 0.891667 0.213194 0.017708 0.012500
0 0.582422 0.247917 0.011198 0.027315
0 0.591146 0.263194 0.010417 0.022685
0 0.628646 0.207639 0.015104 0.022685
0 0.807943 0.174306 0.010677 0.018981
0 0.485417 0.622222 0.018750 0.014815
0 0.666797 0.786806 0.010677 0.020833
0 0.689974 0.811343 0.010677 0.025463
0 0.710547 0.958796 0.009115 0.021296
0 0.795573 0.915741 0.009375 0.021296
0 0.865495 0.509722 0.014323 0.036111
