0 0.570052 0.186574 0.014583 0.015741
0 0.661719 0.652083 0.014583 0.024537
0 0.311849 0.470139 0.020052 0.014352
0 0.472396 0.584954 0.019271 0.017130
0 0.331380 0.403241 0.020052 0.014815
0 0.712240 0.743981 0.012500 0.024074
0 0.603646 0.171528 0.013542 0.025463
0 0.800130 0.658333 0.020573 0.021296
0 0.657031 0.672454 0.016667 0.027315
0 0.013542 0.340509 0.019271 0.022685
0 0.614844 0.572685 0.013542 0.027778
0 0.609635 0.642130 0.017708 0.024074
0 0.036589 0.231250 0.017969 0.017130
0 0.847526 0.160648 0.019010 0.026852
0 0.703125 0.090046 0.015625 0.018981
0 0.793620 0.035185 0.012240 0.026852
0 0.644792 0.054861 0.014063 0.030093
0 0.645052 0.142593 0.014583 0.025000
0 0.551432 0.600926 0.018490 0.020370
0 0.715885 0.805787 0.013021 0.029167
0 0.134505 0.385417 0.020052 0.018981
2 0.197526 0.462037 0.033073 0.025000
0 0.138672 0.368287 0.020052 0.018981
0 0.579297 0.536111 0.014844 0.030556
0 0.533594 0.195833 0.014583 0.015741
0 0.601042 0.225000 0.010937 0.023148
0 0.626432 0.442593 0.020052 0.015741
0 0.771875 0.087731 0.015625 0.018981
0 0.766797 0.018750 0.013802 0.032870
0 0.868750 0.199769 0.016146 0.028241
0 0.825651 0.931481 0.013802 0.030556
0 0.737109 0.970833 0.013802 0.030556
0 0.703646 0.766204 0.012500 0.024074
0 0.729427 0.796065 0.013021 0.029167
0 0.738542 0.835648 0.011458 0.027778
