1 0.632292 0.693056 0.025000 0.022222
0 0.579167 0.192824 0.013021 0.022685
0 0.673568 0.812731 0.011198 0.023611
0 0.559375 0.540972 0.011979 0.024537
0 0.718359 0.145139 0.019531 0.017130
0 0.728125 0.091667 0.011458 0.027778
0 0.687370 0.894676 0.010677 0.026389
0 0.660547 0.774074 0.011719 0.027778
0 0.696354 0.868056 0.008854 0.025000
0 0.663281 0.739120 0.013021 0.022685
0 0.545312 0.396065 0.019271 0.013426
0 0.825260 0.211343 0.013542 0.020833
2 0.785026 0.845139 0.016927 0.040278
0 0.734245 0.056019 0.011198 0.021296
0 0.352344 0.226389 0.013542 0.017593
0 0.947396 0.542593 0.017708 0.021296
0 0.644792 0.734722 0.010937 0.018519
0 0.167839 0.242130 0.015365 0.015741
0 0.381510 0.410185 0.013542 0.016667
0 0.689844 0.944213 0.010937 0.025463
0 0.774479 0.804398 0.009896 0.021759
0 0.750130 0.091435 0.012240 0.023611
0 0.421745 0.222222 0.016406 0.012963
0 0.289974 0.245370 0.015365 0.015741
2 0.436458 0.251389 0.030208 0.020370
0 0.471615 0.256250 0.011979 0.012500
0 0.534896 0.236574 0.015104 0.018519
0 0.580599 0.239352 0.012760 0.023148
0 0.041146 0.364120 0.014583 0.015278
0 0.313542 0.412731 0.014583 0.015278
0 0.385937 0.587963 0.013542 0.016667
0 0.576693 0.590741 0.012240 0.021296
0 0.681901 0.793750 0.011198 0.023611
0 0.697917 0.942593 0.010937 0.025000
0 0.887500 0.601389 0.017708 0.021296
0 0.852344 0.482407 0.012500 0.025000
0 0.841406 0.566667 0.012500 0.025000
0 0.807813 0.610417 0.011458 0.021759
0 0.857552 0.414120 0.016146 0.018981
0 0.804167 0.226620 0.013542 0.020833
0 0.702865 0.396065 0.019271 0.013426
0 0.615104 0.096759 0.013021 0.023148
0 0.718229 0.048380 0.012500 0.026389
2 0.505729 0.241898 0.028125 0.025463
0 0.979688 0.176620 0.015104 0.020833
