0 0.645703 0.679861 0.013802 0.019907
0 0.790755 0.127778 0.017969 0.020370
0 0.610417 0.586574 0.014063 0.026852
2 0.104818 0.331250 0.036719 0.026389
0 0.713802 0.821991 0.009896 0.026389
0 0.162500 0.407639 0.014063 0.018056
0 0.008854 0.201620 0.017188 0.016204
0 0.719141 0.881481 0.009635 0.028704
0 0.687240 0.725694 0.011979 0.023611
0 0.958724 0.531713 0.022656 0.031019
0 0.114062 0.212037 0.016667 0.012037
0 0.585286 0.583796 0.013281 0.024074
0 0.654687 0.660185 0.013542 0.025000
0 0.616667 0.194213 0.012500 0.024537
0 0.647917 0.386343 0.020313 0.017130
0 0.869792 0.246759 0.012500 0.026852
0 0.689583 0.365046 0.020313 0.017130
0 0.595313 0.236343 0.012500 0.024537
0 0.564063 0.282639 0.012500 0.024537
0 0.684375 0.753472 0.011979 0.023611
0 0.718620 0.968056 0.009635 0.028704
