0 0.622396 0.644907 0.016146 0.015741
0 0.208594 0.224769 0.018229 0.014352
0 0.823047 0.152546 0.014323 0.018056
0 0.865365 0.236111 0.012500 0.025000
0 0.954297 0.506019 0.016927 0.015741
0 0.373047 0.406481 0.019531 0.016667
0 0.654948 0.076852 0.011979 0.027778
0 0.626172 0.182407 0.014323 0.026852
0 0.594792 0.204861 0.015104 0.024537
0 0.569141 0.215741 0.017448 0.018519
0 0.784245 0.076852 0.012760 0.025000
0 0.256120 0.201620 0.017448 0.018056
0 0.402214 0.206944 0.017448 0.015741
0 0.671094 0.728935 0.012500 0.022685
0 0.489193 0.239815 0.019010 0.015741
0 0.590495 0.265509 0.011198 0.025463
0 0.676042 0.773843 0.010417 0.024537
0 0.663672 0.395370 0.017448 0.019444
0 0.128646 0.343519 0.018229 0.014815
0 0.236719 0.368981 0.018229 0.014815
0 0.188802 0.203472 0.018229 0.014352
0 0.358073 0.232639 0.018229 0.014352
0 0.395573 0.231019 0.018229 0.014815
0 0.049740 0.496991 0.018229 0.014352
0 0.847266 0.196528 0.014844 0.026389
0 0.807292 0.168519 0.015104 0.026852
0 0.858073 0.265278 0.011979 0.029630
0 0.747266 0.358333 0.017448 0.019444
0 0.571224 0.265741 0.010677 0.030556
0 0.552474 0.223843 0.013802 0.018981
0 0.919401 0.581019 0.013802 0.018519
0 0.891016 0.623843 0.017448 0.028241
0 0.690625 0.736343 0.012500 0.022685
0 0.707943 0.794213 0.010677 0.024537
0 0.693099 0.785185 0.011198 0.027778
0 0.721094 0.892130 0.008854 0.030556
0 0.720313 0.951620 0.008854 0.031019
0 0.784245 0.886343 0.008594 0.031019
