0 0.805469 0.109028 0.012500 0.014352
0 0.746745 0.790046 0.010156 0.022685
0 0.710286 0.720370 0.013281 0.025926
0 0.935156 0.492824 0.016146 0.018981
0 0.660937 0.637963 0.014583 0.017593
0 0.727474 0.774074 0.011198 0.028704
0 0.328906 0.564815 0.018229 0.016667
0 0.336719 0.211343 0.016146 0.014352
0 0.261328 0.567824 0.014844 0.014352
0 0.618490 0.567130 0.011458 0.017593
0 0.638542 0.577083 0.012500 0.019907
0 0.580469 0.199074 0.014063 0.014815
0 0.745703 0.866435 0.010156 0.026389
0 0.729167 0.336806 0.018750 0.014352
0 0.852604 0.115046 0.015104 0.019907
0 0.242708 0.217130 0.016667 0.016667
0 0.869010 0.598611 0.014583 0.037963
0 0.041797 0.511806 0.016927 0.017130
2 0.098568 0.240278 0.034115 0.022222
0 0.045312 0.359491 0.015104 0.012500
0 0.239974 0.390972 0.013281 0.011574
0 0.006250 0.243287 0.011979 0.013426
0 0.379167 0.403704 0.015104 0.015741
0 0.550391 0.393287 0.014844 0.016204
0 0.567448 0.372917 0.013542 0.015278
0 0.608984 0.385185 0.013802 0.012963
0 0.642708 0.358796 0.016146 0.016667
2 0.722526 0.709954 0.020052 0.034722
0 0.757552 0.871759 0.006771 0.025926
0 0.747917 0.941898 0.007292 0.029167
0 0.758594 0.968287 0.007292 0.027315
0 0.583854 0.278935 0.009375 0.022685
0 0.598828 0.307176 0.009115 0.035648
0 0.644010 0.166667 0.011458 0.014815
0 0.695312 0.369213 0.015625 0.012500
0 0.794141 0.341667 0.012240 0.013889
0 0.906250 0.299537 0.012500 0.015741
0 0.980208 0.452315 0.016146 0.016667
1 0.802604 0.944676 0.017188 0.068056
1 0.380729 0.207407 0.015625 0.012037
