0 0.594922 0.185880 0.013802 0.025463
2 0.497266 0.595833 0.033073 0.025926
0 0.625130 0.116204 0.015365 0.026852
0 0.823828 0.387731 0.022656 0.016204
0 0.770312 0.033333 0.013542 0.029630
0 0.302474 0.469213 0.021094 0.014352
0 0.160156 0.390046 0.020833 0.018056
0 0.024219 0.527546 0.017708 0.015278
0 0.670964 0.118519 0.015365 0.021296
0 0.211849 0.399769 0.017448 0.015278
0 0.243880 0.382176 0.017448 0.015278
0 0.576823 0.319444 0.011458 0.031481
0 0.789323 0.116435 0.019792 0.022685
0 0.895573 0.462963 0.008854 0.033333
