0 0.664193 0.669907 0.014844 0.015741
0 0.010286 0.384259 0.010677 0.017593
0 0.632812 0.174769 0.015625 0.023611
0 0.695833 0.817130 0.009896 0.030556
0 0.205208 0.220370 0.019271 0.016667
0 0.716536 0.869676 0.010156 0.025463
0 0.395833 0.571528 0.018750 0.016204
0 0.812240 0.152546 0.018229 0.018981
0 0.686849 0.726852 0.015365 0.031481
0 0.691406 0.134028 0.019271 0.019907
0 0.047656 0.494444 0.018750 0.016667
0 0.892448 0.339815 0.015104 0.017593
0 0.117318 0.521528 0.016406 0.018056
0 0.365885 0.208796 0.019271 0.015741
0 0.706120 0.368750 0.021094 0.013426
0 0.708854 0.929861 0.009375 0.024537
0 0.451823 0.203241 0.020833 0.017593
0 0.177995 0.368981 0.016927 0.014815
0 0.513672 0.196296 0.016927 0.014815
0 0.549089 0.177315 0.016927 0.014815
0 0.539193 0.400463 0.016927 0.014815
0 0.624740 0.081944 0.014583 0.027778
0 0.875000 0.177315 0.015104 0.017593
0 0.760807 0.068056 0.013281 0.028704
0 0.861849 0.529167 0.013281 0.028704
0 0.586068 0.395370 0.016927 0.014815
0 0.631641 0.397222 0.016927 0.014815
0 0.584505 0.287500 0.016406 0.037963
0 0.792318 0.825694 0.012760 0.033796
0 0.710286 0.813657 0.012760 0.033796
0 0.625000 0.621991 0.015104 0.024537
0 0.707682 0.884028 0.010156 0.025463
0 0.714453 0.967361 0.010156 0.025463
2 0.939844 0.182639 0.034896 0.019907
