0 0.178255 0.592824 0.010677 0.022685
0 0.512370 0.418981 0.021615 0.014815
0 0.122656 0.577778 0.009375 0.032407
0 0.415625 0.821528 0.013542 0.013426
0 0.326562 0.249074 0.016146 0.026852
0 0.252995 0.212269 0.007552 0.030093
0 0.392057 0.285880 0.016927 0.018981
0 0.389453 0.646528 0.010677 0.026389
0 0.446875 0.910880 0.013542 0.015278
0 0.349740 0.495370 0.015104 0.022222
0 0.346094 0.525926 0.012500 0.021296
0 0.434766 0.426620 0.013281 0.017130
0 0.308984 0.524074 0.015365 0.023148
0 0.342057 0.328241 0.011719 0.027778
0 0.389323 0.687500 0.009896 0.026852
0 0.414323 0.804167 0.013021 0.015741
0 0.407943 0.414120 0.021615 0.022685
0 0.484505 0.416435 0.024219 0.017130
0 0.343620 0.472454 0.016406 0.018981
0 0.478255 0.398380 0.014323 0.013426
0 0.433724 0.955093 0.016927 0.012037
0 0.417057 0.837731 0.013802 0.013426
0 0.383073 0.431019 0.013542 0.016667
0 0.413672 0.884028 0.017969 0.011574
0 0.251953 0.303935 0.006510 0.026389
0 0.388802 0.762500 0.007812 0.024074
0 0.683333 0.124769 0.011979 0.012500
0 0.454818 0.421065 0.013281 0.016204
0 0.210286 0.359722 0.008073 0.031481
0 0.248307 0.400231 0.007031 0.026389
0 0.403646 0.443519 0.014583 0.015741
0 0.025911 0.648380 0.014323 0.012500
0 0.365755 0.980324 0.007031 0.030093
0 0.159115 0.529861 0.015104 0.020833
0 0.414583 0.855324 0.015625 0.013426
0 0.384766 0.453241 0.013802 0.015741
0 0.276823 0.025926 0.012500 0.034259
0 0.365755 0.948611 0.006510 0.025000
0 0.283724 0.123148 0.011198 0.027778
0 0.389453 0.724769 0.010677 0.023611
0 0.463542 0.397917 0.013021 0.014352
0 0.386719 0.938657 0.008854 0.026389
0 0.470182 0.414815 0.015365 0.016667
0 0.660807 0.354167 0.014323 0.011111
0 0.387500 0.833333 0.007812 0.026852
0 0.436328 0.973148 0.015365 0.013889
0 0.292969 0.203704 0.014063 0.016667
0 0.072786 0.292593 0.014323 0.018519
0 0.309896 0.139583 0.012500 0.031019
0 0.233073 0.973611 0.012500 0.034259
0 0.586328 0.425463 0.015365 0.015741
0 0.101302 0.479167 0.014063 0.025926
0 0.415234 0.869907 0.014844 0.012037
0 0.539193 0.419676 0.016927 0.014352
0 0.686198 0.039352 0.014583 0.014815
0 0.733724 0.039583 0.013281 0.015278
0 0.264193 0.186111 0.016406 0.017593
0 0.104167 0.297685 0.016146 0.022222
0 0.830990 0.447222 0.014063 0.018519
0 0.134635 0.297454 0.009896 0.030093
0 0.412760 0.784722 0.011979 0.012963
0 0.386328 0.861343 0.006510 0.021759
0 0.519792 0.400000 0.015104 0.012037
0 0.439583 0.395602 0.016146 0.011574
0 0.571224 0.276620 0.011198 0.010648
0 0.856901 0.155093 0.007552 0.020370
0 0.718229 0.173843 0.009896 0.024537
0 0.730729 0.170602 0.010937 0.012500
0 0.748958 0.037269 0.013542 0.010648
0 0.939193 0.141898 0.010677 0.019907
0 0.950130 0.147454 0.008073 0.028241
0 0.258724 0.484722 0.006510 0.025926
0 0.263021 0.221065 0.006771 0.019907
0 0.025260 0.663426 0.012500 0.010185
0 0.022396 0.681713 0.019271 0.018981
0 0.249609 0.759259 0.005990 0.019444
0 0.272266 0.787500 0.007552 0.031481
0 0.284896 0.671065 0.008333 0.024537
0 0.267969 0.053704 0.006250 0.025926
