0 0.790625 0.165509 0.014583 0.015278
0 0.620833 0.695602 0.014063 0.021759
0 0.103776 0.451852 0.019010 0.016667
0 0.861849 0.630324 0.011198 0.028241
0 0.673958 0.763426 0.013542 0.025000
0 0.119141 0.375463 0.016927 0.013889
0 0.866146 0.701852 0.013021 0.025000
0 0.020573 0.349074 0.018750 0.013889
0 0.892057 0.653472 0.015885 0.024537
1 0.713542 0.925926 0.011458 0.045370
0 0.048307 0.532870 0.019010 0.016667
0 0.584766 0.584722 0.012760 0.029630
0 0.623047 0.673148 0.011198 0.019444
0 0.652083 0.755093 0.013542 0.025000
0 0.695443 0.818519 0.011198 0.021296
0 0.842708 0.609722 0.010937 0.024074
0 0.784635 0.126852 0.012500 0.026852
2 0.864062 0.200000 0.020833 0.023148
0 0.867057 0.365046 0.019010 0.017130
