0 0.683724 0.173611 0.020052 0.021296
0 0.091667 0.366667 0.021354 0.016667
0 0.984245 0.566204 0.016406 0.020370
1 0.871745 0.625000 0.038802 0.052778
0 0.171354 0.575231 0.018229 0.013426
0 0.529948 0.260880 0.021875 0.015278
0 0.236719 0.240741 0.018750 0.011111
0 0.601562 0.678935 0.015625 0.025463
0 0.848177 0.294444 0.016667 0.032407
0 0.713021 0.485880 0.018750 0.016204
0 0.909505 0.637037 0.019010 0.024074
0 0.749349 0.153935 0.021094 0.018056
0 0.649870 0.758796 0.018490 0.031481
0 0.716667 0.159028 0.020313 0.015278
0 0.031510 0.370370 0.021354 0.016667
0 0.580990 0.421528 0.018750 0.016204
0 0.699219 0.428935 0.018750 0.016204
0 0.740885 0.402083 0.018750 0.016204
0 0.628385 0.126389 0.015104 0.028704
0 0.759245 0.061111 0.012760 0.029630
0 0.766797 0.095370 0.012760 0.029630
0 0.807292 0.185185 0.014063 0.026852
0 0.695964 0.832407 0.014323 0.037037
0 0.801432 0.793056 0.014323 0.037037
0 0.818620 0.842593 0.014323 0.037037
0 0.685547 0.851157 0.012240 0.031944
