0 0.570182 0.586343 0.015365 0.018981
0 0.701042 0.649537 0.017188 0.017593
0 0.603906 0.218519 0.012500 0.024074
0 0.922005 0.521296 0.014844 0.023148
0 0.831510 0.141898 0.014583 0.023611
0 0.941927 0.497454 0.014583 0.019907
0 0.171094 0.449074 0.018229 0.017593
0 0.597266 0.124306 0.017448 0.021759
0 0.649089 0.620602 0.016927 0.018981
0 0.586068 0.198611 0.015365 0.018519
0 0.190885 0.578009 0.018229 0.018981
0 0.815104 0.080787 0.015104 0.024537
0 0.340234 0.568287 0.020573 0.020833
0 0.961589 0.476157 0.017969 0.021759
0 0.857031 0.717824 0.011979 0.024537
0 0.625521 0.206713 0.012500 0.027315
0 0.743620 0.880556 0.010677 0.028704
0 0.893620 0.482870 0.010677 0.026852
0 0.870703 0.541898 0.014844 0.027315
0 0.838672 0.812963 0.010677 0.027778
0 0.758464 0.946991 0.007552 0.028241
0 0.738021 0.940741 0.009375 0.027778
0 0.747786 0.964352 0.009115 0.033333
0 0.747526 0.927778 0.008073 0.028704
0 0.755208 0.898380 0.009375 0.029167
0 0.753776 0.838657 0.010677 0.027315
0 0.739193 0.825000 0.010677 0.026852
0 0.747786 0.804398 0.010677 0.028241
0 0.731901 0.792593 0.012760 0.025000
0 0.742969 0.775463 0.013021 0.025000
0 0.732682 0.742361 0.014323 0.027315
0 0.723958 0.758102 0.014063 0.027315
0 0.713151 0.729630 0.015365 0.025926
0 0.720964 0.711806 0.011719 0.024537
0 0.700391 0.698611 0.014844 0.025000
0 0.875911 0.223611 0.012760 0.027778
0 0.791667 0.405556 0.018750 0.021296
0 0.460547 0.228704 0.014844 0.015741
0 0.360026 0.453704 0.016406 0.018519
0 0.431510 0.573148 0.019271 0.018519
