0 0.732812 0.134954 0.015104 0.017130
0 0.653125 0.709491 0.013021 0.022685
0 0.191276 0.237269 0.015365 0.011574
0 0.611589 0.641667 0.016406 0.020370
0 0.547917 0.475926 0.018750 0.012963
0 0.441797 0.597685 0.020052 0.018519
0 0.541667 0.296065 0.009375 0.023611
0 0.481641 0.462269 0.017969 0.012500
0 0.405859 0.252546 0.015885 0.014352
0 0.577083 0.116435 0.011979 0.019907
0 0.672266 0.787963 0.011198 0.025926
0 0.103255 0.238426 0.013281 0.014815
0 0.358073 0.591435 0.015625 0.013426
0 0.991016 0.277546 0.017969 0.020833
0 0.692708 0.886806 0.009375 0.020833
0 0.338672 0.252778 0.022656 0.015741
0 0.650130 0.736806 0.013802 0.021759
0 0.440885 0.252778 0.015104 0.014815
0 0.373177 0.253704 0.016667 0.012963
0 0.572917 0.578704 0.014063 0.025926
0 0.571094 0.209722 0.013542 0.025000
0 0.942578 0.489815 0.014323 0.016667
0 0.686719 0.840046 0.009375 0.023611
0 0.435937 0.221759 0.013021 0.012037
0 0.469141 0.219907 0.015365 0.015741
0 0.481771 0.248843 0.013542 0.013426
0 0.523698 0.232639 0.013542 0.013426
0 0.529297 0.183102 0.013281 0.018981
0 0.567969 0.391204 0.014063 0.012037
0 0.557813 0.292361 0.009375 0.023611
0 0.547656 0.344676 0.009375 0.023611
0 0.374870 0.410880 0.014844 0.012500
0 0.295703 0.422454 0.014844 0.012500
0 0.250260 0.420602 0.015104 0.012500
0 0.246875 0.399074 0.013021 0.013889
0 0.118880 0.384722 0.014844 0.013889
0 0.146875 0.588657 0.015104 0.012500
0 0.614974 0.670833 0.014844 0.020370
0 0.602734 0.684722 0.014844 0.020370
0 0.680859 0.775926 0.011198 0.025926
0 0.676302 0.865972 0.009375 0.023611
0 0.696615 0.943750 0.009375 0.020833
0 0.754167 0.989583 0.009375 0.020833
0 0.800781 0.708102 0.010417 0.024537
0 0.839583 0.538194 0.010417 0.024537
0 0.818490 0.246759 0.010417 0.016667
0 0.805469 0.159259 0.013021 0.013889
0 0.726562 0.079398 0.012500 0.026389
0 0.743750 0.079861 0.012500 0.026389
0 0.731380 0.045370 0.010677 0.022222
0 0.710026 0.032870 0.010677 0.022222
0 0.622005 0.066204 0.010677 0.022222
