0 0.667969 0.688194 0.014583 0.022685
0 0.616797 0.144213 0.013802 0.024537
0 0.905599 0.545370 0.017448 0.017593
0 0.631380 0.628009 0.010677 0.018981
0 0.686328 0.129167 0.020573 0.021296
0 0.914974 0.334491 0.017448 0.016204
0 0.568490 0.215509 0.017708 0.018056
0 0.945573 0.382639 0.016146 0.017130
0 0.620052 0.672917 0.015625 0.022685
0 0.138672 0.222917 0.017969 0.014352
0 0.336979 0.227083 0.018229 0.014352
0 0.344141 0.204861 0.016406 0.012500
0 0.616797 0.642130 0.011198 0.022222
0 0.405469 0.206481 0.016667 0.017593
0 0.528646 0.233565 0.019792 0.014352
0 0.603125 0.231944 0.012500 0.022222
0 0.939323 0.304398 0.016146 0.016204
0 0.084635 0.353472 0.018229 0.018981
0 0.472786 0.578704 0.019531 0.013889
0 0.463802 0.233333 0.018229 0.014815
0 0.158724 0.372222 0.017969 0.018519
0 0.238672 0.370602 0.017969 0.014352
0 0.403255 0.384028 0.017969 0.014352
0 0.425130 0.234491 0.017969 0.014352
0 0.540625 0.173380 0.017708 0.018056
0 0.739062 0.121991 0.017708 0.018056
0 0.836719 0.164583 0.016146 0.020833
0 0.778255 0.062731 0.012760 0.026389
0 0.762630 0.024306 0.012760 0.026389
0 0.645182 0.057639 0.013802 0.029167
0 0.672135 0.012500 0.013542 0.024074
0 0.579167 0.316204 0.012500 0.036111
0 0.537891 0.385880 0.017969 0.014352
0 0.642057 0.398380 0.017969 0.014352
0 0.659635 0.708102 0.016146 0.023611
0 0.851042 0.712500 0.011979 0.024074
0 0.827474 0.794444 0.012760 0.030556
0 0.708854 0.786806 0.011458 0.031019
0 0.715365 0.830324 0.011458 0.031019
0 0.722005 0.909028 0.008594 0.031944
0 0.720964 0.971065 0.008594 0.031944
