0 0.769141 0.162269 0.020052 0.019907
0 0.572005 0.597454 0.013281 0.033796
0 0.629948 0.721991 0.015625 0.031019
0 0.337891 0.249537 0.020052 0.012963
0 0.293099 0.415509 0.017969 0.013426
0 0.242578 0.432407 0.020573 0.020370
0 0.796484 0.914583 0.010677 0.029167
0 0.690755 0.411574 0.017969 0.012037
0 0.663411 0.179861 0.020052 0.019907
0 0.967839 0.334028 0.020052 0.019907
0 0.985026 0.351620 0.020052 0.019907
0 0.674479 0.813657 0.015625 0.031019
0 0.852604 0.738657 0.015625 0.031019
0 0.787891 0.854398 0.012240 0.030093
