0 0.629818 0.165278 0.017448 0.028704
0 0.054688 0.420370 0.027083 0.025926
0 0.652474 0.708796 0.014323 0.023148
0 0.796354 0.041898 0.013021 0.024537
0 0.671484 0.687269 0.015885 0.026389
0 0.314193 0.467824 0.017448 0.013426
0 0.800391 0.096991 0.016406 0.019907
0 0.548438 0.201389 0.016146 0.014815
0 0.728516 0.988194 0.009635 0.023611
0 0.601042 0.601852 0.016667 0.030556
0 0.331641 0.375000 0.020052 0.016667
0 0.700911 0.101852 0.020573 0.022222
0 0.527344 0.207176 0.016667 0.014352
0 0.640104 0.084954 0.017188 0.030093
0 0.703516 0.784259 0.013281 0.028704
0 0.569010 0.192361 0.018750 0.018056
0 0.059375 0.210185 0.019792 0.014815
0 0.885938 0.134259 0.021354 0.017593
0 0.576172 0.324769 0.011198 0.020833
0 0.885286 0.540046 0.012760 0.027315
1 0.977083 0.144676 0.042188 0.025463
0 0.680729 0.375694 0.021354 0.018056
0 0.831771 0.340972 0.021354 0.018056
0 0.828255 0.117824 0.016406 0.019907
2 0.774089 0.029167 0.022656 0.054630
0 0.979036 0.540046 0.015885 0.024537
0 0.893880 0.666898 0.012760 0.027315
0 0.662240 0.701852 0.016667 0.025926
0 0.731250 0.862037 0.010937 0.031481
0 0.811719 0.963889 0.010937 0.031481
0 0.716927 0.949537 0.010937 0.031481
