0 0.344661 0.613194 0.019531 0.014352
0 0.639193 0.696991 0.015365 0.025463
0 0.927995 0.214583 0.019010 0.015278
0 0.887630 0.218056 0.020052 0.016667
0 0.967057 0.211806 0.017448 0.017130
0 0.817969 0.194213 0.016146 0.018056
0 0.674740 0.763889 0.012500 0.024074
0 0.013542 0.240972 0.018229 0.018056
0 0.978125 0.567824 0.020833 0.022685
0 0.684896 0.168519 0.021354 0.022222
0 0.853646 0.195833 0.018229 0.016667
0 0.711068 0.892130 0.009635 0.024074
0 0.399609 0.265509 0.016927 0.016204
0 0.713672 0.992824 0.009115 0.014352
0 0.560026 0.442361 0.016927 0.016204
0 0.616016 0.419676 0.016927 0.016204
1 0.815104 0.383102 0.045833 0.031944
0 0.571484 0.348843 0.012240 0.031019
0 0.891276 0.659722 0.016406 0.025926
0 0.603255 0.629398 0.013281 0.023611
0 0.591016 0.647917 0.013281 0.023611
0 0.702604 0.840046 0.010417 0.028241
0 0.715365 0.938194 0.008854 0.027315
