0 0.026432 0.394907 0.017448 0.017593
0 0.676432 0.638426 0.015885 0.019444
0 0.645312 0.617361 0.015625 0.018981
0 0.285026 0.570139 0.016927 0.015278
0 0.817969 0.836343 0.011979 0.026389
0 0.606901 0.265972 0.011719 0.025463
0 0.750391 0.802315 0.010677 0.025926
0 0.788542 0.068287 0.013542 0.023611
0 0.690755 0.682639 0.013802 0.024537
0 0.713281 0.684491 0.013542 0.025463
0 0.180990 0.571991 0.017708 0.016204
0 0.166667 0.368519 0.017708 0.013889
2 0.656510 0.091667 0.019271 0.042593
0 0.563802 0.580787 0.015625 0.017130
0 0.122786 0.535417 0.017448 0.015278
0 0.369271 0.577546 0.017708 0.015278
0 0.385286 0.443981 0.017448 0.013889
0 0.848047 0.784722 0.011719 0.029630
0 0.355990 0.463889 0.018229 0.014815
0 0.738281 0.810880 0.010937 0.028241
0 0.877214 0.571991 0.014323 0.024537
0 0.941016 0.293287 0.018490 0.018981
0 0.278776 0.400231 0.016927 0.015278
0 0.059115 0.235185 0.017708 0.013889
0 0.441667 0.379630 0.018229 0.013889
0 0.823568 0.138194 0.018490 0.023611
0 0.851693 0.172917 0.015885 0.026389
0 0.973307 0.256250 0.018490 0.018981
0 0.831771 0.780556 0.009896 0.023148
0 0.711458 0.727083 0.014063 0.029167
0 0.722917 0.758796 0.011979 0.027778
0 0.734505 0.742361 0.010677 0.022685
0 0.742969 0.770139 0.011458 0.027315
0 0.754948 0.843981 0.009375 0.026852
0 0.744531 0.855093 0.009375 0.026852
0 0.759635 0.902083 0.007812 0.029167
0 0.748698 0.914583 0.007812 0.029167
0 0.760156 0.957870 0.008854 0.025000
0 0.759115 0.987500 0.008854 0.025000
