0 0.645052 0.709954 0.013021 0.021759
0 0.605729 0.193750 0.014063 0.014352
0 0.567969 0.609722 0.012500 0.024074
0 0.717708 0.047917 0.011979 0.025463
0 0.080859 0.252315 0.014323 0.017593
0 0.495833 0.610417 0.014583 0.018981
0 0.609635 0.651852 0.011979 0.018519
0 0.558203 0.310648 0.010677 0.022222
0 0.681641 0.966898 0.007552 0.020833
0 0.404167 0.259491 0.016667 0.014352
0 0.471875 0.257407 0.015104 0.012963
0 0.552214 0.404861 0.015365 0.014352
0 0.438542 0.260185 0.014583 0.012037
0 0.722656 0.142361 0.015104 0.013426
0 0.544922 0.556019 0.014323 0.031481
0 0.691016 0.931250 0.008073 0.034722
0 0.057161 0.580324 0.016927 0.017130
0 0.378516 0.258796 0.013802 0.012037
0 0.500521 0.251852 0.013542 0.012963
0 0.079557 0.383102 0.016927 0.018981
0 0.152995 0.251852 0.014323 0.015741
0 0.304557 0.242130 0.014323 0.012963
0 0.528906 0.247685 0.016146 0.014815
0 0.571224 0.267130 0.011719 0.025000
0 0.539714 0.315741 0.010677 0.022222
0 0.729427 0.089120 0.013542 0.030093
0 0.792578 0.203704 0.010156 0.016667
0 0.805208 0.375000 0.016667 0.017593
0 0.884375 0.330556 0.016667 0.017593
0 0.919792 0.332870 0.016667 0.017593
0 0.702734 0.938657 0.007031 0.028241
0 0.693490 0.843056 0.009896 0.028704
0 0.679036 0.786111 0.010156 0.024074
