0 0.155859 0.246296 0.016927 0.014815
0 0.661198 0.730556 0.011979 0.019444
0 0.948698 0.173843 0.018229 0.014352
0 0.654167 0.684259 0.015104 0.015741
0 0.675781 0.810185 0.010417 0.026852
0 0.496875 0.471065 0.015625 0.018981
0 0.753125 0.108796 0.014583 0.028704
0 0.682422 0.788657 0.011719 0.028241
0 0.690625 0.831481 0.011979 0.022222
0 0.691797 0.141204 0.014323 0.018519
0 0.604688 0.132870 0.012500 0.028704
0 0.562109 0.282870 0.011198 0.027778
0 0.298568 0.408796 0.013802 0.014815
0 0.029167 0.383565 0.022396 0.014352
0 0.165885 0.411806 0.015104 0.016204
0 0.657422 0.763194 0.011198 0.020833
0 0.104427 0.399769 0.026042 0.019907
0 0.255599 0.422685 0.013281 0.013889
0 0.249219 0.261574 0.014063 0.014815
0 0.264062 0.239815 0.014063 0.014815
0 0.280469 0.258333 0.014063 0.014815
0 0.320964 0.257870 0.019010 0.017593
0 0.360286 0.261111 0.016406 0.013889
0 0.670052 0.461806 0.015625 0.018981
0 0.545833 0.341204 0.010937 0.023148
0 0.586198 0.609028 0.015104 0.025463
0 0.555859 0.155787 0.014844 0.021759
0 0.532552 0.238426 0.013542 0.017593
2 0.473047 0.254167 0.027344 0.024074
2 0.505078 0.244907 0.027344 0.024074
0 0.743229 0.080556 0.011979 0.025926
0 0.725000 0.081944 0.011979 0.025926
0 0.716927 0.052778 0.011979 0.025926
0 0.708073 0.019213 0.011458 0.026389
0 0.636979 0.041435 0.011458 0.026389
0 0.732031 0.142130 0.012500 0.016667
0 0.814844 0.235880 0.014063 0.027315
0 0.894531 0.178241 0.014063 0.017593
0 0.900911 0.330556 0.017969 0.022222
0 0.727865 0.385417 0.016146 0.016204
0 0.834766 0.611806 0.009115 0.020833
0 0.786458 0.779861 0.010937 0.021759
0 0.667969 0.828704 0.010417 0.026852
0 0.686458 0.858796 0.010417 0.026852
0 0.703385 0.916204 0.010417 0.026852
0 0.695573 0.953241 0.010417 0.026852
0 0.707552 0.967130 0.010417 0.026852
