0 0.686589 0.704630 0.012240 0.012037
0 0.409115 0.594676 0.015104 0.014352
0 0.606641 0.670370 0.013802 0.020370
0 0.663672 0.736806 0.012760 0.022685
0 0.457161 0.596296 0.014844 0.012963
0 0.660807 0.765509 0.011198 0.024537
0 0.580729 0.633796 0.012500 0.021296
0 0.555339 0.458796 0.015365 0.012963
0 0.739453 0.076620 0.013281 0.023611
0 0.628255 0.726620 0.012240 0.022685
0 0.694922 0.943750 0.008594 0.026389
0 0.772786 0.175231 0.012760 0.018056
0 0.341406 0.595602 0.016146 0.013426
0 0.559766 0.248380 0.009635 0.022685
0 0.071484 0.551620 0.015365 0.014352
0 0.838802 0.534954 0.009375 0.021759
0 0.689453 0.894213 0.008594 0.026389
0 0.699609 0.859954 0.008594 0.026389
0 0.681901 0.829398 0.008594 0.026389
0 0.680078 0.777778 0.009115 0.021296
0 0.601302 0.629630 0.012500 0.021296
0 0.813021 0.592130 0.012500 0.021296
0 0.060937 0.394213 0.016146 0.015278
0 0.122135 0.403704 0.014063 0.012963
0 0.302344 0.404630 0.018229 0.014815
0 0.518490 0.398380 0.021875 0.014352
0 0.529818 0.230093 0.013802 0.016667
0 0.508724 0.240509 0.014844 0.015278
0 0.485286 0.248843 0.014844 0.015278
2 0.444401 0.256944 0.021094 0.014815
0 0.398438 0.256019 0.015625 0.011111
0 0.345052 0.258796 0.015625 0.011111
0 0.323698 0.236111 0.017708 0.012037
0 0.822917 0.259028 0.009375 0.021759
0 0.662240 0.139815 0.014063 0.014815
