0 0.532422 0.618981 0.013802 0.014815
0 0.160026 0.569676 0.012760 0.012500
0 0.101042 0.546528 0.013021 0.015278
0 0.529948 0.240972 0.016146 0.016204
0 0.933724 0.556019 0.013802 0.017593
0 0.749089 0.154167 0.014323 0.019444
0 0.637370 0.169907 0.014323 0.018519
0 0.646745 0.709491 0.014844 0.023611
0 0.663151 0.773148 0.010677 0.023148
0 0.344271 0.587731 0.013021 0.018981
0 0.619141 0.659028 0.013802 0.020833
0 0.810547 0.429630 0.016406 0.015741
0 0.022396 0.521991 0.017708 0.018981
0 0.416667 0.256019 0.015104 0.016667
0 0.586198 0.235880 0.009896 0.020833
0 0.253646 0.233102 0.016146 0.012500
0 0.601042 0.663194 0.012500 0.019907
2 0.803646 0.171759 0.019792 0.036111
0 0.775521 0.378241 0.016146 0.015741
0 0.774089 0.360880 0.016406 0.016204
2 0.745443 0.080093 0.015365 0.034259
0 0.782292 0.181481 0.014583 0.022222
0 0.739844 0.109259 0.013021 0.026852
0 0.717448 0.037269 0.009896 0.024537
0 0.733594 0.042593 0.010417 0.025000
0 0.552995 0.273380 0.011719 0.024537
0 0.504297 0.252083 0.013281 0.018981
0 0.561589 0.478009 0.016406 0.017130
0 0.564714 0.545833 0.011719 0.025926
0 0.640495 0.725694 0.014844 0.023611
0 0.681641 0.783333 0.010677 0.023148
0 0.814844 0.762269 0.010937 0.022685
0 0.795573 0.842593 0.010937 0.027778
0 0.703646 0.927083 0.008854 0.025463
0 0.693620 0.926620 0.008594 0.025463
0 0.689844 0.871991 0.008854 0.025463
0 0.696094 0.849769 0.008854 0.023611
0 0.680599 0.830093 0.010677 0.027778
0 0.383073 0.256944 0.013021 0.012963
0 0.431771 0.257407 0.015104 0.016667
0 0.459896 0.256019 0.017708 0.015741
