0 0.637891 0.611806 0.015885 0.018056
0 0.635156 0.132176 0.013542 0.025463
0 0.901432 0.523843 0.013281 0.018981
0 0.865625 0.170370 0.013542 0.021296
0 0.723698 0.648611 0.017708 0.015741
0 0.848958 0.791435 0.011458 0.022685
0 0.724870 0.707639 0.011198 0.019907
0 0.716406 0.729630 0.013021 0.027778
0 0.664714 0.664352 0.014323 0.022222
0 0.787240 0.104861 0.019271 0.018981
0 0.259896 0.574074 0.018750 0.016667
0 0.580339 0.191898 0.019531 0.021759
0 0.585286 0.595370 0.016406 0.021296
0 0.703906 0.700694 0.013542 0.023611
0 0.883464 0.515278 0.014323 0.028704
0 0.147135 0.382176 0.019271 0.013426
0 0.733464 0.784259 0.012760 0.029630
0 0.751563 0.806944 0.010417 0.027778
0 0.841536 0.116435 0.017448 0.022685
0 0.333984 0.219907 0.020052 0.018519
0 0.744531 0.776852 0.010937 0.025000
0 0.360807 0.570370 0.015365 0.017593
2 0.621875 0.568750 0.021354 0.039352
0 0.227344 0.374537 0.019792 0.014815
0 0.484896 0.193519 0.020833 0.016667
0 0.545182 0.388426 0.018490 0.019444
0 0.627344 0.439815 0.019792 0.017593
0 0.696224 0.362731 0.017448 0.019907
0 0.781510 0.053935 0.015625 0.031944
0 0.770833 0.021759 0.013021 0.028704
0 0.876042 0.211574 0.016146 0.027778
0 0.864323 0.356481 0.020313 0.017593
0 0.865885 0.311806 0.018750 0.020833
0 0.950521 0.260880 0.018750 0.020833
0 0.980599 0.498380 0.017969 0.021759
0 0.735286 0.743287 0.011719 0.027315
0 0.756250 0.837037 0.010417 0.027778
0 0.745182 0.854167 0.010677 0.031481
0 0.758724 0.880787 0.008073 0.028241
0 0.747005 0.899769 0.009115 0.030093
0 0.760026 0.919213 0.009115 0.031019
0 0.749479 0.947222 0.008854 0.031481
0 0.760417 0.957176 0.008333 0.030093
0 0.750260 0.982639 0.007812 0.027315
0 0.822266 0.821991 0.012240 0.032870
0 0.818099 0.950463 0.010156 0.025926
