0 0.635547 0.668056 0.013281 0.021296
0 0.706250 0.758333 0.011458 0.025926
0 0.605990 0.611111 0.011458 0.020370
0 0.675260 0.723843 0.015104 0.026389
0 0.009766 0.222917 0.019010 0.019907
0 0.752604 0.412500 0.019271 0.016667
0 0.811198 0.672685 0.019271 0.026852
0 0.717057 0.834259 0.011198 0.027778
0 0.210807 0.395139 0.022656 0.018056
0 0.702344 0.794444 0.011979 0.027778
0 0.724089 0.094213 0.019010 0.018056
0 0.640625 0.074769 0.016146 0.032870
0 0.634635 0.158796 0.017188 0.025926
0 0.854688 0.317130 0.019271 0.020370
0 0.855469 0.405324 0.022396 0.015278
0 0.641927 0.642130 0.016146 0.026852
0 0.742969 0.681250 0.018750 0.014352
0 0.581380 0.225926 0.011719 0.023148
0 0.590365 0.374537 0.017708 0.016667
2 0.022005 0.520833 0.024219 0.025926
0 0.778646 0.095833 0.019271 0.020370
0 0.722135 0.880093 0.011458 0.030556
0 0.284375 0.581250 0.020313 0.016204
0 0.790755 0.043287 0.016927 0.034722
0 0.758984 0.015741 0.017969 0.030556
0 0.833333 0.154398 0.019792 0.031019
0 0.926953 0.143750 0.019531 0.017130
0 0.957161 0.305324 0.019531 0.020833
0 0.603646 0.577778 0.011458 0.027778
0 0.722005 0.809722 0.011198 0.027778
0 0.734375 0.890741 0.011458 0.030556
0 0.736849 0.959954 0.009635 0.027315
