0 0.649609 0.718056 0.014844 0.023148
0 0.695703 0.825000 0.012240 0.026852
0 0.335547 0.413426 0.019531 0.013889
0 0.048958 0.354861 0.019271 0.014352
0 0.393229 0.438426 0.016667 0.014815
0 0.684505 0.429167 0.019010 0.016667
0 0.286068 0.419444 0.016406 0.014815
0 0.819401 0.393981 0.019010 0.016667
0 0.845443 0.375463 0.019010 0.016667
0 0.864453 0.393519 0.019010 0.016667
2 0.936979 0.350231 0.033333 0.023611
0 0.893620 0.582407 0.014323 0.021296
0 0.564714 0.562731 0.014323 0.031944
0 0.706380 0.964583 0.009115 0.027315
0 0.793099 0.863194 0.009115 0.025463
