0 0.713802 0.146528 0.014583 0.013426
0 0.616536 0.663426 0.014323 0.016667
0 0.758854 0.155093 0.014583 0.017593
0 0.691406 0.921065 0.008333 0.024537
0 0.582552 0.649306 0.015104 0.018056
0 0.573958 0.214583 0.013542 0.024537
0 0.894531 0.541204 0.016667 0.018519
0 0.708073 0.029861 0.008333 0.021759
0 0.644141 0.765741 0.011719 0.022222
0 0.309896 0.592130 0.015625 0.015741
0 0.589323 0.397685 0.018750 0.017593
0 0.462500 0.427546 0.018750 0.015278
0 0.505469 0.404167 0.018750 0.015741
0 0.794271 0.168056 0.015104 0.018519
0 0.415234 0.230556 0.015365 0.014815
0 0.663672 0.775694 0.010156 0.023611
0 0.078516 0.387731 0.018490 0.018056
0 0.663672 0.688889 0.015365 0.014815
0 0.532161 0.242824 0.017448 0.016204
0 0.451823 0.255556 0.016667 0.017593
0 0.829818 0.177315 0.015365 0.015741
0 0.358333 0.236343 0.014583 0.017130
0 0.719792 0.011111 0.008333 0.021296
0 0.716406 0.056713 0.008333 0.021759
0 0.727344 0.094676 0.008333 0.021759
2 0.739974 0.067824 0.024219 0.065278
0 0.636068 0.049537 0.010677 0.023148
0 0.513151 0.247454 0.017448 0.016204
0 0.539844 0.420370 0.018750 0.017593
0 0.650130 0.755093 0.011719 0.022222
0 0.678255 0.827546 0.010156 0.023611
0 0.684115 0.968287 0.008333 0.024537
0 0.491276 0.251852 0.015885 0.012963
0 0.470182 0.253241 0.012760 0.012037
0 0.418490 0.256944 0.016667 0.017593
0 0.336589 0.257407 0.015365 0.014815
0 0.301693 0.235648 0.013281 0.012037
0 0.213542 0.393981 0.015625 0.015741
2 0.013021 0.352778 0.025521 0.028704
