0 0.617448 0.108796 0.010937 0.020370
0 0.739583 0.146528 0.015625 0.016204
0 0.097266 0.246991 0.017969 0.013426
0 0.987240 0.471528 0.016146 0.019907
2 0.855208 0.666435 0.028125 0.050463
0 0.922396 0.505787 0.018750 0.018981
0 0.888021 0.597917 0.016146 0.019907
0 0.625651 0.676157 0.012760 0.020833
0 0.550521 0.163657 0.015104 0.020833
0 0.817318 0.644907 0.013802 0.023148
0 0.876432 0.557407 0.016406 0.017593
0 0.687500 0.806481 0.012500 0.028704
0 0.593229 0.680324 0.013021 0.018981
0 0.670833 0.797917 0.010417 0.028241
0 0.781120 0.188657 0.012240 0.020833
0 0.224740 0.481713 0.014583 0.011574
0 0.598177 0.631713 0.014583 0.022685
0 0.648047 0.741204 0.011198 0.021296
0 0.622135 0.702083 0.012500 0.018056
0 0.699740 0.140972 0.017188 0.015278
0 0.693750 0.915278 0.008333 0.025000
2 0.476693 0.254861 0.026823 0.024537
0 0.167448 0.406481 0.015104 0.017593
0 0.575781 0.630556 0.012500 0.022222
0 0.685807 0.859259 0.010156 0.028704
0 0.364844 0.597685 0.016146 0.017593
0 0.990234 0.165046 0.015365 0.015278
0 0.948307 0.178935 0.015365 0.015278
0 0.813672 0.364583 0.015365 0.015278
0 0.804557 0.346065 0.015365 0.015278
0 0.722786 0.389583 0.015365 0.015278
0 0.650651 0.399306 0.022656 0.018056
0 0.799089 0.176620 0.012240 0.020833
0 0.821354 0.221759 0.014583 0.026852
0 0.622917 0.178472 0.014583 0.020833
0 0.727083 0.087500 0.009896 0.025000
0 0.712500 0.039815 0.009896 0.025000
0 0.721615 0.012731 0.009896 0.024537
2 0.738281 0.064120 0.021875 0.053241
0 0.700651 0.867824 0.006510 0.026389
0 0.704688 0.919907 0.008333 0.025000
0 0.695833 0.987500 0.008333 0.025000
0 0.675130 0.764352 0.008594 0.020370
0 0.572786 0.418750 0.015365 0.015278
0 0.512109 0.423380 0.015365 0.015278
0 0.545703 0.233565 0.015365 0.015278
0 0.461328 0.228009 0.015365 0.015278
0 0.429036 0.261343 0.015365 0.015278
0 0.400391 0.258565 0.015365 0.015278
0 0.368620 0.259954 0.015365 0.015278
0 0.333203 0.260417 0.015365 0.015278
0 0.582292 0.235185 0.013542 0.024074
2 0.506380 0.247685 0.027865 0.030556
