0 0.645964 0.716435 0.018490 0.026389
2 0.762370 0.164352 0.029427 0.026852
0 0.772005 0.102315 0.013802 0.023148
0 0.923568 0.214815 0.020052 0.012037
0 0.637370 0.197454 0.017448 0.024537
0 0.861849 0.563426 0.014323 0.029630
0 0.705859 0.881944 0.011719 0.026852
0 0.140365 0.401852 0.026042 0.019444
0 0.581901 0.296991 0.012240 0.031944
0 0.593229 0.415741 0.018750 0.020370
0 0.704688 0.163657 0.019271 0.016204
0 0.754036 0.052083 0.011719 0.029167
0 0.822786 0.224537 0.013802 0.023148
0 0.662370 0.767361 0.014323 0.029167
0 0.693620 0.807639 0.014323 0.029167
0 0.691276 0.849769 0.014323 0.029167
