0 0.625000 0.644676 0.012500 0.018981
0 0.611719 0.082407 0.015104 0.021296
0 0.701693 0.684722 0.016406 0.016667
0 0.699740 0.729630 0.013542 0.025926
0 0.792057 0.033565 0.014323 0.027315
0 0.872396 0.642593 0.016146 0.025926
0 0.858203 0.146528 0.015365 0.028241
0 0.836068 0.148148 0.013802 0.023148
0 0.611458 0.166667 0.013021 0.026852
0 0.610286 0.575694 0.013281 0.025463
0 0.580729 0.570833 0.016667 0.035185
0 0.731641 0.991667 0.010156 0.016667
0 0.035417 0.205093 0.020313 0.017593
0 0.771745 0.425463 0.021094 0.017593
0 0.326562 0.575926 0.020313 0.016667
2 0.263802 0.390972 0.029167 0.018981
0 0.511849 0.210417 0.014323 0.017130
2 0.578906 0.184028 0.030729 0.031019
0 0.858203 0.187269 0.015365 0.028241
0 0.904818 0.243287 0.015365 0.028241
0 0.850130 0.319444 0.021094 0.017593
0 0.931380 0.313426 0.021094 0.017593
0 0.900000 0.661111 0.016146 0.025926
0 0.832161 0.771065 0.011719 0.031944
0 0.799870 0.918287 0.013802 0.035648
0 0.683594 0.737963 0.013542 0.025926
0 0.711198 0.802315 0.013542 0.025926
0 0.730859 0.912500 0.011719 0.030556
