0 0.654036 0.685880 0.015885 0.025463
0 0.725651 0.813426 0.010156 0.025926
0 0.920573 0.550231 0.019271 0.027315
0 0.511068 0.212963 0.020052 0.016667
0 0.649219 0.055787 0.013542 0.030093
0 0.981510 0.362269 0.021875 0.018056
0 0.591927 0.529398 0.013021 0.030093
0 0.712109 0.763426 0.012240 0.026852
0 0.616927 0.135417 0.015104 0.031944
0 0.663281 0.129630 0.015625 0.024074
0 0.258073 0.464583 0.020833 0.015278
0 0.363021 0.581481 0.018750 0.018519
0 0.630599 0.625000 0.015365 0.028704
0 0.284245 0.221991 0.018490 0.015278
0 0.613151 0.182176 0.016927 0.028241
0 0.580990 0.556250 0.013021 0.030093
0 0.756901 0.092824 0.020573 0.018056
0 0.804818 0.109028 0.019010 0.018981
0 0.848828 0.125694 0.019010 0.018981
0 0.794141 0.037963 0.015885 0.028704
0 0.873177 0.230093 0.017708 0.036111
0 0.743620 0.686574 0.021094 0.017593
0 0.795964 0.950231 0.011198 0.028241
0 0.736589 0.867824 0.010156 0.029167
0 0.739844 0.911806 0.008333 0.031019
0 0.740885 0.983333 0.010937 0.028704
2 0.729427 0.948843 0.015625 0.069907
