0 0.846224 0.595370 0.010156 0.014815
0 0.678125 0.640509 0.015625 0.014352
0 0.787500 0.103241 0.013021 0.015741
0 0.705469 0.710417 0.011979 0.018981
0 0.670573 0.043981 0.013021 0.019444
2 0.629167 0.610185 0.033854 0.027778
0 0.579297 0.199769 0.014844 0.016204
0 0.723568 0.718056 0.013281 0.018519
0 0.271875 0.455556 0.021875 0.014815
0 0.756771 0.664120 0.016667 0.012500
0 0.621094 0.183102 0.011979 0.021759
0 0.556771 0.215046 0.011979 0.012500
0 0.705469 0.113194 0.015625 0.020833
0 0.918099 0.137269 0.014323 0.019907
0 0.670443 0.356019 0.020052 0.011111
0 0.733594 0.751620 0.009896 0.018056
0 0.452865 0.570370 0.011458 0.015741
0 0.773568 0.040046 0.010677 0.024537
0 0.531120 0.221991 0.015885 0.011574
0 0.286068 0.215509 0.016406 0.014352
0 0.177995 0.237269 0.016406 0.013426
0 0.326693 0.229630 0.017448 0.015741
0 0.249870 0.372917 0.013802 0.016204
0 0.822396 0.641204 0.016146 0.018519
0 0.473438 0.200231 0.018750 0.018056
0 0.741276 0.840278 0.007031 0.020370
0 0.764193 0.009259 0.011198 0.017593
0 0.714974 0.743519 0.013281 0.020370
0 0.892969 0.473843 0.012500 0.023611
0 0.610026 0.388657 0.016927 0.011574
0 0.916667 0.528935 0.012500 0.023611
0 0.965495 0.526157 0.012760 0.023611
0 0.991276 0.456481 0.012760 0.024074
0 0.726823 0.767593 0.009896 0.018519
0 0.743750 0.781481 0.009896 0.018519
0 0.734245 0.799769 0.007031 0.019907
0 0.750651 0.818519 0.007031 0.020370
0 0.754297 0.849769 0.007031 0.019907
0 0.756120 0.882407 0.007031 0.020370
0 0.744922 0.893519 0.007031 0.020370
0 0.755599 0.923843 0.007031 0.019907
0 0.746224 0.968981 0.007031 0.020370
