0 0.211068 0.255093 0.021094 0.015741
0 0.790104 0.167593 0.017708 0.020370
0 0.665625 0.742824 0.014583 0.024537
0 0.754036 0.154630 0.020573 0.017593
0 0.622786 0.222222 0.017448 0.027778
0 0.724479 0.157407 0.019792 0.016667
0 0.240234 0.403472 0.018490 0.014352
1 0.701953 0.405324 0.047656 0.022685
0 0.514453 0.629861 0.018490 0.019907
0 0.136979 0.401852 0.017708 0.014815
0 0.701172 0.138426 0.017969 0.015741
0 0.572266 0.242361 0.016927 0.018981
1 0.431901 0.421296 0.043490 0.019444
0 0.676562 0.018981 0.013021 0.029630
0 0.816797 0.217130 0.017969 0.025000
0 0.592708 0.610880 0.014583 0.024537
0 0.689583 0.800926 0.010937 0.027778
0 0.686198 0.837963 0.010937 0.027778
0 0.701042 0.843981 0.010937 0.027778
0 0.710417 0.905093 0.010937 0.027778
0 0.712891 0.982639 0.009115 0.022685
