0 0.759115 0.152778 0.016146 0.021296
0 0.665234 0.789583 0.010677 0.028241
0 0.661458 0.683796 0.015625 0.016667
0 0.990755 0.355324 0.010677 0.018056
0 0.694141 0.693981 0.014323 0.015741
0 0.588542 0.627546 0.012500 0.019907
0 0.473828 0.600231 0.016927 0.017130
0 0.414714 0.589583 0.013802 0.018981
0 0.013802 0.335880 0.015104 0.026389
0 0.688542 0.955093 0.011979 0.026852
0 0.970443 0.309028 0.019531 0.015278
0 0.791536 0.209954 0.013802 0.018981
0 0.735547 0.060648 0.013281 0.033333
0 0.156120 0.575231 0.010677 0.022685
0 0.094661 0.359722 0.021094 0.017593
0 0.669271 0.762731 0.008333 0.019907
0 0.888281 0.190278 0.018229 0.014815
0 0.654167 0.755556 0.012500 0.026852
0 0.747526 0.090972 0.014323 0.033796
0 0.573958 0.249074 0.015625 0.025000
0 0.689063 0.840278 0.011458 0.029630
0 0.323958 0.248380 0.016146 0.015278
0 0.389062 0.223611 0.019271 0.014815
0 0.580469 0.641898 0.011458 0.018056
0 0.384115 0.247454 0.017708 0.015278
0 0.553125 0.259722 0.015625 0.025000
0 0.537240 0.313426 0.015625 0.025000
0 0.363021 0.246528 0.016146 0.015278
0 0.423958 0.250926 0.019271 0.014815
2 0.464844 0.251852 0.033854 0.023148
0 0.491797 0.252546 0.016406 0.013426
0 0.681510 0.795370 0.011458 0.029630
1 0.678906 0.847222 0.016667 0.074074
0 0.685156 0.905093 0.011979 0.026852
0 0.696354 0.893519 0.011979 0.026852
0 0.789844 0.751389 0.011979 0.026852
0 0.842187 0.548611 0.011979 0.026852
0 0.695182 0.121065 0.016927 0.015278
0 0.723437 0.068287 0.011979 0.031019
2 0.526432 0.236574 0.034635 0.025000
0 0.941536 0.182176 0.019531 0.015278
