0 0.512760 0.577778 0.016667 0.016667
0 0.948307 0.555787 0.013281 0.018981
0 0.892057 0.166898 0.019531 0.018981
0 0.273698 0.211343 0.016667 0.014352
0 0.824479 0.154167 0.013021 0.016667
0 0.714583 0.719213 0.013021 0.025463
0 0.890885 0.252083 0.011979 0.019907
0 0.870443 0.630093 0.015885 0.020370
0 0.676562 0.680324 0.013542 0.020833
0 0.750260 0.872222 0.008854 0.030556
0 0.632943 0.602083 0.014323 0.026389
0 0.202604 0.185648 0.016146 0.014815
0 0.790104 0.026389 0.011979 0.024074
2 0.114453 0.195370 0.023177 0.015741
0 0.320703 0.555093 0.015365 0.012963
0 0.634245 0.206713 0.011198 0.021759
2 0.607682 0.205093 0.029427 0.030556
0 0.668750 0.191204 0.012500 0.019444
2 0.564063 0.224537 0.019792 0.022222
0 0.688932 0.158565 0.013802 0.020833
0 0.812891 0.380556 0.016406 0.012037
0 0.326172 0.211574 0.015885 0.013889
0 0.278385 0.187269 0.016667 0.014352
0 0.361849 0.193287 0.014323 0.013426
0 0.379818 0.217361 0.014323 0.013426
0 0.442839 0.219213 0.014323 0.013426
0 0.476432 0.223843 0.014323 0.013426
0 0.525911 0.223843 0.014323 0.013426
0 0.581901 0.380787 0.015885 0.014352
0 0.635677 0.563889 0.011979 0.025926
2 0.664974 0.629167 0.017969 0.031481
0 0.713802 0.749769 0.012500 0.026389
0 0.728646 0.808102 0.010937 0.024537
0 0.739193 0.794907 0.010156 0.023148
0 0.736719 0.852315 0.008854 0.030556
0 0.741406 0.909259 0.007292 0.025926
0 0.752083 0.919444 0.007292 0.025926
0 0.742448 0.958565 0.008854 0.031944
0 0.751693 0.980324 0.007552 0.028241
0 0.809896 0.892130 0.009896 0.025926
0 0.850000 0.779167 0.009896 0.025926
0 0.982943 0.571065 0.013281 0.018981
0 0.791016 0.363657 0.016406 0.014352
0 0.736068 0.132407 0.014844 0.016667
