0 0.210286 0.576389 0.017969 0.015741
0 0.597396 0.228704 0.013542 0.026852
0 0.903646 0.124306 0.018750 0.015278
0 0.732552 0.835880 0.013021 0.031944
0 0.635286 0.153704 0.016927 0.025926
0 0.792448 0.041204 0.017188 0.026852
0 0.529167 0.215741 0.017708 0.016667
0 0.569661 0.258796 0.012240 0.024074
0 0.844922 0.395833 0.023698 0.016667
0 0.566536 0.462963 0.018490 0.013889
0 0.853125 0.119213 0.016667 0.018981
0 0.944792 0.276157 0.019271 0.019907
0 0.494661 0.381944 0.017969 0.015741
0 0.658724 0.381481 0.023698 0.018519
0 0.555990 0.201852 0.017708 0.016667
0 0.798307 0.347454 0.020573 0.018981
0 0.857943 0.326157 0.020573 0.018981
0 0.779687 0.091667 0.019271 0.016667
0 0.842448 0.838889 0.010417 0.025926
0 0.744141 0.904398 0.009635 0.031019
0 0.731641 0.926157 0.009635 0.031019
