0 0.362630 0.445833 0.014323 0.018519
0 0.489063 0.352546 0.017708 0.014352
0 0.862109 0.364352 0.017448 0.012963
0 0.272786 0.554861 0.020573 0.020833
0 0.408854 0.784028 0.013021 0.013426
0 0.191536 0.043981 0.010156 0.025926
0 0.410807 0.802315 0.013281 0.013889
0 0.384896 0.646759 0.009896 0.027778
0 0.952604 0.393981 0.018750 0.012963
0 0.864974 0.150000 0.008594 0.023148
0 0.118099 0.577083 0.008073 0.031019
0 0.202734 0.594907 0.020573 0.016667
0 0.244922 0.365509 0.006510 0.031019
0 0.257552 0.308796 0.008333 0.025000
0 0.309115 0.225231 0.015625 0.041204
0 0.384635 0.764815 0.008333 0.030556
0 0.127083 0.522685 0.018229 0.027778
0 0.244141 0.429398 0.007552 0.026389
0 0.251693 0.073611 0.007552 0.024074
0 0.386589 0.684722 0.010677 0.027778
0 0.413021 0.817130 0.016146 0.012037
0 0.410547 0.870602 0.014844 0.012500
0 0.385156 0.723843 0.009375 0.024537
0 0.428646 0.957176 0.013542 0.013426
0 0.404818 0.296991 0.020052 0.018981
0 0.742057 0.032407 0.013281 0.016667
0 0.443620 0.909954 0.014323 0.016204
0 0.165755 0.615972 0.010677 0.028241
0 0.414453 0.837731 0.016406 0.013426
0 0.361849 0.981250 0.009115 0.027315
0 0.411068 0.855324 0.012240 0.011574
0 0.434505 0.975000 0.014844 0.012963
0 0.396224 0.414583 0.017448 0.018981
0 0.204818 0.362500 0.008594 0.029630
1 0.163542 0.781019 0.009896 0.033333
0 0.682292 0.036806 0.019271 0.016204
0 0.059375 0.330324 0.014583 0.018056
0 0.935807 0.138194 0.010156 0.018981
0 0.184635 0.161343 0.018229 0.025463
0 0.361328 0.948611 0.008073 0.026852
0 0.085286 0.289120 0.016927 0.020833
0 0.569271 0.276157 0.012500 0.017130
0 0.852344 0.152083 0.009896 0.025463
0 0.382422 0.861111 0.006510 0.023148
0 0.383333 0.940509 0.008854 0.031944
0 0.382812 0.834259 0.009375 0.028704
0 0.120703 0.408333 0.010677 0.023148
0 0.263151 0.055093 0.007552 0.024074
0 0.258984 0.160185 0.015365 0.018519
0 0.134375 0.225463 0.011979 0.025926
0 0.080469 0.319213 0.014583 0.018056
1 0.050651 0.311574 0.029427 0.026852
0 0.111849 0.438426 0.010677 0.023148
0 0.255339 0.381250 0.006510 0.026389
0 0.178516 0.621991 0.010677 0.028241
1 0.180599 0.664815 0.010677 0.032407
0 0.409766 0.883333 0.014844 0.012963
0 0.441276 0.925694 0.014323 0.016204
0 0.244922 0.772222 0.005990 0.025926
0 0.678646 0.127083 0.013021 0.011574
0 0.713151 0.172222 0.012240 0.028704
0 0.726953 0.170602 0.012760 0.021759
0 0.946354 0.142593 0.009375 0.036111
0 0.993490 0.454167 0.013021 0.016667
0 0.019401 0.648611 0.012760 0.011111
0 0.019792 0.665278 0.013542 0.010185
0 0.017708 0.682639 0.019271 0.016204
