0 0.628255 0.205324 0.017448 0.025463
0 0.127995 0.237037 0.021094 0.012037
0 0.375391 0.604167 0.017448 0.012963
0 0.855859 0.293287 0.013802 0.031019
0 0.435417 0.505556 0.021354 0.015741
0 0.550781 0.504630 0.022396 0.014815
0 0.703385 0.858333 0.010937 0.027778
0 0.422656 0.240278 0.020833 0.014815
0 0.646354 0.717593 0.014063 0.023148
0 0.766016 0.090046 0.013281 0.025463
0 0.750911 0.398148 0.019010 0.018519
0 0.140625 0.446528 0.017188 0.016204
0 0.791797 0.177083 0.016927 0.019907
0 0.520833 0.259954 0.016146 0.017130
0 0.234896 0.422917 0.017188 0.016204
0 0.286198 0.422454 0.021354 0.015278
0 0.533333 0.422222 0.021354 0.015741
0 0.739193 0.170370 0.017969 0.019444
0 0.786719 0.129167 0.013542 0.027778
0 0.846484 0.393056 0.019010 0.018519
0 0.963672 0.356944 0.019010 0.018519
0 0.984505 0.328241 0.019010 0.018519
0 0.588411 0.599074 0.012760 0.027778
0 0.678776 0.781944 0.012760 0.028704
