0 0.826042 0.641204 0.019271 0.025000
0 0.233203 0.572454 0.016927 0.017130
0 0.656901 0.090972 0.014844 0.029167
0 0.074740 0.428009 0.019792 0.017130
0 0.948698 0.481019 0.019271 0.022222
2 0.732292 0.773380 0.017188 0.037500
0 0.817839 0.125694 0.019531 0.022685
0 0.751172 0.794907 0.011198 0.023148
0 0.702734 0.729167 0.013802 0.025926
0 0.975781 0.457176 0.019792 0.019907
0 0.669922 0.640972 0.020573 0.022685
0 0.916406 0.518287 0.016146 0.024537
0 0.712240 0.680324 0.014063 0.026389
0 0.582422 0.190278 0.017448 0.019444
0 0.607031 0.262731 0.011979 0.027315
0 0.691016 0.678009 0.016406 0.027315
0 0.736068 0.734722 0.012760 0.028704
0 0.748958 0.882639 0.010937 0.029167
0 0.756771 0.833102 0.013021 0.029167
0 0.556641 0.205324 0.020573 0.019907
0 0.585156 0.305556 0.012500 0.034259
0 0.563411 0.372917 0.016406 0.020833
0 0.751432 0.332870 0.017969 0.017593
0 0.736849 0.354630 0.018490 0.015741
0 0.792318 0.032639 0.016406 0.030093
0 0.782161 0.091204 0.017969 0.018519
0 0.939714 0.132176 0.019531 0.016204
0 0.864583 0.186806 0.017708 0.029167
0 0.647656 0.590509 0.018750 0.027315
0 0.741927 0.805556 0.011979 0.028704
0 0.744141 0.764352 0.013281 0.031481
0 0.719922 0.736574 0.015365 0.028704
2 0.761589 0.940278 0.014323 0.045370
