0 0.627344 0.153704 0.015625 0.018519
0 0.707292 0.678935 0.017188 0.014352
0 0.113802 0.450694 0.021875 0.018981
0 0.718750 0.812269 0.014063 0.030093
0 0.628125 0.639352 0.016667 0.025926
0 0.791146 0.038657 0.015104 0.030093
0 0.737370 0.845833 0.011719 0.025926
0 0.560677 0.462731 0.021875 0.015278
0 0.100000 0.364352 0.022396 0.015741
0 0.692969 0.742593 0.011458 0.021296
0 0.096745 0.386343 0.018490 0.015278
0 0.299349 0.388657 0.019531 0.016204
0 0.621615 0.388889 0.018229 0.014815
0 0.593750 0.180093 0.015625 0.018519
0 0.460417 0.196065 0.014583 0.015278
0 0.771615 0.044907 0.013021 0.027778
0 0.759375 0.093056 0.018750 0.017593
0 0.796745 0.095602 0.016406 0.016204
0 0.818750 0.121528 0.018750 0.019907
0 0.895573 0.362731 0.017188 0.017130
0 0.810417 0.885648 0.009896 0.025000
0 0.731901 0.899306 0.009115 0.027315
0 0.735547 0.940741 0.009115 0.026852
0 0.605339 0.563657 0.014323 0.027315
