0 0.608464 0.649537 0.015885 0.024074
0 0.694531 0.749769 0.011979 0.018056
0 0.604557 0.167130 0.014323 0.027778
0 0.692839 0.709028 0.015885 0.031019
0 0.204818 0.435185 0.016406 0.015741
0 0.717839 0.768056 0.012240 0.023148
0 0.812370 0.390278 0.017448 0.014815
0 0.633464 0.109722 0.014844 0.033333
0 0.793750 0.030556 0.013021 0.027778
0 0.729948 0.871065 0.009896 0.029167
0 0.529948 0.209722 0.019271 0.015741
0 0.653776 0.680324 0.013281 0.023611
0 0.700911 0.809259 0.013802 0.029630
0 0.732031 0.093287 0.018229 0.015278
0 0.826302 0.100000 0.016146 0.025926
0 0.723437 0.373380 0.019792 0.016204
0 0.662891 0.725694 0.015885 0.028241
0 0.189453 0.387963 0.016406 0.015741
0 0.411589 0.470833 0.016406 0.015741
0 0.403776 0.194907 0.016406 0.015741
0 0.507422 0.175463 0.016406 0.015741
0 0.567839 0.125463 0.014323 0.018519
0 0.599479 0.235185 0.011458 0.029630
0 0.564844 0.300000 0.011458 0.029630
0 0.935677 0.131713 0.018229 0.015278
0 0.822396 0.130093 0.016146 0.025926
0 0.630208 0.367361 0.019792 0.016204
0 0.842187 0.318750 0.019792 0.016204
0 0.582422 0.550000 0.015885 0.024074
0 0.622396 0.600463 0.016667 0.027778
0 0.876172 0.602315 0.013802 0.029630
0 0.739844 0.874306 0.009896 0.029167
0 0.744531 0.958565 0.009896 0.029167
0 0.724219 0.970602 0.009896 0.029167
0 0.816146 0.958102 0.009896 0.029167
