0 0.688151 0.697454 0.015365 0.029167
0 0.254036 0.574537 0.017448 0.015741
0 0.710677 0.711111 0.013021 0.022222
0 0.768099 0.083796 0.014323 0.018519
0 0.807031 0.116204 0.015104 0.020370
0 0.740625 0.806944 0.012500 0.025926
0 0.744792 0.772454 0.011458 0.025463
0 0.734505 0.650231 0.017969 0.018981
0 0.951823 0.478241 0.015104 0.021296
0 0.072266 0.346759 0.016406 0.018519
0 0.695052 0.118750 0.015104 0.018056
0 0.245573 0.374769 0.021354 0.017130
0 0.122917 0.353704 0.021875 0.017593
0 0.454297 0.225000 0.018490 0.015741
0 0.456901 0.391204 0.018490 0.015741
0 0.278646 0.561806 0.018229 0.015278
0 0.799479 0.629861 0.017708 0.019907
0 0.837500 0.138889 0.015625 0.024074
0 0.506380 0.218750 0.018490 0.018981
0 0.640885 0.161806 0.018229 0.021759
0 0.132552 0.241435 0.019792 0.018981
0 0.323698 0.397454 0.018229 0.015278
0 0.402734 0.224769 0.016406 0.017130
0 0.566797 0.208565 0.018490 0.017130
0 0.441016 0.567593 0.016406 0.012963
0 0.802083 0.048148 0.016667 0.032407
0 0.582422 0.301620 0.012240 0.024537
0 0.615885 0.540972 0.011979 0.021759
0 0.639583 0.568287 0.013021 0.026389
0 0.733594 0.730556 0.014583 0.030556
0 0.726823 0.755093 0.014063 0.023148
0 0.755339 0.830324 0.011198 0.031944
0 0.746615 0.855556 0.010937 0.025926
0 0.761198 0.902315 0.011979 0.033333
0 0.751563 0.934954 0.011458 0.031944
0 0.761458 0.966435 0.010417 0.030093
0 0.749740 0.976157 0.009896 0.027315
0 0.956771 0.525231 0.015625 0.021759
2 0.879036 0.222685 0.021094 0.042593
