0 0.631250 0.169907 0.016667 0.019444
0 0.587891 0.591204 0.019531 0.018519
0 0.672526 0.654630 0.015365 0.022222
0 0.888672 0.518981 0.012240 0.030556
0 0.534115 0.577315 0.018750 0.016667
0 0.206120 0.556481 0.020052 0.019444
0 0.701953 0.670139 0.013802 0.019907
0 0.941016 0.498148 0.014844 0.019444
0 0.921615 0.521528 0.017708 0.019907
0 0.299870 0.579630 0.016927 0.015741
0 0.706641 0.712963 0.013281 0.023148
0 0.663932 0.058565 0.012760 0.022685
0 0.866276 0.163889 0.013281 0.024074
0 0.731250 0.791667 0.011979 0.026852
0 0.527344 0.222917 0.015625 0.018981
0 0.727734 0.824306 0.010677 0.029167
0 0.077344 0.233333 0.021875 0.016667
0 0.954427 0.480787 0.016146 0.021759
0 0.702865 0.111806 0.018750 0.019907
0 0.785937 0.030093 0.011979 0.025926
0 0.719922 0.749074 0.012240 0.026852
0 0.444141 0.569907 0.016406 0.015741
0 0.740625 0.766204 0.010417 0.025926
0 0.141146 0.425694 0.018229 0.018981
0 0.046745 0.568519 0.020052 0.018519
0 0.557292 0.455556 0.018750 0.016667
0 0.846224 0.692361 0.011198 0.027315
0 0.822917 0.928009 0.011458 0.028241
0 0.794141 0.643981 0.016927 0.015741
0 0.747266 0.958565 0.009635 0.034722
0 0.756901 0.937963 0.009115 0.030556
0 0.747266 0.903009 0.009635 0.028241
0 0.755599 0.885648 0.009635 0.029630
0 0.741536 0.861111 0.010677 0.026852
0 0.753125 0.835880 0.008854 0.027315
0 0.738411 0.825000 0.010677 0.028704
0 0.746875 0.803472 0.011979 0.026389
0 0.718750 0.703472 0.014063 0.029167
