0 0.084245 0.243519 0.016927 0.019444
0 0.663151 0.771759 0.010677 0.021296
0 0.984896 0.494907 0.013542 0.017593
0 0.945573 0.162731 0.020833 0.015278
0 0.623177 0.716204 0.013021 0.021296
0 0.776823 0.150694 0.016146 0.018981
0 0.606771 0.681019 0.015625 0.018519
0 0.731641 0.137269 0.015365 0.017130
0 0.675391 0.813889 0.008073 0.023148
0 0.669922 0.843519 0.011719 0.025926
0 0.411198 0.255093 0.015625 0.018519
0 0.683464 0.846991 0.011198 0.025463
0 0.833073 0.243056 0.014583 0.024074
0 0.343620 0.406481 0.016927 0.017593
0 0.808724 0.233333 0.016927 0.023148
0 0.550521 0.160880 0.012500 0.018981
0 0.499870 0.248380 0.014323 0.018981
0 0.725521 0.084491 0.015625 0.026389
0 0.713021 0.049769 0.009896 0.022685
0 0.732943 0.055324 0.013281 0.025463
0 0.719271 0.018519 0.012500 0.028704
0 0.616667 0.085880 0.012500 0.029167
0 0.548568 0.279398 0.010677 0.024537
2 0.526172 0.237269 0.020052 0.023611
0 0.482943 0.248380 0.014323 0.018981
0 0.465365 0.256019 0.014583 0.018519
0 0.438151 0.255556 0.012240 0.013889
0 0.385417 0.254630 0.015625 0.018519
0 0.350000 0.256019 0.015625 0.018519
0 0.284896 0.235880 0.015625 0.018981
0 0.642969 0.725694 0.013021 0.020833
0 0.776563 0.805556 0.010417 0.025000
0 0.761198 0.899769 0.010417 0.032870
0 0.689974 0.898843 0.008073 0.026389
0 0.682292 0.935880 0.008333 0.026389
0 0.702474 0.949306 0.008073 0.026389
