0 0.723958 0.871296 0.011458 0.030556
0 0.795833 0.042593 0.013021 0.023148
0 0.625781 0.637731 0.014583 0.022685
0 0.866406 0.622685 0.013021 0.023148
0 0.834245 0.100231 0.019010 0.031944
0 0.591146 0.235417 0.013021 0.032870
2 0.052474 0.211806 0.036198 0.018056
0 0.674870 0.722454 0.011198 0.018981
0 0.064844 0.418750 0.018750 0.019907
0 0.599219 0.581250 0.013542 0.026389
0 0.705599 0.780324 0.010156 0.027315
0 0.635938 0.039815 0.012500 0.025000
0 0.848958 0.674306 0.013021 0.026389
0 0.543750 0.195833 0.019271 0.016667
0 0.727995 0.925463 0.013802 0.028704
0 0.724870 0.088657 0.018490 0.016204
0 0.203646 0.561806 0.013542 0.016204
0 0.035156 0.520602 0.018750 0.019907
0 0.070312 0.568287 0.018750 0.019907
0 0.477344 0.396296 0.019271 0.016667
0 0.639844 0.382870 0.019271 0.016667
0 0.565495 0.133796 0.014323 0.022222
0 0.805859 0.107870 0.015365 0.028704
0 0.771745 0.025926 0.015365 0.028704
0 0.869141 0.189815 0.015365 0.028704
0 0.922526 0.295833 0.021094 0.021296
0 0.895443 0.472222 0.015365 0.028704
0 0.900130 0.524537 0.015365 0.028704
0 0.836328 0.732407 0.015365 0.028704
2 0.821484 0.813426 0.015365 0.037963
