0 0.626172 0.174074 0.013802 0.022222
2 0.781641 0.186574 0.030990 0.050926
0 0.665755 0.753009 0.011198 0.023611
0 0.599870 0.152083 0.013802 0.019907
0 0.747005 0.150463 0.015365 0.019444
0 0.624870 0.698843 0.016927 0.026389
0 0.719010 0.146991 0.015104 0.020833
0 0.666406 0.795370 0.010417 0.026852
0 0.716797 0.048611 0.010156 0.024074
0 0.749870 0.092130 0.011198 0.024074
0 0.652995 0.799306 0.010156 0.023611
0 0.039583 0.361111 0.016667 0.015741
0 0.680469 0.142824 0.012500 0.019907
0 0.695443 0.894676 0.011719 0.028241
0 0.728125 0.082639 0.012500 0.023611
0 0.554818 0.578704 0.014844 0.024074
2 0.897917 0.401852 0.047396 0.030556
0 0.601693 0.390278 0.017969 0.022222
0 0.760807 0.363889 0.017969 0.022222
0 0.555339 0.163657 0.013802 0.019907
0 0.501172 0.242593 0.013802 0.020370
0 0.475911 0.246759 0.013802 0.020370
0 0.452734 0.250231 0.013802 0.019907
0 0.410807 0.250231 0.013802 0.019907
0 0.602214 0.640741 0.014844 0.024074
0 0.682813 0.811111 0.010417 0.026852
0 0.678646 0.853704 0.010417 0.026852
0 0.698568 0.939120 0.011719 0.028241
0 0.687109 0.974769 0.011719 0.028241
0 0.860547 0.479398 0.011719 0.028241
0 0.733203 0.051389 0.015885 0.026852
1 0.532031 0.329398 0.029167 0.068981
2 0.528385 0.232870 0.026562 0.031481
0 0.557943 0.295602 0.013802 0.019907
0 0.708464 0.012269 0.010156 0.023611
0 0.223958 0.382407 0.019792 0.016667
