0 0.626823 0.709722 0.016146 0.022222
0 0.710156 0.150231 0.016146 0.018056
0 0.591406 0.451389 0.019271 0.012037
0 0.595443 0.154630 0.014323 0.021296
0 0.675130 0.833796 0.011719 0.022222
0 0.632031 0.165741 0.014583 0.023148
0 0.548568 0.567361 0.012240 0.019907
0 0.661589 0.737269 0.010677 0.019907
0 0.826302 0.573380 0.013542 0.025463
0 0.659375 0.774074 0.010937 0.022222
0 0.731771 0.097454 0.013021 0.025463
0 0.020573 0.511574 0.015104 0.018519
0 0.687370 0.940972 0.011198 0.026389
0 0.713932 0.034722 0.010677 0.023148
0 0.691797 0.436343 0.020052 0.014352
0 0.580859 0.639352 0.014844 0.023148
0 0.414193 0.250463 0.018490 0.015741
0 0.378125 0.225231 0.017708 0.016204
0 0.695182 0.899306 0.010677 0.025463
0 0.691536 0.457639 0.020573 0.014352
0 0.437891 0.250926 0.018490 0.015741
0 0.459766 0.252778 0.018490 0.015741
0 0.503776 0.240972 0.016927 0.016204
0 0.477474 0.249074 0.018490 0.015741
0 0.360417 0.246065 0.017708 0.016204
0 0.591536 0.391667 0.016406 0.013889
0 0.670312 0.384028 0.017708 0.016204
2 0.538411 0.230556 0.030990 0.028704
0 0.603255 0.639352 0.014844 0.023148
0 0.682422 0.810648 0.011719 0.022222
0 0.802214 0.708565 0.012760 0.028241
0 0.698307 0.986806 0.011198 0.026389
0 0.861328 0.355324 0.017448 0.021759
0 0.908203 0.343750 0.017448 0.021759
0 0.992188 0.180093 0.015625 0.013889
0 0.828255 0.241898 0.012760 0.024537
0 0.789844 0.161343 0.014583 0.019907
0 0.722656 0.071991 0.014583 0.019907
2 0.810937 0.345139 0.044271 0.033796
0 0.929688 0.193056 0.015625 0.013889
