0 0.715625 0.733796 0.012500 0.027778
0 0.935286 0.530556 0.015365 0.021296
0 0.807292 0.110417 0.016146 0.023611
0 0.098047 0.554630 0.020052 0.016667
0 0.728255 0.808102 0.010677 0.023611
0 0.898698 0.550231 0.017188 0.022685
0 0.745833 0.853472 0.009896 0.030093
0 0.633333 0.183565 0.014583 0.027315
0 0.469401 0.578704 0.019531 0.015741
0 0.727865 0.765278 0.010937 0.022222
0 0.855859 0.151157 0.016406 0.018981
2 0.667708 0.643519 0.029167 0.042593
0 0.740104 0.125231 0.019792 0.019907
0 0.716406 0.771759 0.011458 0.026852
0 0.612630 0.271991 0.014323 0.030093
0 0.633984 0.620139 0.016927 0.027315
0 0.324219 0.231944 0.014583 0.015741
0 0.749349 0.678935 0.017448 0.014352
0 0.060937 0.560185 0.017708 0.019444
0 0.733984 0.852546 0.009635 0.028241
0 0.023958 0.487500 0.017708 0.017593
0 0.290234 0.224537 0.019010 0.020370
0 0.715495 0.820833 0.011198 0.024074
0 0.993880 0.495139 0.012240 0.024537
0 0.354427 0.233102 0.017708 0.015278
0 0.700911 0.665972 0.015885 0.021759
0 0.836068 0.121296 0.013802 0.023148
0 0.733854 0.364352 0.020833 0.022222
0 0.306380 0.233796 0.019010 0.020370
0 0.390365 0.234954 0.017708 0.015278
0 0.430469 0.237269 0.017708 0.015278
0 0.469792 0.236343 0.017708 0.015278
0 0.496094 0.235417 0.017708 0.015278
0 0.533854 0.231713 0.017708 0.015278
0 0.559896 0.218750 0.017708 0.015278
0 0.584766 0.222222 0.022656 0.020370
0 0.592578 0.306713 0.014323 0.030093
0 0.699740 0.389352 0.020833 0.022222
0 0.777083 0.037500 0.010417 0.029630
0 0.786719 0.017824 0.013542 0.031944
0 0.925391 0.162963 0.023177 0.017593
0 0.938932 0.327083 0.017969 0.020833
0 0.858724 0.697917 0.013802 0.030093
0 0.830078 0.887731 0.013802 0.030093
0 0.705729 0.741667 0.012500 0.027778
0 0.740495 0.814583 0.010677 0.023611
0 0.739583 0.900231 0.008333 0.026389
0 0.751302 0.927083 0.008333 0.026389
0 0.740885 0.935880 0.008333 0.026389
