0 0.666146 0.774537 0.011458 0.025000
0 0.668750 0.697454 0.014583 0.014352
0 0.595703 0.656481 0.016406 0.022222
0 0.673568 0.744444 0.011198 0.023148
0 0.070573 0.264120 0.015104 0.015278
0 0.600000 0.183796 0.014583 0.020370
0 0.628516 0.721991 0.015885 0.023611
0 0.757422 0.668519 0.017448 0.016667
0 0.695573 0.835880 0.010417 0.026389
0 0.759245 0.141667 0.015885 0.014815
0 0.141016 0.577315 0.014323 0.014815
0 0.208854 0.258796 0.014063 0.013889
0 0.280469 0.589815 0.015104 0.015741
0 0.396224 0.422685 0.015365 0.014815
0 0.123438 0.262037 0.019792 0.014815
0 0.653255 0.737500 0.014323 0.026852
0 0.435807 0.256481 0.015365 0.014815
0 0.444141 0.225463 0.015365 0.014815
0 0.470443 0.253704 0.015365 0.014815
0 0.490234 0.253704 0.015365 0.014815
0 0.523698 0.234259 0.016146 0.019444
0 0.582552 0.111343 0.014063 0.027315
0 0.554167 0.395139 0.017188 0.015278
0 0.576823 0.410880 0.014583 0.014352
0 0.710026 0.365046 0.019531 0.017130
0 0.545312 0.549306 0.011458 0.020833
0 0.669792 0.826852 0.011458 0.025000
0 0.706771 0.906713 0.008333 0.026389
0 0.686849 0.927546 0.010156 0.023611
2 0.822917 0.612731 0.015104 0.036574
0 0.859375 0.567361 0.014583 0.022685
0 0.848047 0.341898 0.019531 0.017130
0 0.704297 0.136111 0.021615 0.015741
0 0.720964 0.065972 0.012760 0.024537
0 0.726172 0.040046 0.012760 0.024537
