0 0.226432 0.226852 0.014323 0.012037
0 0.668490 0.699537 0.014583 0.023148
0 0.319141 0.571528 0.014844 0.014352
0 0.923307 0.180324 0.019531 0.012500
0 0.617448 0.616898 0.015104 0.027315
0 0.769531 0.100000 0.012500 0.025926
0 0.430339 0.452778 0.021094 0.016667
0 0.081641 0.408796 0.017448 0.017593
0 0.378255 0.468287 0.021094 0.016204
0 0.561328 0.217593 0.017448 0.016667
0 0.585417 0.463426 0.021354 0.015741
0 0.780078 0.073380 0.012760 0.023611
0 0.656510 0.065972 0.014583 0.031019
0 0.769271 0.046296 0.011458 0.026852
0 0.516406 0.233102 0.018750 0.017130
0 0.979557 0.182870 0.017969 0.014815
0 0.869531 0.334028 0.019271 0.013426
0 0.342969 0.909722 0.012500 0.024074
0 0.782943 0.371065 0.018490 0.019907
0 0.536719 0.229398 0.018750 0.017130
0 0.635156 0.110417 0.014583 0.031019
0 0.645312 0.166667 0.016146 0.022222
0 0.792969 0.143056 0.016146 0.022222
0 0.845573 0.170370 0.016146 0.022222
0 0.987109 0.309259 0.017969 0.019444
0 0.588802 0.552083 0.015104 0.027315
0 0.969922 0.540046 0.018490 0.022685
0 0.926432 0.578472 0.018490 0.022685
0 0.862240 0.581481 0.015104 0.037037
0 0.718620 0.949537 0.009635 0.035185
