0 0.713021 0.144444 0.016146 0.012037
0 0.329297 0.244213 0.020052 0.013426
0 0.625651 0.215741 0.011198 0.019444
0 0.348047 0.503704 0.015885 0.012963
0 0.876693 0.540741 0.009115 0.025000
0 0.641797 0.431250 0.016927 0.012500
0 0.293620 0.425694 0.016927 0.014352
0 0.599870 0.256019 0.011719 0.021296
0 0.674219 0.760880 0.012500 0.018981
0 0.344271 0.415972 0.014583 0.012500
0 0.691667 0.806019 0.009375 0.020370
0 0.712370 0.928241 0.007552 0.021296
0 0.700651 0.840509 0.009115 0.023611
0 0.644401 0.699306 0.012760 0.015278
0 0.574870 0.557176 0.011719 0.026389
0 0.587891 0.437731 0.014323 0.009722
0 0.529427 0.437731 0.021875 0.010648
2 0.744922 0.393981 0.026302 0.015741
0 0.722396 0.465972 0.016667 0.012500
0 0.661589 0.176157 0.013802 0.016204
0 0.931250 0.345370 0.016667 0.014815
0 0.780599 0.961806 0.010677 0.026389
