0 0.690234 0.690972 0.016406 0.013426
0 0.493359 0.607407 0.013802 0.014815
0 0.612630 0.675231 0.015885 0.020833
0 0.134766 0.248611 0.016927 0.013889
0 0.522656 0.610648 0.015625 0.017593
0 0.606380 0.107407 0.013281 0.019444
0 0.646615 0.759259 0.011458 0.022222
0 0.326432 0.596528 0.015365 0.018056
0 0.673307 0.748611 0.012760 0.026852
0 0.735547 0.064583 0.010156 0.022685
0 0.633594 0.729167 0.013021 0.021296
0 0.988932 0.151852 0.020573 0.018519
0 0.723177 0.072454 0.010417 0.023611
0 0.581901 0.177315 0.011719 0.024074
0 0.401823 0.598148 0.015104 0.016667
0 0.694401 0.927083 0.009115 0.025463
0 0.336328 0.257870 0.013802 0.014815
0 0.590104 0.642130 0.014583 0.021296
0 0.667188 0.136574 0.018229 0.014815
0 0.760156 0.157639 0.018229 0.022685
0 0.664844 0.807639 0.009896 0.019907
0 0.810417 0.222222 0.013542 0.024074
0 0.251953 0.421296 0.016927 0.013889
0 0.382161 0.429167 0.016927 0.013889
0 0.369271 0.257639 0.017188 0.014352
0 0.419010 0.256250 0.014583 0.013426
0 0.470573 0.254398 0.014583 0.013426
0 0.598177 0.623611 0.013542 0.018519
0 0.701172 0.446065 0.016406 0.013426
0 0.656510 0.744907 0.011458 0.022222
0 0.684896 0.787731 0.009896 0.019907
0 0.692318 0.822685 0.010677 0.025926
0 0.512760 0.242361 0.014583 0.013426
0 0.545443 0.226620 0.013802 0.015278
