0 0.570443 0.216667 0.015885 0.019444
0 0.591667 0.591204 0.015625 0.029630
0 0.248958 0.214815 0.014583 0.010185
0 0.802214 0.149769 0.018490 0.017130
0 0.638151 0.674306 0.015365 0.023611
0 0.610547 0.226852 0.012760 0.021296
0 0.793229 0.094907 0.014063 0.025926
0 0.756510 0.048843 0.010417 0.027315
0 0.203906 0.365509 0.018229 0.013426
0 0.749479 0.013194 0.013021 0.025463
0 0.957552 0.557870 0.014583 0.020370
0 0.513802 0.465509 0.019271 0.013426
0 0.570052 0.165509 0.015104 0.019907
0 0.702083 0.141435 0.023958 0.025463
0 0.757422 0.136343 0.018490 0.018056
0 0.766276 0.075926 0.013802 0.028704
0 0.700911 0.851852 0.009115 0.031481
0 0.534766 0.384954 0.016927 0.016204
0 0.383073 0.400694 0.018229 0.013426
0 0.714974 0.372454 0.016927 0.016204
0 0.863802 0.343981 0.020313 0.019444
0 0.915755 0.191898 0.018490 0.017130
0 0.580469 0.305556 0.014063 0.030556
0 0.779036 0.070833 0.013802 0.025000
0 0.773307 0.047222 0.013802 0.025000
0 0.866667 0.676157 0.016667 0.031944
0 0.573958 0.541204 0.015625 0.029630
0 0.648307 0.664120 0.015365 0.023611
0 0.675911 0.744213 0.015365 0.023611
0 0.692057 0.756713 0.013281 0.031944
0 0.707682 0.821759 0.009115 0.031481
0 0.706641 0.896296 0.008073 0.027778
0 0.716536 0.925463 0.008073 0.027778
0 0.762370 0.967593 0.008073 0.027778
0 0.705599 0.986111 0.008073 0.027778
