2 0.421615 0.271759 0.027083 0.012037
0 0.050521 0.242130 0.023958 0.015741
0 0.877734 0.212269 0.019010 0.016204
0 0.146615 0.240046 0.020313 0.016204
0 0.738021 0.168287 0.024479 0.018981
0 0.124870 0.398148 0.021094 0.014815
0 0.760286 0.401389 0.017448 0.016667
0 0.610807 0.657870 0.013281 0.023148
0 0.636068 0.200926 0.016927 0.024074
0 0.393750 0.428009 0.021354 0.014352
0 0.151042 0.472685 0.018750 0.017593
0 0.821224 0.193750 0.019010 0.016204
0 0.816536 0.837269 0.013802 0.031019
0 0.679557 0.787731 0.013802 0.031019
0 0.685937 0.849306 0.010937 0.027315
0 0.694661 0.905093 0.008594 0.029630
0 0.707422 0.974074 0.008594 0.029630
2 0.656641 0.795370 0.023698 0.053704
