0 0.912500 0.515972 0.017188 0.020833
0 0.672917 0.630556 0.017188 0.018519
0 0.616667 0.617130 0.017188 0.020370
0 0.607943 0.195602 0.011719 0.024537
0 0.726823 0.714815 0.010937 0.023148
0 0.416667 0.569213 0.016146 0.015278
0 0.748307 0.096991 0.017448 0.018056
0 0.767969 0.015741 0.011979 0.028704
0 0.764583 0.647917 0.017708 0.017130
0 0.835938 0.125463 0.013021 0.019444
2 0.643229 0.605556 0.023438 0.037037
0 0.680990 0.690972 0.015104 0.026389
0 0.752214 0.806250 0.010156 0.026389
0 0.799609 0.100463 0.016927 0.019444
0 0.708594 0.712500 0.011979 0.023148
0 0.056510 0.365741 0.018229 0.016667
0 0.897005 0.453472 0.009635 0.030093
0 0.744271 0.777083 0.010417 0.022685
0 0.737891 0.801389 0.010677 0.025926
0 0.578255 0.192361 0.019531 0.020833
0 0.873047 0.698148 0.012240 0.024074
0 0.259766 0.226852 0.019531 0.016667
0 0.324349 0.573611 0.016927 0.014815
0 0.779297 0.048380 0.016927 0.028241
0 0.954948 0.322222 0.018750 0.017593
0 0.746484 0.864583 0.010156 0.030093
0 0.756250 0.836806 0.009896 0.030093
0 0.142969 0.364815 0.018229 0.016667
0 0.431510 0.202315 0.019271 0.015741
0 0.437500 0.400694 0.018229 0.016204
0 0.591536 0.383565 0.017448 0.015278
0 0.708984 0.422685 0.016406 0.019444
0 0.770964 0.341667 0.016406 0.018519
0 0.849740 0.161574 0.014583 0.026852
0 0.858724 0.298148 0.017969 0.016667
0 0.838802 0.740741 0.013542 0.031481
0 0.829948 0.861343 0.009896 0.029167
0 0.735547 0.742824 0.011719 0.026389
0 0.722005 0.742824 0.011719 0.026389
0 0.758854 0.879630 0.008854 0.025926
0 0.760156 0.919907 0.008333 0.030556
0 0.747656 0.907407 0.008333 0.030556
0 0.749609 0.951620 0.008073 0.028241
0 0.760677 0.957639 0.007812 0.030093
0 0.750391 0.982870 0.008594 0.025000
