0 0.842448 0.663657 0.016146 0.018981
0 0.835286 0.144907 0.016406 0.016667
0 0.610807 0.217824 0.017969 0.018981
0 0.656901 0.650694 0.016927 0.024537
0 0.590365 0.621296 0.020313 0.014815
0 0.356120 0.568056 0.014323 0.016667
0 0.777734 0.140509 0.017448 0.017130
0 0.752734 0.831481 0.012240 0.025926
0 0.689453 0.056019 0.012240 0.032407
0 0.655339 0.197222 0.014323 0.022222
0 0.185156 0.529861 0.016667 0.016204
0 0.491536 0.582870 0.017448 0.017593
0 0.729036 0.785648 0.009635 0.026852
0 0.885807 0.191667 0.017969 0.025926
0 0.708464 0.737037 0.014323 0.034259
0 0.124349 0.408796 0.019531 0.016667
0 0.697656 0.674074 0.015625 0.017593
0 0.891276 0.735185 0.013802 0.026852
0 0.876172 0.624306 0.016406 0.019907
0 0.539714 0.474769 0.019010 0.019907
0 0.733464 0.871528 0.010677 0.028241
0 0.174089 0.348380 0.017448 0.016204
0 0.745833 0.870602 0.008333 0.023611
0 0.033464 0.208565 0.024219 0.018056
0 0.645052 0.587731 0.016667 0.031019
0 0.741276 0.785417 0.010156 0.028241
0 0.740755 0.827546 0.012240 0.019907
0 0.104297 0.343056 0.019531 0.016667
0 0.624479 0.532407 0.013021 0.024074
0 0.724870 0.725926 0.014844 0.032407
0 0.749479 0.928935 0.008333 0.023611
0 0.761719 0.951389 0.010417 0.036111
0 0.972266 0.597454 0.016406 0.025463
0 0.930859 0.498843 0.011719 0.026389
0 0.819661 0.391204 0.020052 0.015741
0 0.913151 0.368056 0.020052 0.015741
0 0.931380 0.342130 0.020052 0.015741
0 0.963411 0.353704 0.020052 0.015741
0 0.949870 0.191667 0.020052 0.015741
0 0.701172 0.075463 0.012240 0.032407
0 0.484766 0.240741 0.017969 0.019444
0 0.579557 0.234722 0.014323 0.012037
1 0.519401 0.239352 0.032552 0.021296
