0 0.641146 0.073380 0.012500 0.028241
0 0.613151 0.155787 0.017448 0.018981
0 0.705599 0.780093 0.012240 0.024074
0 0.734245 0.831944 0.010677 0.025926
0 0.949089 0.133102 0.018490 0.013426
0 0.639193 0.655324 0.017969 0.029167
0 0.062240 0.205787 0.016667 0.016204
0 0.638281 0.428241 0.020833 0.018519
0 0.867057 0.632176 0.012760 0.033796
0 0.344792 0.578472 0.015625 0.015278
0 0.681120 0.725231 0.014323 0.027315
0 0.147526 0.220139 0.016927 0.014352
0 0.793620 0.035880 0.012240 0.023611
0 0.717187 0.822454 0.013021 0.030093
0 0.636589 0.021528 0.013802 0.022685
0 0.679818 0.685880 0.016406 0.025463
0 0.869531 0.203241 0.012500 0.022222
0 0.258464 0.462269 0.019010 0.016204
0 0.690234 0.098843 0.020052 0.020833
0 0.774609 0.034028 0.011719 0.024537
0 0.620182 0.452315 0.019010 0.017593
0 0.788672 0.096991 0.016406 0.018056
0 0.608594 0.567130 0.015625 0.028704
0 0.717318 0.768056 0.010156 0.024074
0 0.728125 0.902778 0.007812 0.023148
0 0.742318 0.903241 0.009635 0.029630
0 0.744661 0.962037 0.009635 0.029630
0 0.734766 0.979167 0.009635 0.029630
0 0.724609 0.987731 0.008073 0.024537
2 0.836979 0.843287 0.019271 0.049537
