0 0.930859 0.515972 0.014844 0.019907
0 0.616146 0.575463 0.009375 0.015741
0 0.709766 0.723380 0.010156 0.019907
0 0.864844 0.598148 0.011458 0.010185
0 0.797266 0.090278 0.011719 0.022222
0 0.320573 0.571991 0.014063 0.011574
0 0.243490 0.432870 0.015625 0.012963
0 0.669271 0.660417 0.012500 0.019907
0 0.681901 0.645833 0.010677 0.016667
0 0.647526 0.591898 0.008073 0.018981
0 0.916276 0.144444 0.017448 0.018519
0 0.748047 0.810185 0.009635 0.019444
0 0.773438 0.029167 0.011458 0.027778
0 0.868750 0.140046 0.017708 0.021759
0 0.402734 0.571528 0.015365 0.014352
0 0.260547 0.235417 0.013281 0.013426
0 0.153776 0.421759 0.013281 0.011111
0 0.163932 0.237963 0.012760 0.012037
0 0.949219 0.143056 0.015104 0.012963
0 0.111979 0.243981 0.014063 0.013889
0 0.789453 0.033565 0.011198 0.025463
0 0.733854 0.746296 0.008854 0.023148
0 0.682813 0.028009 0.009896 0.025463
0 0.693880 0.376620 0.016927 0.014352
0 0.738281 0.407870 0.013542 0.010185
0 0.598958 0.319213 0.009896 0.025463
2 0.710547 0.349306 0.028385 0.018981
0 0.820182 0.336806 0.016927 0.014352
0 0.900651 0.310880 0.016927 0.014352
0 0.967578 0.283565 0.016927 0.014352
0 0.986328 0.471528 0.014844 0.019907
0 0.723698 0.761111 0.008854 0.023148
0 0.740234 0.834259 0.009635 0.019444
0 0.754297 0.843056 0.009635 0.019444
0 0.746224 0.884722 0.009635 0.019444
0 0.756641 0.883796 0.009635 0.019444
0 0.757812 0.917824 0.008333 0.023611
0 0.746615 0.949306 0.008333 0.023611
0 0.756771 0.957176 0.008333 0.023611
0 0.756771 0.992824 0.007292 0.014352
0 0.747917 0.994444 0.006771 0.011111
