0 0.756641 0.104630 0.011198 0.023148
0 0.372396 0.464120 0.019792 0.013426
0 0.170833 0.236806 0.016146 0.014352
0 0.138151 0.445139 0.015885 0.012500
0 0.146484 0.569213 0.015365 0.016204
0 0.612109 0.695370 0.016927 0.022222
0 0.626302 0.693981 0.015625 0.022222
0 0.053776 0.546991 0.020573 0.018981
2 0.314583 0.251620 0.019792 0.019907
0 0.104557 0.560417 0.014323 0.016204
0 0.488932 0.605324 0.014323 0.014352
0 0.580469 0.630093 0.015625 0.022222
0 0.646745 0.762500 0.011198 0.023148
0 0.042057 0.365046 0.015885 0.016204
0 0.613672 0.165509 0.012240 0.017130
0 0.671484 0.775463 0.010677 0.022222
0 0.383594 0.403241 0.017708 0.017593
0 0.567969 0.253704 0.013542 0.021296
0 0.228125 0.581944 0.014583 0.015741
0 0.721745 0.019676 0.010677 0.024537
0 0.784375 0.637269 0.014063 0.018056
0 0.736849 0.060417 0.013281 0.025463
0 0.703646 0.687731 0.022396 0.015278
0 0.305339 0.588194 0.012760 0.012500
0 0.241406 0.236806 0.016146 0.012500
0 0.606120 0.631019 0.013281 0.023148
0 0.369922 0.253009 0.016927 0.013426
0 0.338932 0.253935 0.016927 0.013426
0 0.316536 0.231713 0.016927 0.013426
0 0.399609 0.252778 0.014323 0.012963
0 0.440234 0.254167 0.014323 0.012963
0 0.498828 0.242593 0.014323 0.012963
0 0.122917 0.238657 0.015104 0.015278
0 0.402214 0.425231 0.015885 0.017130
0 0.634635 0.682870 0.015625 0.022222
0 0.839714 0.686806 0.012240 0.020833
0 0.526302 0.178241 0.011979 0.018519
0 0.650911 0.143981 0.014323 0.016667
0 0.752474 0.155093 0.014323 0.016667
0 0.800781 0.206019 0.014063 0.019444
0 0.716276 0.373611 0.014323 0.016667
0 0.446484 0.424074 0.018490 0.015741
0 0.683464 0.780556 0.010677 0.022222
0 0.684245 0.837500 0.010677 0.022222
0 0.691667 0.881250 0.008854 0.022685
0 0.702734 0.883565 0.008594 0.024537
0 0.695964 0.936343 0.008594 0.024537
0 0.697526 0.981481 0.008073 0.023148
0 0.751953 0.960185 0.009635 0.025000
0 0.773047 0.967593 0.009635 0.025000
0 0.780339 0.913889 0.009635 0.025000
0 0.923828 0.309259 0.014323 0.016667
0 0.947266 0.280093 0.014323 0.016667
0 0.963542 0.294907 0.011458 0.013889
