0 0.446615 0.450694 0.019792 0.014352
0 0.672005 0.137269 0.013802 0.023611
0 0.703255 0.669213 0.014323 0.023611
0 0.731641 0.730324 0.012760 0.027315
0 0.700781 0.698611 0.014583 0.022222
0 0.405339 0.574306 0.016406 0.015278
0 0.714844 0.731944 0.010417 0.018519
0 0.949740 0.485417 0.016146 0.018981
0 0.612240 0.248380 0.013542 0.030093
0 0.646094 0.105093 0.012500 0.025000
0 0.728255 0.765972 0.012240 0.027315
0 0.568099 0.198380 0.016406 0.018981
0 0.897005 0.479630 0.011719 0.026852
0 0.931120 0.498148 0.014323 0.020370
0 0.711589 0.101389 0.016927 0.021296
0 0.342969 0.577315 0.015104 0.016667
0 0.646094 0.163657 0.015104 0.027315
0 0.752083 0.818519 0.009896 0.025000
0 0.798958 0.096991 0.015104 0.028241
0 0.659375 0.630093 0.016667 0.016667
0 0.833854 0.759491 0.014063 0.031019
0 0.764714 0.015278 0.011198 0.026852
0 0.052995 0.246528 0.017969 0.017130
0 0.609115 0.203472 0.010937 0.027315
0 0.824089 0.087037 0.015885 0.026852
2 0.339583 0.465741 0.024479 0.017593
0 0.738411 0.808102 0.011719 0.027315
0 0.788932 0.023380 0.013281 0.027315
0 0.458073 0.388657 0.021354 0.017130
0 0.741667 0.767130 0.011979 0.028704
0 0.013802 0.247685 0.015625 0.015741
0 0.493880 0.398148 0.017969 0.016667
0 0.553906 0.392361 0.014063 0.017130
0 0.863932 0.150231 0.014844 0.027315
0 0.832292 0.150231 0.018750 0.025463
0 0.645312 0.382870 0.015625 0.016667
0 0.898177 0.285880 0.016146 0.018981
2 0.877083 0.535185 0.019271 0.035185
0 0.851172 0.582639 0.017969 0.027315
0 0.845313 0.818056 0.010417 0.026852
1 0.628255 0.556019 0.031510 0.061111
0 0.761198 0.970370 0.008854 0.028704
0 0.759375 0.897454 0.008333 0.025463
0 0.747396 0.870602 0.008333 0.025463
0 0.755339 0.851620 0.008073 0.026389
2 0.750781 0.921065 0.012500 0.045833
0 0.811068 0.926157 0.010677 0.031019
