0 0.286719 0.596065 0.015104 0.014352
0 0.381120 0.607407 0.017448 0.017593
0 0.054297 0.353935 0.018490 0.015278
1 0.614844 0.704398 0.040625 0.043981
0 0.201953 0.474537 0.018490 0.016667
0 0.682813 0.166667 0.015625 0.015741
0 0.678385 0.772685 0.011458 0.024074
0 0.832943 0.248843 0.017969 0.031019
0 0.099870 0.245602 0.016406 0.018056
0 0.704427 0.876389 0.007812 0.024074
0 0.138021 0.394444 0.016146 0.013889
0 0.065625 0.375000 0.017188 0.016667
0 0.604036 0.414815 0.014323 0.012963
0 0.648828 0.428472 0.018490 0.015278
2 0.838021 0.460185 0.035417 0.023148
0 0.693490 0.819676 0.012500 0.025463
0 0.785547 0.865741 0.010677 0.025926
