0 0.654948 0.145370 0.013021 0.022222
0 0.657161 0.659954 0.014844 0.018981
0 0.821224 0.622454 0.013802 0.018981
0 0.515234 0.567593 0.020573 0.016667
0 0.745313 0.656481 0.016146 0.016667
0 0.171094 0.235185 0.019271 0.015741
0 0.211458 0.573380 0.018750 0.018981
0 0.413151 0.567824 0.016927 0.018981
0 0.776432 0.096759 0.021094 0.023148
0 0.597656 0.253009 0.012500 0.024537
0 0.781771 0.013426 0.017188 0.025926
0 0.141276 0.566898 0.020052 0.018981
0 0.888542 0.537963 0.016146 0.023148
0 0.806380 0.880787 0.010156 0.026389
0 0.578906 0.199306 0.021354 0.018981
0 0.515495 0.217824 0.023177 0.029167
0 0.850391 0.702546 0.014323 0.021759
0 0.616536 0.621528 0.013802 0.018981
0 0.679167 0.025231 0.013542 0.025463
0 0.716146 0.740509 0.009896 0.023611
0 0.740495 0.771991 0.010156 0.018981
0 0.555599 0.436806 0.024219 0.014352
0 0.540495 0.216898 0.023177 0.029167
0 0.598177 0.303472 0.012500 0.024537
0 0.802474 0.121296 0.021094 0.023148
0 0.826432 0.137500 0.021094 0.023148
0 0.802474 0.055556 0.021094 0.023148
0 0.762891 0.411111 0.021094 0.023148
0 0.833203 0.312037 0.021094 0.023148
0 0.597526 0.518750 0.017969 0.040278
1 0.642188 0.587731 0.034896 0.049537
0 0.667839 0.653935 0.014844 0.018981
0 0.725781 0.723843 0.009896 0.023611
0 0.736458 0.817824 0.009375 0.024537
0 0.740104 0.852546 0.009375 0.024537
0 0.751042 0.851620 0.009375 0.024537
0 0.754167 0.948843 0.009375 0.024537
0 0.745313 0.978472 0.009375 0.024537
0 0.733594 0.866204 0.013542 0.042593
