0 0.628255 0.174074 0.011719 0.021296
0 0.626693 0.585880 0.013802 0.021759
0 0.690365 0.688657 0.011458 0.018981
0 0.671615 0.641898 0.012500 0.014352
0 0.727604 0.729398 0.009375 0.018981
0 0.741667 0.768056 0.006250 0.014815
0 0.861458 0.643056 0.013021 0.020370
0 0.206901 0.550231 0.015365 0.012500
0 0.336458 0.577083 0.014583 0.012500
0 0.194141 0.568981 0.015365 0.010185
0 0.829688 0.143750 0.012500 0.018981
0 0.099609 0.428935 0.014844 0.014352
0 0.742708 0.845370 0.007812 0.023148
0 0.546875 0.398148 0.015104 0.014815
0 0.702474 0.669444 0.011719 0.016667
0 0.594661 0.504398 0.010677 0.019907
0 0.413411 0.575926 0.012240 0.014815
0 0.748307 0.892593 0.008073 0.025926
0 0.750651 0.930787 0.007031 0.023611
0 0.063151 0.343056 0.014844 0.013889
0 0.889974 0.523843 0.012760 0.022685
0 0.524740 0.191667 0.010937 0.012037
0 0.882031 0.686574 0.013021 0.028704
0 0.726432 0.756944 0.010156 0.019444
0 0.195964 0.444676 0.015365 0.011574
0 0.769792 0.010880 0.013542 0.017130
0 0.902083 0.437037 0.011458 0.025926
0 0.739844 0.810880 0.007812 0.022685
0 0.658333 0.159028 0.011979 0.018981
0 0.780469 0.054861 0.011979 0.023611
0 0.605208 0.387037 0.015104 0.014815
0 0.950781 0.146991 0.012500 0.018981
0 0.828906 0.795602 0.007812 0.022685
0 0.750781 0.817361 0.007812 0.022685
0 0.754687 0.856019 0.007812 0.023148
0 0.758984 0.893981 0.008073 0.025926
0 0.760026 0.977083 0.007031 0.023611
0 0.759505 0.937269 0.007031 0.023611
