0 0.914323 0.546991 0.016146 0.018981
0 0.768750 0.116204 0.017188 0.017593
0 0.648047 0.643519 0.013802 0.016667
0 0.603646 0.575231 0.009375 0.018056
0 0.654948 0.106944 0.011979 0.024074
2 0.707422 0.727315 0.016406 0.027778
0 0.710417 0.776157 0.009896 0.019907
0 0.621094 0.185417 0.011979 0.024537
0 0.701823 0.132639 0.016146 0.023611
0 0.289714 0.211343 0.015365 0.013426
0 0.213542 0.440278 0.018750 0.014815
0 0.102474 0.220370 0.016927 0.012963
0 0.325000 0.208102 0.012500 0.013426
0 0.728125 0.789583 0.008854 0.021759
0 0.685547 0.747917 0.011719 0.023611
0 0.748047 0.680556 0.016406 0.013889
0 0.601693 0.292130 0.011198 0.025000
0 0.587891 0.212731 0.013802 0.016204
0 0.592969 0.275694 0.009375 0.028241
0 0.340495 0.231713 0.014323 0.012500
0 0.927344 0.392130 0.018750 0.017593
2 0.166797 0.351389 0.036198 0.024074
0 0.378516 0.228009 0.014323 0.012500
0 0.430990 0.232176 0.018229 0.014352
0 0.460547 0.237269 0.016406 0.016204
0 0.502995 0.233333 0.016406 0.015741
2 0.526042 0.229630 0.017188 0.017593
0 0.424870 0.571991 0.016406 0.016204
0 0.569922 0.219907 0.013802 0.015741
0 0.550000 0.224769 0.014063 0.017130
0 0.662370 0.166667 0.014323 0.022222
0 0.829688 0.358102 0.017708 0.014352
0 0.766797 0.032870 0.011198 0.022222
0 0.779297 0.017130 0.011198 0.022222
0 0.779297 0.068056 0.011198 0.021296
0 0.796224 0.063194 0.011198 0.021759
0 0.841797 0.151389 0.013802 0.024074
0 0.884245 0.271296 0.013802 0.024074
0 0.892448 0.505556 0.012500 0.028704
0 0.989714 0.525694 0.017448 0.019907
0 0.846094 0.706019 0.009896 0.023148
0 0.840495 0.788889 0.010156 0.023148
0 0.696094 0.741898 0.011979 0.023611
0 0.724870 0.828241 0.008594 0.025926
0 0.731771 0.905556 0.008854 0.025926
0 0.743620 0.931019 0.008594 0.025926
0 0.810677 0.938194 0.009375 0.021759
0 0.732943 0.974769 0.010156 0.028241
