0 0.101042 0.240046 0.015625 0.013426
0 0.168750 0.448843 0.017708 0.016204
0 0.588802 0.644213 0.014583 0.024537
0 0.408464 0.464583 0.014844 0.015278
0 0.505859 0.610417 0.014844 0.014352
0 0.163932 0.573380 0.016406 0.018981
0 0.618620 0.706019 0.013802 0.022222
0 0.785286 0.889352 0.010677 0.028704
0 0.656250 0.777083 0.011458 0.020833
0 0.247266 0.583796 0.013281 0.012963
0 0.671615 0.782407 0.009375 0.021296
0 0.014323 0.357407 0.015104 0.012963
2 0.314323 0.251852 0.019271 0.013889
0 0.368620 0.423843 0.016406 0.012500
0 0.123047 0.565741 0.013281 0.012037
0 0.716797 0.684954 0.020573 0.018981
0 0.633203 0.706250 0.014323 0.022685
0 0.647396 0.073148 0.009896 0.023148
0 0.221224 0.237731 0.015365 0.014352
0 0.793099 0.628009 0.015365 0.021759
0 0.613802 0.643750 0.013542 0.018981
0 0.070703 0.550926 0.022135 0.017593
0 0.599740 0.172917 0.008854 0.013426
0 0.754297 0.095370 0.011719 0.022222
0 0.298568 0.231019 0.015365 0.013889
0 0.338542 0.254167 0.015625 0.013889
0 0.368620 0.253241 0.015365 0.013889
0 0.398047 0.252778 0.013802 0.012963
0 0.439193 0.253241 0.013802 0.012963
0 0.494401 0.244907 0.013802 0.012963
0 0.513542 0.188194 0.013542 0.017130
0 0.344922 0.405324 0.016406 0.012500
0 0.411849 0.424306 0.016406 0.012500
0 0.151172 0.237731 0.015365 0.013426
0 0.735547 0.057870 0.011719 0.022222
0 0.719792 0.011806 0.011979 0.021759
0 0.679948 0.381944 0.015104 0.015741
0 0.738672 0.148380 0.014844 0.015278
0 0.639714 0.149306 0.014844 0.015278
0 0.561068 0.274306 0.010156 0.020833
0 0.789193 0.187500 0.014323 0.020370
0 0.327214 0.588889 0.013281 0.012963
0 0.642839 0.693287 0.014323 0.022685
0 0.683984 0.785648 0.009635 0.025000
0 0.684505 0.845370 0.009635 0.025000
0 0.692318 0.886111 0.009635 0.025000
0 0.704297 0.895370 0.009635 0.025000
0 0.696224 0.939352 0.009635 0.025000
0 0.697786 0.987500 0.009635 0.025000
0 0.756380 0.932870 0.010677 0.028704
0 0.776432 0.941204 0.010677 0.028704
0 0.750781 0.982176 0.010417 0.023611
0 0.847656 0.665509 0.012500 0.022685
0 0.887760 0.325000 0.015104 0.015741
0 0.909896 0.298611 0.015104 0.015741
0 0.929167 0.309259 0.012500 0.012963
