0 0.597005 0.654398 0.014323 0.019907
0 0.670443 0.747917 0.014844 0.026389
0 0.863281 0.556713 0.016667 0.018981
0 0.059635 0.375694 0.016667 0.017130
0 0.673047 0.701852 0.016406 0.015741
0 0.700130 0.855093 0.010677 0.026852
0 0.670833 0.791667 0.011979 0.026852
0 0.008854 0.379861 0.017188 0.020833
0 0.653776 0.744444 0.011719 0.026852
0 0.070443 0.525463 0.013802 0.028704
0 0.493359 0.253704 0.014323 0.015741
0 0.657031 0.149537 0.021354 0.018519
0 0.044792 0.246759 0.015625 0.011111
0 0.707422 0.021528 0.010677 0.027315
0 0.097396 0.243519 0.015625 0.011111
2 0.137500 0.259491 0.033854 0.020833
0 0.513672 0.248148 0.014323 0.015741
0 0.535937 0.228704 0.014583 0.015741
0 0.392839 0.600000 0.014323 0.015741
0 0.545964 0.348380 0.009115 0.027315
0 0.567708 0.253935 0.011458 0.024537
0 0.599740 0.201157 0.011458 0.024537
0 0.630078 0.160185 0.014323 0.016667
0 0.634896 0.033102 0.009896 0.023611
0 0.726953 0.083102 0.010677 0.027315
0 0.832161 0.586806 0.010156 0.026389
0 0.680990 0.776852 0.013021 0.025000
0 0.683333 0.839352 0.011979 0.026852
0 0.691016 0.803704 0.010677 0.026852
0 0.694271 0.904630 0.010417 0.032407
0 0.704818 0.958796 0.009115 0.025926
