0 0.627995 0.188657 0.016406 0.029167
0 0.706771 0.895602 0.008854 0.026389
0 0.606641 0.621991 0.014323 0.019907
0 0.648307 0.695602 0.014323 0.023611
0 0.675521 0.703009 0.012500 0.019907
0 0.873437 0.491667 0.011979 0.026852
0 0.843099 0.164815 0.020052 0.021296
0 0.126693 0.519444 0.017448 0.016667
0 0.073828 0.386343 0.019010 0.019907
0 0.848958 0.417593 0.021875 0.012963
0 0.701953 0.835185 0.011198 0.027778
0 0.555469 0.215741 0.018229 0.016667
0 0.624479 0.624769 0.014063 0.023611
0 0.523307 0.592361 0.017969 0.014352
0 0.684766 0.141435 0.015365 0.015278
0 0.689844 0.790741 0.011458 0.029630
0 0.128776 0.361574 0.020052 0.017593
0 0.544922 0.402315 0.020052 0.017593
0 0.606380 0.378009 0.015885 0.015278
0 0.711068 0.365972 0.015885 0.015278
0 0.788411 0.141898 0.015365 0.015278
0 0.922917 0.179398 0.026562 0.015278
0 0.760417 0.076389 0.011979 0.026852
0 0.783854 0.083333 0.011979 0.026852
0 0.673047 0.745370 0.012240 0.027778
0 0.699089 0.775694 0.013802 0.035648
0 0.708333 0.932639 0.008854 0.033796
0 0.706771 0.985417 0.008854 0.026389
