0 0.531510 0.615509 0.016146 0.015278
0 0.591667 0.676620 0.013542 0.018981
0 0.594141 0.144213 0.010156 0.020833
0 0.670182 0.746528 0.012240 0.022685
0 0.678646 0.880093 0.009896 0.026852
0 0.688411 0.862963 0.008594 0.024074
0 0.670052 0.788657 0.010417 0.017130
0 0.687760 0.691204 0.015104 0.016667
0 0.912760 0.176157 0.015104 0.012500
0 0.015365 0.439352 0.014583 0.014815
0 0.067969 0.430556 0.016667 0.014815
0 0.658073 0.752315 0.011458 0.020370
0 0.590885 0.640741 0.014583 0.023148
0 0.941927 0.349537 0.016667 0.017593
0 0.557031 0.215509 0.014063 0.017130
0 0.807031 0.696759 0.011458 0.025926
0 0.933984 0.538657 0.015365 0.018981
2 0.410547 0.256944 0.019531 0.016667
0 0.680859 0.830093 0.010677 0.022222
0 0.852214 0.537500 0.009635 0.024074
0 0.328646 0.985880 0.012500 0.014352
0 0.268099 0.596759 0.014844 0.012963
2 0.563672 0.475231 0.042448 0.023611
0 0.811328 0.195139 0.013802 0.021759
0 0.435547 0.254630 0.015365 0.012963
0 0.460286 0.252778 0.015365 0.012963
0 0.481901 0.248148 0.015365 0.012963
0 0.504167 0.244213 0.012500 0.014352
0 0.562109 0.409954 0.014323 0.013426
0 0.342578 0.423611 0.015365 0.012963
0 0.393359 0.424074 0.015365 0.012963
0 0.690625 0.896065 0.007812 0.022685
0 0.683984 0.938194 0.009115 0.028241
0 0.786068 0.883796 0.008594 0.023148
0 0.825391 0.729630 0.011719 0.024074
0 0.813021 0.642130 0.010417 0.026852
0 0.966797 0.511343 0.015365 0.018981
1 0.659115 0.375463 0.022917 0.018519
0 0.817448 0.249306 0.010937 0.021759
0 0.982682 0.150463 0.015885 0.012963
0 0.718359 0.060880 0.010156 0.020833
