0 0.631380 0.184259 0.014323 0.028704
0 0.647135 0.650463 0.013542 0.024074
0 0.641406 0.674769 0.013021 0.018981
0 0.301302 0.228241 0.019271 0.012037
0 0.774349 0.049074 0.011719 0.029630
0 0.830339 0.154630 0.017448 0.018519
0 0.620964 0.637500 0.016406 0.023148
0 0.933854 0.392130 0.021354 0.015741
0 0.610807 0.214352 0.014323 0.026852
0 0.104818 0.413194 0.021094 0.015278
0 0.526042 0.465278 0.020833 0.015741
0 0.393229 0.207870 0.019271 0.016667
0 0.737370 0.681944 0.017448 0.015741
0 0.269922 0.226852 0.014844 0.012037
0 0.926693 0.177315 0.023698 0.019444
0 0.562109 0.216435 0.017448 0.017130
0 0.560286 0.315972 0.011719 0.028241
0 0.702604 0.829861 0.010417 0.029167
0 0.397786 0.384028 0.019010 0.013426
0 0.954557 0.324537 0.017969 0.019444
0 0.020964 0.307176 0.021094 0.015278
0 0.039453 0.335880 0.021094 0.015278
0 0.233984 0.364583 0.021094 0.015278
0 0.660677 0.050463 0.013542 0.028704
0 0.801432 0.114120 0.018490 0.032870
0 0.602734 0.177083 0.014323 0.034722
0 0.578776 0.314815 0.011719 0.022222
0 0.831250 0.684259 0.013542 0.024074
0 0.789453 0.840509 0.011719 0.029167
0 0.719271 0.866898 0.010417 0.029167
0 0.709375 0.894213 0.010417 0.029167
0 0.721094 0.920139 0.010417 0.029167
0 0.699349 0.768287 0.013281 0.032870
