0 0.650781 0.696528 0.013542 0.022685
2 0.598047 0.174306 0.020052 0.050463
0 0.594010 0.608565 0.015625 0.027315
0 0.847396 0.712963 0.011458 0.022222
0 0.684505 0.722685 0.010677 0.021296
0 0.127214 0.390509 0.021094 0.018981
0 0.012500 0.363657 0.016146 0.015278
0 0.987630 0.271991 0.017969 0.015278
0 0.575781 0.254167 0.010417 0.025926
0 0.972396 0.165278 0.017708 0.015741
0 0.225911 0.384722 0.020573 0.016667
0 0.878385 0.164352 0.016667 0.017593
0 0.767448 0.120602 0.016146 0.019907
0 0.733333 0.010880 0.011979 0.013426
0 0.655990 0.665509 0.023438 0.035648
0 0.713802 0.871065 0.010937 0.027315
0 0.741146 0.031944 0.009896 0.024074
0 0.038802 0.352546 0.019792 0.017130
0 0.277344 0.247917 0.019271 0.016204
0 0.403646 0.419676 0.019271 0.016204
0 0.457031 0.418750 0.019271 0.016204
2 0.438932 0.395602 0.034115 0.023611
0 0.283854 0.578472 0.019271 0.016204
0 0.558464 0.215509 0.019531 0.021759
0 0.753906 0.078935 0.013021 0.031019
0 0.839323 0.350463 0.016667 0.017593
0 0.667448 0.393519 0.016667 0.017593
0 0.726562 0.901620 0.010937 0.027315
0 0.728385 0.941898 0.010937 0.027315
0 0.715625 0.919213 0.010937 0.027315
0 0.790625 0.944676 0.010937 0.027315
2 0.697135 0.793287 0.027083 0.068056
2 0.715495 0.811343 0.019010 0.060648
