0 0.612760 0.696528 0.013021 0.020833
0 0.602344 0.228472 0.016667 0.019907
0 0.621354 0.102315 0.013542 0.028704
0 0.191146 0.398148 0.017708 0.013889
0 0.984896 0.557870 0.011458 0.018519
0 0.008854 0.349537 0.017188 0.020370
0 0.375651 0.441898 0.015885 0.011574
0 0.573958 0.177778 0.017188 0.025926
0 0.648438 0.095370 0.010937 0.024074
0 0.582682 0.599306 0.011198 0.026389
1 0.557813 0.566898 0.015104 0.038426
0 0.832943 0.380556 0.021615 0.016667
0 0.756771 0.415741 0.018750 0.016667
2 0.681250 0.889352 0.011979 0.033333
0 0.697526 0.934954 0.007552 0.025463
2 0.709375 0.982176 0.007812 0.035648
