0 0.825521 0.809491 0.013542 0.031019
0 0.057292 0.366898 0.019792 0.017130
0 0.256120 0.470139 0.020052 0.015278
0 0.585938 0.436806 0.015625 0.012500
0 0.463672 0.485648 0.020052 0.016667
0 0.957552 0.220602 0.016667 0.017130
0 0.464323 0.506713 0.017708 0.012500
0 0.237370 0.403935 0.018490 0.016204
0 0.479687 0.237037 0.019792 0.016667
0 0.912760 0.378009 0.016667 0.017130
0 0.887630 0.365278 0.016406 0.016667
0 0.849349 0.397222 0.016406 0.016667
0 0.814063 0.389583 0.016146 0.015278
0 0.813542 0.388657 0.016146 0.015278
