0 0.698828 0.654398 0.013802 0.018981
0 0.593490 0.594907 0.012500 0.016667
0 0.235286 0.550463 0.016927 0.016667
0 0.620573 0.174537 0.016146 0.021296
0 0.722396 0.713657 0.011979 0.019907
0 0.925260 0.495370 0.013021 0.017593
0 0.304297 0.569907 0.017448 0.015741
0 0.966667 0.133565 0.018750 0.014352
0 0.904818 0.472454 0.011198 0.018981
0 0.676693 0.685417 0.021615 0.036574
0 0.146745 0.565278 0.017448 0.017593
0 0.665755 0.349306 0.020573 0.014352
0 0.745443 0.894213 0.010156 0.021759
0 0.856380 0.134954 0.016406 0.028241
0 0.242708 0.234259 0.016667 0.015741
0 0.550521 0.209259 0.022917 0.019444
0 0.734635 0.806481 0.009375 0.020370
0 0.475000 0.399306 0.023438 0.018056
0 0.585026 0.196296 0.023177 0.022222
0 0.726562 0.771065 0.009375 0.018981
0 0.769010 0.029861 0.013021 0.029167
0 0.061589 0.397685 0.024740 0.015741
0 0.743880 0.844676 0.010677 0.020833
0 0.739453 0.771065 0.014323 0.019907
0 0.533854 0.389583 0.016146 0.018981
0 0.718099 0.741898 0.010677 0.020833
0 0.790104 0.033565 0.013021 0.025463
0 0.122005 0.532407 0.017969 0.016667
0 0.689323 0.673380 0.015104 0.020833
0 0.024609 0.407870 0.017969 0.019444
0 0.522266 0.222685 0.016927 0.015741
0 0.543099 0.175000 0.013281 0.020370
0 0.677995 0.019676 0.012240 0.024537
1 0.760417 0.092593 0.042708 0.022222
0 0.847526 0.162963 0.014323 0.025926
0 0.861979 0.300463 0.019271 0.018519
0 0.902995 0.416667 0.013281 0.020370
0 0.749740 0.811574 0.009896 0.028704
0 0.754297 0.854630 0.009635 0.028704
0 0.736328 0.913657 0.009635 0.026389
0 0.757812 0.924537 0.009896 0.028704
0 0.746484 0.949074 0.008073 0.025000
0 0.756641 0.992130 0.008594 0.015741
0 0.829688 0.774537 0.014583 0.025000
0 0.837760 0.716204 0.008854 0.022222
