0 0.630469 0.627083 0.015625 0.024537
0 0.283594 0.571065 0.015104 0.014352
0 0.198047 0.550231 0.014844 0.016204
0 0.456641 0.410880 0.020052 0.013426
0 0.602995 0.600926 0.013802 0.025000
0 0.792318 0.410880 0.017448 0.018056
0 0.251693 0.391667 0.023177 0.016667
0 0.552995 0.218519 0.019531 0.018519
0 0.098177 0.362731 0.018750 0.015278
0 0.711198 0.126620 0.018229 0.017130
0 0.669922 0.374769 0.028385 0.017130
0 0.749349 0.130093 0.020052 0.018519
0 0.712500 0.678472 0.015625 0.012500
0 0.830599 0.337731 0.017448 0.017130
0 0.581771 0.381481 0.028646 0.015741
0 0.695573 0.743981 0.011979 0.026852
0 0.566016 0.406481 0.018490 0.015741
0 0.038542 0.344907 0.018750 0.015741
0 0.066146 0.511806 0.018750 0.015278
0 0.335417 0.402083 0.018750 0.015278
0 0.183594 0.377546 0.018750 0.015278
0 0.137500 0.349769 0.018750 0.015278
0 0.618620 0.401157 0.018490 0.015278
0 0.735417 0.378472 0.018750 0.015278
0 0.794271 0.365046 0.018750 0.015278
0 0.880599 0.340509 0.018490 0.015278
0 0.956901 0.314583 0.018490 0.015278
0 0.621875 0.195833 0.017188 0.026852
0 0.680990 0.136343 0.018229 0.017130
0 0.778516 0.143981 0.020052 0.018519
0 0.782422 0.072454 0.013802 0.025463
0 0.771224 0.046065 0.013802 0.025463
0 0.756771 0.012963 0.013542 0.025000
0 0.710938 0.797454 0.011979 0.026389
0 0.722266 0.861806 0.010156 0.027315
0 0.723698 0.953009 0.009375 0.027315
0 0.723047 0.905093 0.010677 0.031481
