0 0.591406 0.607176 0.012500 0.025463
0 0.657161 0.727083 0.014323 0.018981
0 0.265625 0.406250 0.019271 0.014352
0 0.571354 0.293056 0.013021 0.024074
0 0.855599 0.621759 0.015885 0.022222
0 0.587109 0.296065 0.013281 0.026389
0 0.100521 0.373380 0.018229 0.015278
0 0.493099 0.443056 0.014844 0.012963
0 0.511458 0.423148 0.018750 0.016667
0 0.654167 0.428935 0.016146 0.013426
0 0.578646 0.334028 0.010937 0.030093
0 0.689583 0.841667 0.011458 0.028704
0 0.709505 0.904861 0.008594 0.029167
0 0.917188 0.636343 0.013021 0.020833
0 0.938542 0.366667 0.018750 0.017593
0 0.773698 0.081250 0.010417 0.025463
