0 0.745833 0.081019 0.011458 0.020370
0 0.324740 0.468056 0.017188 0.012037
0 0.429427 0.595370 0.013021 0.012037
0 0.647396 0.694676 0.013021 0.022685
0 0.934766 0.167130 0.014323 0.013889
0 0.680208 0.809722 0.009896 0.022222
0 0.582422 0.656019 0.013802 0.016667
0 0.048047 0.243056 0.020052 0.012963
0 0.113411 0.240972 0.020573 0.013426
0 0.670052 0.747917 0.011458 0.019907
0 0.631120 0.706713 0.015365 0.024537
0 0.250000 0.585648 0.016146 0.016667
0 0.557292 0.587500 0.010937 0.022222
0 0.835547 0.573380 0.014844 0.025463
0 0.715755 0.131944 0.013281 0.020370
0 0.156250 0.571991 0.019271 0.018981
0 0.588151 0.183102 0.014323 0.018981
0 0.676172 0.851852 0.010156 0.026852
0 0.208203 0.583333 0.010677 0.012963
0 0.585807 0.450000 0.016406 0.013889
0 0.811849 0.764352 0.011198 0.028704
0 0.674609 0.138426 0.013281 0.018519
0 0.900260 0.573380 0.015625 0.021759
0 0.310547 0.252778 0.022656 0.019444
0 0.728125 0.039583 0.012500 0.023611
0 0.200781 0.236343 0.013021 0.013426
0 0.079557 0.451157 0.014323 0.015278
0 0.148698 0.391435 0.019792 0.013426
0 0.695052 0.910880 0.011458 0.025463
0 0.769661 0.855556 0.010677 0.023148
0 0.824089 0.240741 0.012240 0.025000
0 0.361328 0.252546 0.016406 0.015278
0 0.347266 0.591204 0.013802 0.013889
0 0.390104 0.253472 0.015625 0.017130
0 0.333854 0.253472 0.015625 0.017130
0 0.204818 0.414815 0.016927 0.013889
0 0.246484 0.418519 0.016927 0.013889
0 0.494401 0.410185 0.016406 0.013889
0 0.429427 0.254398 0.015625 0.017130
0 0.470182 0.252083 0.014323 0.016204
0 0.442578 0.222454 0.014323 0.016204
0 0.540104 0.220370 0.011979 0.016667
0 0.711849 0.381481 0.016406 0.013889
0 0.721745 0.360185 0.016406 0.013889
0 0.754948 0.371296 0.014063 0.013889
0 0.798047 0.823611 0.010677 0.023148
0 0.777474 0.810185 0.010677 0.023148
0 0.777865 0.652315 0.020313 0.026852
0 0.791667 0.879630 0.012500 0.028704
0 0.564323 0.556481 0.010937 0.022222
0 0.658594 0.754861 0.011458 0.019907
0 0.648698 0.766204 0.012500 0.025000
0 0.690495 0.809028 0.010677 0.026389
0 0.688672 0.874537 0.010156 0.026852
0 0.695312 0.956713 0.011458 0.025463
0 0.706380 0.957870 0.008594 0.023148
0 0.697266 0.988426 0.008594 0.023148
