0 0.186719 0.553241 0.018229 0.015741
0 0.515885 0.574769 0.019271 0.015278
0 0.672526 0.034028 0.013281 0.024537
0 0.572266 0.584722 0.016927 0.016667
0 0.666797 0.647454 0.016406 0.021759
0 0.426172 0.570602 0.016927 0.015278
0 0.111979 0.420139 0.016667 0.017130
0 0.639974 0.160880 0.013802 0.019907
0 0.281641 0.578935 0.016406 0.015278
0 0.713932 0.693981 0.013281 0.025000
0 0.739323 0.761806 0.011979 0.026389
0 0.884115 0.543519 0.014063 0.026852
0 0.921354 0.521296 0.016667 0.021296
0 0.940104 0.499074 0.015625 0.023148
0 0.787891 0.034491 0.012240 0.026389
0 0.535156 0.221991 0.015625 0.017130
0 0.705990 0.712500 0.012500 0.024074
0 0.719792 0.744444 0.012500 0.025000
0 0.696094 0.659259 0.012500 0.016667
0 0.715365 0.107639 0.016667 0.020833
0 0.955599 0.481481 0.016406 0.023148
0 0.731641 0.790046 0.010156 0.024537
0 0.026302 0.567824 0.019271 0.015278
0 0.099219 0.231713 0.019271 0.016204
0 0.757943 0.934259 0.008594 0.031481
0 0.523828 0.456944 0.020573 0.016667
0 0.873958 0.179861 0.014063 0.026389
0 0.900391 0.437037 0.011719 0.027778
0 0.839063 0.724074 0.010417 0.027778
0 0.818490 0.959028 0.008854 0.029167
0 0.780469 0.650694 0.016146 0.018981
0 0.747786 0.901852 0.008594 0.031481
0 0.755599 0.883796 0.008594 0.028704
0 0.748047 0.956019 0.009635 0.034259
0 0.741797 0.859954 0.010156 0.028241
0 0.739193 0.824769 0.010156 0.028241
0 0.747526 0.802546 0.010156 0.028241
0 0.752995 0.834954 0.010156 0.028241
0 0.724870 0.809722 0.011719 0.028704
