0 0.634766 0.157870 0.016927 0.023148
0 0.589063 0.194907 0.014583 0.020370
0 0.720833 0.663657 0.016667 0.017130
0 0.597005 0.591435 0.019010 0.020833
0 0.821875 0.638657 0.017188 0.017130
0 0.012109 0.351157 0.015365 0.018056
1 0.944661 0.485185 0.042448 0.046296
0 0.538151 0.579167 0.015885 0.015741
0 0.751563 0.813889 0.011979 0.028704
0 0.690625 0.112963 0.015625 0.018519
0 0.244531 0.240278 0.018750 0.017593
0 0.755859 0.098843 0.015365 0.017130
0 0.055729 0.570370 0.017708 0.018519
0 0.845313 0.801389 0.011979 0.025926
2 0.135286 0.540972 0.021094 0.018981
0 0.114323 0.234491 0.020313 0.017130
0 0.411849 0.570370 0.018490 0.015741
0 0.758724 0.962731 0.009635 0.027315
0 0.014714 0.244676 0.016406 0.015278
0 0.225521 0.581250 0.016667 0.015278
0 0.707031 0.710417 0.012500 0.020833
0 0.954557 0.257176 0.017969 0.018056
0 0.808203 0.123843 0.014844 0.022685
0 0.384635 0.233565 0.015104 0.017130
0 0.403385 0.384722 0.017708 0.018519
2 0.517448 0.224306 0.022917 0.019907
0 0.770833 0.036574 0.014583 0.030556
0 0.797786 0.049306 0.015885 0.028241
0 0.832292 0.144444 0.018750 0.024074
0 0.883333 0.193750 0.011979 0.028241
0 0.970964 0.129861 0.016406 0.013426
0 0.904687 0.302315 0.017708 0.022222
0 0.860156 0.298380 0.016667 0.017130
0 0.835547 0.329167 0.017448 0.018519
0 0.877083 0.681019 0.015625 0.031481
0 0.826302 0.839120 0.011458 0.030093
0 0.833203 0.879861 0.013281 0.026389
0 0.747917 0.984259 0.009896 0.025926
0 0.748047 0.946991 0.010156 0.030093
0 0.756901 0.915972 0.010156 0.030093
0 0.748307 0.908102 0.008073 0.027315
0 0.756771 0.881019 0.009896 0.028704
0 0.754818 0.850000 0.010156 0.026852
0 0.741276 0.831250 0.010156 0.028241
0 0.737109 0.796759 0.012760 0.027778
0 0.744401 0.777315 0.010677 0.025000
0 0.735547 0.750463 0.012240 0.025926
0 0.726172 0.763426 0.012240 0.027778
0 0.716406 0.737963 0.012500 0.025926
2 0.725521 0.719676 0.017188 0.036574
2 0.737500 0.893056 0.011979 0.038889
