0 0.603125 0.606019 0.013021 0.020370
0 0.569922 0.464120 0.020052 0.015278
2 0.750260 0.096528 0.030729 0.026389
0 0.831771 0.639120 0.015625 0.025463
0 0.617969 0.187731 0.016146 0.028241
0 0.661719 0.706250 0.014583 0.024537
0 0.058464 0.343519 0.017448 0.016667
0 0.893359 0.223380 0.012240 0.023611
2 0.657422 0.137269 0.024219 0.033796
0 0.719141 0.854167 0.010156 0.024074
0 0.567448 0.194444 0.015625 0.018519
0 0.736068 0.889815 0.008594 0.025926
0 0.294141 0.381944 0.017448 0.016667
0 0.363151 0.196528 0.017448 0.016204
0 0.501172 0.175231 0.017448 0.016204
0 0.286849 0.578472 0.017448 0.016204
2 0.502995 0.382870 0.026823 0.017593
0 0.614974 0.389120 0.020052 0.015278
0 0.683724 0.359491 0.020052 0.015278
0 0.602995 0.178009 0.014323 0.030093
0 0.650911 0.059722 0.014323 0.036111
0 0.788411 0.020602 0.014323 0.025463
2 0.976953 0.278009 0.027865 0.023611
0 0.875521 0.556250 0.014583 0.032870
0 0.847656 0.727546 0.012500 0.031019
0 0.808073 0.893981 0.013021 0.035185
0 0.696094 0.761343 0.014063 0.031019
0 0.741146 0.976157 0.008854 0.031019
1 0.729948 0.827778 0.022396 0.074074
