0 0.631771 0.212963 0.013021 0.017593
0 0.594661 0.275231 0.011198 0.025463
0 0.296224 0.264352 0.021615 0.015741
0 0.475651 0.504630 0.018490 0.016667
0 0.660417 0.734491 0.012500 0.022685
0 0.577604 0.327546 0.011979 0.026389
0 0.508073 0.226620 0.016667 0.016204
0 0.127474 0.384259 0.014323 0.015741
0 0.221615 0.425231 0.017188 0.014352
0 0.645833 0.109722 0.010937 0.020370
0 0.682422 0.409259 0.015885 0.013889
0 0.716536 0.420833 0.016406 0.015741
0 0.594792 0.616667 0.013021 0.024074
0 0.689714 0.802315 0.012240 0.030556
0 0.706641 0.871759 0.007031 0.025000
0 0.713672 0.958565 0.005469 0.028241
0 0.876953 0.526389 0.009635 0.024074
0 0.809115 0.401389 0.020313 0.018519
2 0.980729 0.327778 0.030729 0.028704
