0 0.694010 0.654398 0.016146 0.017130
0 0.829557 0.103241 0.014323 0.023148
0 0.630599 0.597222 0.014323 0.024074
0 0.713411 0.725463 0.012240 0.023148
0 0.628385 0.551157 0.011979 0.024537
0 0.008984 0.233796 0.017448 0.013889
0 0.681901 0.128472 0.017969 0.024537
0 0.628125 0.204167 0.013021 0.024074
0 0.825521 0.130787 0.017188 0.023611
0 0.207292 0.234954 0.019271 0.016204
0 0.582943 0.206481 0.015365 0.016667
0 0.744661 0.865741 0.009115 0.028704
0 0.756771 0.947685 0.008333 0.024074
0 0.829036 0.772222 0.012240 0.029630
0 0.589974 0.271065 0.011198 0.024537
0 0.810026 0.383565 0.017448 0.017130
0 0.068880 0.562731 0.016927 0.018056
0 0.692187 0.714120 0.013021 0.023611
0 0.327604 0.230324 0.018750 0.014352
0 0.630599 0.082639 0.012760 0.024537
2 0.566927 0.152778 0.018750 0.025000
0 0.647917 0.171528 0.015104 0.030093
0 0.922917 0.365278 0.020313 0.021296
0 0.104427 0.364583 0.018229 0.016204
0 0.300521 0.211343 0.018750 0.014352
0 0.697005 0.350000 0.016406 0.014815
0 0.692057 0.432407 0.017969 0.016667
0 0.811328 0.065741 0.014323 0.023148
0 0.887370 0.130324 0.018490 0.017130
0 0.901953 0.429167 0.010677 0.025926
0 0.601302 0.530324 0.011979 0.024537
0 0.720703 0.707407 0.012240 0.023148
0 0.738021 0.757176 0.011458 0.025463
0 0.724740 0.763657 0.011458 0.025463
0 0.735156 0.804167 0.009896 0.026852
0 0.756771 0.872222 0.009896 0.025926
0 0.747656 0.938889 0.008333 0.024074
