0 0.128125 0.230556 0.016146 0.016667
0 0.967318 0.479861 0.013802 0.015278
0 0.232422 0.449769 0.013802 0.015278
0 0.598698 0.155787 0.013021 0.029167
0 0.675781 0.766667 0.010937 0.027778
0 0.475911 0.596759 0.014844 0.015741
0 0.645964 0.701620 0.013802 0.028241
0 0.752865 0.145139 0.014063 0.016204
0 0.727995 0.079630 0.011719 0.022222
0 0.686458 0.862963 0.009896 0.023148
0 0.631380 0.710648 0.012760 0.023148
0 0.817969 0.198148 0.012500 0.024074
0 0.693359 0.931481 0.010677 0.029630
0 0.665495 0.147685 0.013802 0.022222
0 0.656250 0.753935 0.010937 0.023611
0 0.773958 0.660880 0.015625 0.019907
2 0.013932 0.421296 0.026302 0.018519
0 0.750000 0.087963 0.011979 0.022222
0 0.687500 0.811111 0.008333 0.026852
0 0.660807 0.808102 0.010156 0.023611
0 0.712500 0.031944 0.008854 0.025000
0 0.535807 0.339815 0.009635 0.026852
0 0.643750 0.028241 0.010937 0.023148
0 0.535156 0.232639 0.014583 0.015278
0 0.166146 0.398843 0.014583 0.016204
0 0.399349 0.401389 0.015365 0.014815
0 0.335677 0.253472 0.011458 0.014352
0 0.426432 0.253241 0.014844 0.016667
0 0.447786 0.255093 0.014844 0.016667
0 0.472526 0.252778 0.014844 0.016667
0 0.490234 0.250000 0.012760 0.016667
2 0.227995 0.244213 0.030990 0.024537
2 0.373437 0.248843 0.033333 0.024537
2 0.515234 0.245139 0.024740 0.021759
0 0.569271 0.261574 0.009375 0.019444
0 0.622135 0.655093 0.014063 0.022222
0 0.672005 0.794213 0.010156 0.023611
0 0.677344 0.827778 0.008333 0.026852
0 0.696875 0.855556 0.008333 0.026852
0 0.728516 0.022685 0.010677 0.026852
0 0.808073 0.229167 0.012500 0.024074
0 0.806120 0.346528 0.014844 0.017130
0 0.839974 0.415046 0.014844 0.017130
0 0.854427 0.280324 0.013021 0.025463
0 0.852865 0.592361 0.015625 0.019907
0 0.783854 0.783333 0.009896 0.021296
0 0.702604 0.947222 0.007812 0.026852
