0 0.675781 0.634722 0.016146 0.025000
0 0.880599 0.554167 0.017448 0.025926
0 0.921615 0.509722 0.015625 0.021296
0 0.538021 0.574306 0.017188 0.017130
0 0.232292 0.232176 0.018229 0.016204
2 0.692578 0.686343 0.021094 0.035648
0 0.754948 0.100231 0.019271 0.015278
0 0.595182 0.601389 0.019531 0.020370
0 0.028125 0.232176 0.018750 0.014352
0 0.800521 0.103009 0.018229 0.017130
0 0.232943 0.566667 0.016927 0.015741
0 0.745964 0.898148 0.009115 0.028704
0 0.619531 0.212037 0.012500 0.026852
0 0.787500 0.645370 0.017188 0.021296
0 0.604297 0.282870 0.010677 0.029630
0 0.756771 0.929398 0.007292 0.023611
0 0.750911 0.830787 0.008073 0.025463
0 0.677214 0.131944 0.016927 0.022222
0 0.563281 0.206481 0.018229 0.020370
0 0.319792 0.229398 0.018750 0.016204
0 0.640625 0.181944 0.014583 0.029630
0 0.727995 0.770370 0.012240 0.025926
0 0.884245 0.196296 0.012760 0.022222
0 0.773307 0.035648 0.011719 0.022222
0 0.640625 0.597454 0.014063 0.022685
0 0.389323 0.379861 0.018750 0.016204
0 0.417448 0.226157 0.016667 0.014352
0 0.495052 0.396065 0.016667 0.014352
0 0.488021 0.224306 0.016667 0.014352
0 0.525000 0.186343 0.016146 0.016204
0 0.560677 0.168287 0.014583 0.019907
0 0.634635 0.564815 0.015625 0.026852
0 0.662109 0.353704 0.015885 0.015741
1 0.905078 0.283333 0.043490 0.033333
0 0.831380 0.763657 0.012240 0.031019
0 0.735547 0.747917 0.011719 0.027315
