0 0.868880 0.553241 0.015365 0.024074
0 0.635677 0.138657 0.013542 0.025463
0 0.226432 0.574537 0.016927 0.015741
0 0.855339 0.785880 0.013281 0.034722
0 0.679688 0.659491 0.014583 0.023611
0 0.720052 0.737037 0.013021 0.026852
0 0.577995 0.208565 0.014323 0.018056
0 0.168750 0.578472 0.016146 0.015278
0 0.678516 0.632407 0.015365 0.023148
0 0.801953 0.670139 0.014844 0.018981
0 0.721745 0.705093 0.011719 0.025000
0 0.754557 0.820602 0.010156 0.027315
0 0.734505 0.786111 0.011719 0.029630
0 0.659505 0.655324 0.015885 0.020833
0 0.758073 0.104861 0.017708 0.017130
0 0.240495 0.221065 0.016406 0.014352
2 0.916406 0.451157 0.018750 0.039352
0 0.842057 0.120370 0.019531 0.018519
0 0.883984 0.506250 0.013281 0.032870
0 0.847656 0.712500 0.011979 0.025000
0 0.749609 0.920602 0.008594 0.024537
0 0.584766 0.299537 0.009635 0.028704
0 0.202344 0.376157 0.016146 0.014352
0 0.623958 0.211806 0.012500 0.024537
0 0.901693 0.128009 0.020052 0.018981
0 0.455599 0.205787 0.015885 0.018981
0 0.725260 0.800463 0.009375 0.025000
0 0.783203 0.055556 0.014844 0.026852
0 0.741276 0.755556 0.010677 0.024074
0 0.183203 0.243287 0.016406 0.014352
0 0.436198 0.566898 0.015625 0.016204
0 0.424479 0.229630 0.016667 0.016667
2 0.474219 0.231944 0.025000 0.019444
0 0.561589 0.216435 0.014323 0.018056
0 0.568750 0.153472 0.016146 0.020833
0 0.607292 0.365046 0.017708 0.015278
0 0.586458 0.391435 0.017708 0.015278
0 0.615365 0.517824 0.013021 0.028241
0 0.745182 0.833565 0.010156 0.027315
0 0.758854 0.871296 0.008854 0.025926
0 0.748177 0.880093 0.008854 0.025926
0 0.760677 0.915046 0.008854 0.031944
0 0.751172 0.957639 0.008594 0.024537
0 0.761589 0.962731 0.008594 0.024537
0 0.768359 0.018981 0.014844 0.026852
0 0.813151 0.059722 0.014844 0.026852
0 0.754687 0.354398 0.017708 0.015278
0 0.800260 0.976389 0.011979 0.025000
