0 0.184245 0.070602 0.010156 0.028241
0 0.373698 0.464120 0.015625 0.018981
0 0.331510 0.513194 0.014583 0.022685
0 0.033464 0.343056 0.013281 0.015741
0 0.390495 0.645833 0.011198 0.027778
0 0.448177 0.910648 0.015625 0.015741
0 0.190495 0.771759 0.008073 0.028704
0 0.170833 0.571759 0.011979 0.032407
0 0.432682 0.955787 0.014844 0.013426
0 0.125391 0.579398 0.008073 0.026389
0 0.212109 0.360880 0.007552 0.024537
0 0.414844 0.802083 0.011979 0.011574
2 0.415365 0.409722 0.021354 0.020370
0 0.345182 0.402778 0.013281 0.027778
0 0.414062 0.783565 0.013542 0.010648
0 0.411458 0.438657 0.012500 0.014352
0 0.418229 0.837963 0.015104 0.012963
0 0.163281 0.223611 0.013021 0.021296
0 0.391146 0.687037 0.009896 0.025926
2 0.484766 0.418056 0.022656 0.019444
0 0.023828 0.680324 0.016406 0.017130
0 0.377604 0.434259 0.016146 0.018519
0 0.063542 0.331019 0.016667 0.017593
0 0.444401 0.424074 0.012240 0.012037
0 0.366276 0.979398 0.007031 0.028241
0 0.465234 0.397917 0.014844 0.014352
0 0.239323 0.884954 0.006771 0.027315
0 0.367057 0.949537 0.007031 0.025000
0 0.387370 0.834491 0.007552 0.024537
0 0.796224 0.426157 0.015885 0.015278
0 0.443099 0.397917 0.015365 0.015278
0 0.462370 0.420602 0.014323 0.012500
0 0.363802 0.504398 0.013021 0.021759
0 0.686849 0.040046 0.015365 0.013426
0 0.277083 0.662269 0.009896 0.026389
0 0.388932 0.760880 0.006510 0.021759
0 0.302344 0.595602 0.010417 0.028241
0 0.437370 0.974769 0.016406 0.014352
0 0.608724 0.425000 0.016406 0.013889
0 0.291406 0.160417 0.010417 0.029167
0 0.132943 0.263426 0.015365 0.024074
0 0.128776 0.235185 0.014844 0.023148
0 0.571354 0.274306 0.011979 0.019907
0 0.391146 0.721065 0.009896 0.024537
0 0.416146 0.854398 0.013542 0.012500
2 0.519271 0.420370 0.020833 0.019444
0 0.415365 0.868287 0.012500 0.011574
0 0.340234 0.228704 0.015885 0.023148
0 0.412760 0.881481 0.016146 0.015741
0 0.386719 0.863889 0.007292 0.019444
0 0.121224 0.475926 0.013281 0.018519
0 0.897005 0.451157 0.019531 0.018981
0 0.025781 0.662731 0.014063 0.011574
0 0.027083 0.647917 0.014063 0.011574
0 0.102474 0.298843 0.013281 0.018056
0 0.279948 0.038426 0.006771 0.025926
0 0.315365 0.238889 0.012500 0.024074
0 0.336849 0.300926 0.012240 0.031481
0 0.259115 0.414815 0.007812 0.030556
0 0.248177 0.438657 0.007812 0.026389
0 0.272786 0.771991 0.009115 0.026389
0 0.241797 0.772685 0.004948 0.025926
0 0.387370 0.938889 0.007031 0.025000
0 0.417187 0.820833 0.015104 0.012963
0 0.395313 0.421991 0.014063 0.015278
0 0.426042 0.430324 0.012500 0.014352
0 0.479818 0.398380 0.014323 0.012500
0 0.951302 0.147222 0.008333 0.026852
0 0.856641 0.156713 0.008594 0.022685
0 0.941146 0.145602 0.010417 0.020833
0 0.717969 0.172454 0.010417 0.020833
0 0.730729 0.172454 0.010417 0.020833
0 0.750000 0.038657 0.011979 0.013426
0 0.735677 0.039583 0.011979 0.013426
0 0.684505 0.128472 0.013281 0.010648
