0 0.895703 0.474306 0.011198 0.029167
0 0.654167 0.647917 0.013542 0.027315
0 0.696615 0.768981 0.014063 0.032407
0 0.203646 0.565741 0.021354 0.018519
0 0.217839 0.586574 0.022656 0.017593
0 0.715495 0.821759 0.011198 0.033333
0 0.281380 0.588194 0.020052 0.017130
2 0.142187 0.552778 0.031771 0.027778
0 0.472396 0.587963 0.014063 0.017593
0 0.724870 0.886343 0.010677 0.030093
0 0.473438 0.465046 0.021875 0.017130
0 0.201563 0.385648 0.015625 0.014815
0 0.652344 0.360648 0.022396 0.017593
0 0.800521 0.047222 0.020313 0.037037
0 0.577344 0.231019 0.015104 0.031481
0 0.058854 0.356019 0.015625 0.014815
0 0.369531 0.218519 0.019271 0.012037
0 0.378516 0.190741 0.016406 0.012037
0 0.471224 0.186111 0.016406 0.012037
0 0.520312 0.376620 0.021875 0.017130
0 0.571875 0.390046 0.021875 0.017130
0 0.636849 0.386111 0.017969 0.017593
0 0.577604 0.307870 0.015104 0.031481
0 0.549219 0.156481 0.017708 0.025000
0 0.607031 0.576157 0.015104 0.031019
0 0.775000 0.042361 0.015104 0.031019
0 0.693359 0.100694 0.017448 0.022685
0 0.793880 0.113194 0.017448 0.022685
0 0.867448 0.204167 0.016146 0.032407
0 0.892448 0.218981 0.014583 0.028704
2 0.898568 0.547454 0.015885 0.039352
0 0.730078 0.943750 0.010677 0.030093
