0 0.558333 0.247917 0.012500 0.011574
0 0.635547 0.203935 0.015365 0.019907
0 0.744922 0.012500 0.008594 0.024074
0 0.625000 0.708565 0.011979 0.020833
0 0.991536 0.346991 0.016927 0.017130
0 0.530469 0.259259 0.017188 0.013889
0 0.052214 0.240509 0.016927 0.012500
0 0.098958 0.453009 0.012500 0.013426
0 0.719271 0.159491 0.015625 0.012500
0 0.586328 0.291204 0.011198 0.021296
0 0.852865 0.202083 0.014583 0.012500
0 0.682292 0.791204 0.010937 0.023148
1 0.424740 0.615278 0.038542 0.019444
0 0.963932 0.216898 0.015885 0.011574
0 0.697005 0.931481 0.007552 0.025000
0 0.709115 0.932870 0.007812 0.025000
0 0.563281 0.579398 0.009896 0.026389
0 0.590755 0.615046 0.012760 0.024537
0 0.687500 0.860880 0.009896 0.023611
