0 0.614193 0.171528 0.013802 0.020833
0 0.703385 0.747454 0.008854 0.018981
0 0.642057 0.153241 0.014323 0.021296
0 0.704557 0.676389 0.014323 0.017593
0 0.676693 0.632639 0.014323 0.018056
0 0.688411 0.708102 0.011719 0.020833
0 0.755990 0.099537 0.019792 0.023148
0 0.738021 0.819213 0.009896 0.028241
0 0.660937 0.634028 0.015104 0.020833
0 0.931641 0.498148 0.014844 0.020370
0 0.730208 0.784028 0.010937 0.019907
0 0.206901 0.370602 0.016406 0.019907
0 0.402344 0.204630 0.025000 0.016667
0 0.699609 0.702083 0.017969 0.024537
1 0.220052 0.568519 0.042708 0.026852
0 0.482031 0.565278 0.018229 0.015741
0 0.782552 0.052315 0.011458 0.025926
0 0.532292 0.373611 0.025000 0.016667
0 0.411849 0.399769 0.023177 0.018981
0 0.664193 0.353241 0.022656 0.015741
0 0.645052 0.645139 0.012500 0.019907
0 0.470313 0.224537 0.025000 0.016667
0 0.503906 0.221759 0.025000 0.016667
0 0.529948 0.215741 0.025000 0.016667
0 0.561719 0.205093 0.025000 0.016667
0 0.588411 0.125000 0.014323 0.021296
0 0.800781 0.053241 0.011458 0.025926
0 0.780729 0.007407 0.018750 0.013889
0 0.861979 0.120139 0.018229 0.018981
0 0.876953 0.227315 0.011719 0.022222
0 0.897526 0.227778 0.011198 0.025000
0 0.906380 0.280787 0.019531 0.018056
0 0.946745 0.285417 0.015885 0.015278
0 0.581120 0.583102 0.014844 0.018981
0 0.713672 0.737963 0.015885 0.034259
0 0.714714 0.778704 0.010156 0.023148
0 0.750911 0.823843 0.010156 0.027315
0 0.755339 0.872454 0.010677 0.026389
0 0.745573 0.927083 0.010937 0.030093
0 0.756380 0.948611 0.008594 0.026852
0 0.756120 0.987963 0.010156 0.023148
0 0.807552 0.887037 0.007812 0.025000
0 0.793750 0.982870 0.009375 0.025000
1 0.736849 0.755787 0.023698 0.068056
