0 0.844922 0.584954 0.013802 0.018981
0 0.812500 0.120370 0.016146 0.020370
0 0.609896 0.197454 0.011458 0.025463
0 0.663802 0.137269 0.014063 0.020833
0 0.656901 0.597917 0.013281 0.018981
0 0.236589 0.572917 0.020573 0.017130
0 0.196745 0.568981 0.019531 0.015741
0 0.604688 0.117593 0.015625 0.021296
0 0.734766 0.740509 0.013802 0.027315
0 0.315625 0.565278 0.016146 0.017593
0 0.771094 0.031713 0.012500 0.024537
0 0.429167 0.566204 0.014063 0.015741
0 0.727995 0.765741 0.010156 0.020370
0 0.706771 0.703472 0.012500 0.020833
0 0.738672 0.648148 0.013802 0.014815
0 0.743490 0.771759 0.009375 0.023148
0 0.717448 0.734722 0.012500 0.022222
0 0.694271 0.109954 0.015104 0.017130
0 0.916667 0.521991 0.012500 0.018056
0 0.737891 0.809491 0.009115 0.022685
0 0.113672 0.562269 0.016406 0.018981
0 0.751042 0.808796 0.012500 0.024074
0 0.746094 0.876157 0.010417 0.023611
0 0.336719 0.211111 0.018750 0.013889
2 0.557813 0.211806 0.030729 0.018981
0 0.736849 0.332639 0.017448 0.013426
2 0.281771 0.393519 0.024479 0.018519
0 0.459375 0.226620 0.016146 0.018981
0 0.493099 0.226620 0.013802 0.018981
0 0.527995 0.221759 0.017448 0.017593
0 0.624219 0.208796 0.011979 0.022222
0 0.617969 0.523380 0.013021 0.025463
0 0.723698 0.706019 0.012500 0.024074
0 0.758073 0.894444 0.008854 0.032407
0 0.749349 0.915972 0.007552 0.025463
0 0.757943 0.943519 0.008073 0.030556
0 0.748698 0.954167 0.009896 0.029630
0 0.748698 0.987963 0.008854 0.024074
0 0.826693 0.881944 0.008594 0.026852
0 0.849349 0.319676 0.013802 0.014352
0 0.963672 0.131019 0.016927 0.018519
