0 0.550781 0.254630 0.018229 0.016667
0 0.686068 0.165278 0.023698 0.024074
0 0.008594 0.566435 0.012500 0.018056
0 0.310156 0.255324 0.022917 0.019907
0 0.806771 0.776852 0.017708 0.037037
0 0.921354 0.437037 0.020833 0.016667
0 0.617969 0.666204 0.015104 0.025926
0 0.044010 0.350463 0.019792 0.017593
0 0.278385 0.419444 0.019792 0.017593
0 0.857292 0.384722 0.020833 0.016667
0 0.554948 0.437500 0.020833 0.016667
0 0.940365 0.342593 0.020833 0.016667
0 0.571745 0.326620 0.013802 0.033796
0 0.809766 0.863889 0.013281 0.029630
0 0.692708 0.808333 0.015104 0.025926
0 0.676042 0.807407 0.015104 0.025926
0 0.694401 0.883796 0.011719 0.026852
0 0.709245 0.918981 0.012240 0.026852
0 0.712109 0.979630 0.012240 0.026852
