0 0.905859 0.529630 0.016927 0.030556
0 0.612240 0.199769 0.013542 0.031944
0 0.185156 0.554167 0.017188 0.019444
0 0.268880 0.572917 0.018490 0.018056
0 0.047656 0.255093 0.019271 0.016667
0 0.740625 0.808796 0.011458 0.025000
0 0.726042 0.711111 0.012500 0.024074
0 0.688672 0.123611 0.018490 0.023148
0 0.797917 0.115278 0.017708 0.020370
0 0.850000 0.584954 0.015625 0.023611
0 0.739844 0.650926 0.017708 0.020370
0 0.701562 0.691204 0.014063 0.025926
0 0.942708 0.489815 0.015104 0.023148
0 0.722266 0.743981 0.012760 0.025000
0 0.019401 0.245833 0.015885 0.016667
0 0.962370 0.472685 0.017448 0.025000
2 0.717318 0.768750 0.019010 0.036574
0 0.739062 0.757407 0.013542 0.026852
0 0.888932 0.125231 0.021615 0.022685
0 0.697266 0.716204 0.015885 0.026852
0 0.091536 0.248611 0.023177 0.019444
0 0.320833 0.388889 0.020313 0.018519
0 0.978255 0.258565 0.017969 0.019907
0 0.865755 0.314815 0.017448 0.018519
0 0.796745 0.342361 0.019531 0.020833
0 0.671484 0.435648 0.021615 0.017593
0 0.787500 0.064120 0.015625 0.028241
0 0.801693 0.047685 0.016927 0.026852
0 0.790234 0.020602 0.017969 0.028241
2 0.596224 0.507870 0.016927 0.037037
0 0.617708 0.521759 0.013542 0.027778
0 0.641276 0.577315 0.017969 0.025000
0 0.874219 0.603241 0.014583 0.032407
0 0.859635 0.673843 0.015625 0.032870
0 0.761198 0.974769 0.009896 0.031944
0 0.752214 0.984028 0.009115 0.028241
0 0.762109 0.927083 0.009635 0.028241
0 0.750130 0.929861 0.010156 0.031019
0 0.758073 0.878472 0.010417 0.033796
0 0.746875 0.856481 0.010417 0.024074
2 0.754557 0.822222 0.015885 0.044444
