0 0.598958 0.153935 0.012500 0.024537
0 0.664323 0.779630 0.011458 0.024074
0 0.735026 0.054630 0.010156 0.022222
2 0.285026 0.478704 0.022135 0.018519
0 0.637760 0.050231 0.009375 0.025463
0 0.139844 0.581250 0.015104 0.016204
0 0.743880 0.674769 0.014323 0.017130
0 0.731901 0.096528 0.010677 0.023611
0 0.617708 0.104861 0.011458 0.022685
0 0.641797 0.675231 0.013802 0.013426
0 0.783203 0.146991 0.016406 0.026389
0 0.872526 0.565509 0.015885 0.019907
0 0.644922 0.445139 0.021094 0.013426
0 0.560026 0.582870 0.010677 0.025926
0 0.649219 0.744444 0.009896 0.023148
0 0.533854 0.233796 0.015104 0.016667
0 0.683854 0.865509 0.007812 0.022685
0 0.758854 0.150694 0.011979 0.018981
0 0.111849 0.366204 0.017969 0.017593
0 0.252474 0.251852 0.012760 0.015741
0 0.709505 0.022454 0.010677 0.025463
0 0.605208 0.072454 0.010417 0.020833
0 0.683203 0.796528 0.010156 0.029167
2 0.297266 0.246296 0.032031 0.022222
2 0.106641 0.241667 0.032031 0.022222
0 0.456901 0.403935 0.017969 0.017130
0 0.425651 0.253472 0.015365 0.017130
0 0.446224 0.254398 0.015365 0.015278
0 0.468099 0.254398 0.015365 0.015278
0 0.487240 0.250000 0.012500 0.015741
2 0.513151 0.245370 0.024219 0.021296
0 0.550391 0.331944 0.010677 0.025000
0 0.585547 0.603241 0.012760 0.024074
0 0.569922 0.224074 0.010677 0.025000
0 0.600260 0.204861 0.011458 0.021759
0 0.754036 0.095139 0.012240 0.023611
0 0.831641 0.173148 0.016927 0.017593
0 0.867188 0.185880 0.014063 0.013426
0 0.850911 0.546065 0.011719 0.024537
0 0.670964 0.760880 0.011198 0.026389
0 0.677604 0.824074 0.008333 0.025926
0 0.695573 0.863657 0.007812 0.022685
0 0.682031 0.948380 0.007812 0.022685
0 0.691146 0.917361 0.007812 0.022685
0 0.693359 0.972917 0.008073 0.028241
0 0.702474 0.955787 0.008073 0.028241
0 0.750911 0.965046 0.010156 0.026389
