0 0.265365 0.574769 0.015625 0.012500
0 0.846615 0.393519 0.018229 0.015741
0 0.659375 0.719213 0.012500 0.023611
1 0.100781 0.570833 0.043750 0.025926
0 0.638281 0.720602 0.012500 0.022685
0 0.599349 0.626620 0.013802 0.019907
0 0.595182 0.161574 0.013281 0.025000
0 0.864453 0.191667 0.015365 0.012037
0 0.678385 0.823843 0.009375 0.024537
0 0.662630 0.769444 0.010677 0.022222
0 0.419922 0.251389 0.014844 0.013889
0 0.684896 0.795139 0.011458 0.024537
0 0.445964 0.590046 0.016406 0.015278
0 0.751693 0.163426 0.013802 0.017593
0 0.321224 0.246296 0.017448 0.015741
0 0.844141 0.610880 0.012760 0.020833
0 0.570443 0.560880 0.010677 0.021759
0 0.706380 0.141898 0.015885 0.016204
1 0.097656 0.361111 0.043750 0.025926
0 0.262370 0.395833 0.013281 0.013889
2 0.277474 0.225694 0.023177 0.018056
0 0.374609 0.227315 0.017448 0.015741
0 0.451172 0.250463 0.014844 0.013889
0 0.485547 0.205093 0.014844 0.013889
0 0.524870 0.235185 0.014844 0.013889
2 0.489844 0.249769 0.025000 0.022685
0 0.528646 0.188889 0.015104 0.016667
0 0.574089 0.250000 0.010677 0.026852
0 0.571484 0.137269 0.012760 0.022685
0 0.597266 0.084028 0.012760 0.022685
0 0.642969 0.037500 0.011979 0.029630
0 0.733073 0.093981 0.010417 0.023148
0 0.754948 0.093519 0.010417 0.023148
0 0.742839 0.062500 0.010156 0.019444
0 0.721094 0.058565 0.011458 0.026389
0 0.713672 0.031250 0.010156 0.025463
0 0.727083 0.021528 0.011979 0.030093
0 0.880599 0.320139 0.017448 0.016204
0 0.923828 0.177315 0.015365 0.012037
0 0.937370 0.320139 0.017448 0.016204
0 0.719141 0.449537 0.015365 0.014815
0 0.805339 0.728472 0.013281 0.029167
0 0.776693 0.826389 0.010677 0.025926
0 0.757422 0.916667 0.010677 0.025926
0 0.769661 0.966204 0.009635 0.025926
0 0.695833 0.862731 0.009375 0.024537
0 0.689323 0.884028 0.009375 0.024537
0 0.703906 0.938194 0.009375 0.024537
0 0.692187 0.955324 0.009375 0.024537
0 0.701302 0.980556 0.007812 0.018519
2 0.608724 0.671296 0.032031 0.054630
