0 0.686719 0.677315 0.013542 0.022222
0 0.654948 0.138426 0.016667 0.024074
0 0.711849 0.728241 0.011719 0.022222
0 0.695052 0.657870 0.015625 0.022222
0 0.632161 0.081944 0.015365 0.024074
0 0.087891 0.428241 0.016927 0.015741
0 0.691536 0.123380 0.015885 0.020833
0 0.217188 0.221065 0.019271 0.015278
0 0.778125 0.109028 0.017708 0.018056
0 0.045312 0.558796 0.015104 0.016667
0 0.740234 0.831944 0.009115 0.024074
0 0.724870 0.767361 0.010677 0.023611
0 0.174479 0.220370 0.017188 0.014815
0 0.650130 0.601157 0.016406 0.025463
0 0.744010 0.791204 0.009375 0.026852
0 0.733203 0.747222 0.013281 0.027778
0 0.396484 0.464815 0.017969 0.016667
0 0.899609 0.467824 0.012240 0.032870
0 0.569661 0.213657 0.016927 0.018981
0 0.745313 0.875231 0.007812 0.025463
0 0.974740 0.341898 0.022396 0.019907
0 0.606771 0.262963 0.010937 0.026852
0 0.065104 0.228704 0.017188 0.014815
0 0.324609 0.402315 0.016927 0.015741
0 0.398698 0.228472 0.016146 0.014352
0 0.481641 0.443750 0.020052 0.017130
0 0.556641 0.388194 0.016927 0.017130
0 0.519661 0.232639 0.018490 0.018056
0 0.609635 0.217361 0.014063 0.030093
0 0.702995 0.368750 0.016927 0.017130
0 0.833464 0.329861 0.016927 0.017130
0 0.752734 0.399769 0.016927 0.017130
0 0.877734 0.583565 0.013281 0.025463
0 0.752474 0.841204 0.009115 0.024074
0 0.756250 0.912500 0.008333 0.027778
0 0.746875 0.946296 0.008333 0.027778
0 0.758073 0.965278 0.008333 0.027778
0 0.857161 0.751620 0.012240 0.025463
