0 0.510417 0.570370 0.015625 0.015741
0 0.815885 0.112963 0.015104 0.016667
0 0.624219 0.209722 0.009896 0.020370
0 0.745443 0.788657 0.007552 0.015278
0 0.710547 0.691898 0.011198 0.018056
0 0.572135 0.147454 0.011979 0.019907
0 0.591797 0.600000 0.016927 0.020370
0 0.150651 0.386806 0.019531 0.015278
0 0.729297 0.786574 0.011198 0.017593
0 0.630990 0.140046 0.015625 0.025463
0 0.607031 0.253704 0.011979 0.025000
0 0.711198 0.731944 0.009896 0.020370
0 0.088021 0.565741 0.013542 0.014815
0 0.633333 0.606250 0.013542 0.019907
0 0.100000 0.353241 0.020313 0.018519
0 0.745182 0.874306 0.008594 0.031019
0 0.827995 0.788889 0.009635 0.024074
0 0.572396 0.203241 0.016667 0.015741
0 0.666276 0.625000 0.020573 0.032407
0 0.013542 0.238657 0.014583 0.019907
0 0.209635 0.389583 0.015625 0.013426
0 0.188151 0.370602 0.014844 0.017130
1 0.890365 0.528704 0.019271 0.073148
0 0.823828 0.331944 0.019010 0.015741
0 0.594141 0.240972 0.012240 0.025463
0 0.054948 0.231481 0.021875 0.017593
0 0.057682 0.366667 0.016406 0.012963
0 0.038802 0.418056 0.014583 0.012037
0 0.258984 0.397917 0.013281 0.015278
0 0.380729 0.404630 0.014063 0.012963
0 0.374740 0.569444 0.017188 0.013889
0 0.608984 0.512963 0.011198 0.024074
0 0.687891 0.371065 0.013802 0.013426
0 0.871615 0.308565 0.017188 0.014352
0 0.879948 0.232870 0.016667 0.038889
2 0.757682 0.899074 0.011719 0.039815
0 0.747396 0.964583 0.007292 0.029167
0 0.798698 0.950463 0.008333 0.023148
0 0.829948 0.889120 0.007812 0.015278
0 0.866536 0.122685 0.013281 0.014815
0 0.004557 0.351157 0.007552 0.012500
