0 0.867969 0.614120 0.011979 0.024537
0 0.731120 0.791898 0.010677 0.023611
0 0.706641 0.724074 0.014844 0.023148
0 0.609766 0.553935 0.013281 0.030093
0 0.915104 0.531250 0.016146 0.020833
0 0.034245 0.350231 0.016927 0.015278
0 0.105078 0.237269 0.016927 0.015278
0 0.110417 0.429861 0.018750 0.014352
1 0.771224 0.019676 0.021094 0.038426
2 0.806641 0.057407 0.023177 0.045370
0 0.144661 0.568981 0.018490 0.013889
0 0.585547 0.328009 0.013281 0.024537
0 0.769401 0.105093 0.013802 0.017593
0 0.847266 0.146759 0.013802 0.017593
0 0.937630 0.493750 0.016927 0.018981
0 0.635286 0.618519 0.016927 0.023148
1 0.644531 0.589120 0.038542 0.052315
0 0.782422 0.065972 0.013281 0.019907
0 0.809245 0.855324 0.008594 0.020833
0 0.740234 0.847685 0.010156 0.026852
0 0.675521 0.373380 0.014583 0.018981
0 0.618750 0.225694 0.014583 0.018056
0 0.155469 0.359028 0.017708 0.014352
0 0.684635 0.012269 0.010417 0.022685
0 0.789062 0.018519 0.010937 0.025000
0 0.721094 0.366435 0.014583 0.018981
0 0.776823 0.331713 0.014583 0.018981
0 0.912109 0.142593 0.013802 0.017593
0 0.987891 0.267130 0.013802 0.017593
0 0.828646 0.794213 0.011979 0.024537
0 0.722266 0.716667 0.014844 0.023148
0 0.743359 0.789120 0.010677 0.023611
0 0.753516 0.861111 0.010156 0.026852
0 0.743880 0.917593 0.010156 0.026852
0 0.756641 0.925000 0.010156 0.026852
0 0.744401 0.974537 0.010156 0.026852
0 0.756510 0.988194 0.007812 0.023611
