0 0.263802 0.598843 0.019792 0.014352
0 0.627474 0.733102 0.016927 0.025463
0 0.324609 0.603009 0.016927 0.013426
0 0.129297 0.404861 0.019010 0.017130
0 0.230469 0.463889 0.016146 0.016667
0 0.159115 0.467593 0.020833 0.015741
0 0.981380 0.566667 0.016927 0.018519
0 0.932031 0.560880 0.019271 0.019907
0 0.892057 0.655324 0.019531 0.024537
0 0.186068 0.416435 0.019010 0.017130
0 0.355599 0.439583 0.019010 0.017130
0 0.398307 0.425231 0.019010 0.017130
0 0.470182 0.435417 0.019010 0.017130
0 0.879297 0.369676 0.019010 0.017130
0 0.583854 0.602546 0.015104 0.035648
0 0.661979 0.784491 0.015104 0.030093
0 0.698568 0.858565 0.013802 0.033796
0 0.704688 0.919676 0.010937 0.032870
0 0.709635 0.986111 0.011458 0.027778
