0 0.716797 0.737037 0.017448 0.012037
0 0.550521 0.201620 0.015625 0.022685
2 0.354557 0.614583 0.030469 0.023611
2 0.710807 0.174074 0.027865 0.015741
0 0.571615 0.323380 0.012500 0.028241
0 0.705599 0.917593 0.009115 0.028704
0 0.315885 0.503241 0.020833 0.018519
0 0.670833 0.182639 0.019271 0.025463
0 0.697135 0.862731 0.009375 0.018981
0 0.647656 0.045139 0.014063 0.029167
0 0.635677 0.139120 0.014063 0.029167
0 0.612240 0.186343 0.014063 0.029167
0 0.586458 0.173843 0.014063 0.029167
0 0.871615 0.218981 0.019792 0.020370
0 0.794531 0.397222 0.019792 0.020370
0 0.573568 0.577546 0.012760 0.033796
0 0.706380 0.980556 0.009115 0.028704
0 0.695964 0.975926 0.009115 0.028704
