0 0.731641 0.125463 0.020052 0.015741
0 0.654557 0.674769 0.013802 0.026389
0 0.566797 0.214815 0.016927 0.016667
0 0.631120 0.667130 0.014323 0.022222
0 0.829427 0.202778 0.014583 0.024074
0 0.602214 0.575463 0.012760 0.028704
0 0.684635 0.767361 0.014583 0.028241
0 0.032422 0.304630 0.021094 0.016667
0 0.576823 0.150694 0.015104 0.019907
0 0.995443 0.182639 0.007552 0.014352
0 0.119271 0.353241 0.018750 0.015741
0 0.187500 0.532407 0.018750 0.015741
0 0.295312 0.368056 0.018750 0.015741
0 0.552083 0.382407 0.018750 0.015741
0 0.604167 0.235648 0.014063 0.026852
0 0.581250 0.319907 0.014063 0.026852
0 0.745573 0.365741 0.018750 0.015741
0 0.764583 0.381481 0.018750 0.015741
0 0.661849 0.147685 0.017969 0.021296
0 0.782943 0.147454 0.017448 0.023611
0 0.764453 0.080556 0.012760 0.032407
0 0.708724 0.941898 0.008594 0.029167
0 0.768229 0.936574 0.008854 0.025926
2 0.712760 0.828472 0.017708 0.056944
