0 0.659375 0.726389 0.012500 0.021296
0 0.575130 0.625926 0.015365 0.026852
0 0.689844 0.915046 0.008333 0.022685
0 0.628125 0.686574 0.013542 0.015741
0 0.104818 0.376852 0.016927 0.017593
0 0.427604 0.598380 0.014583 0.010648
0 0.659375 0.767361 0.012500 0.024537
0 0.573568 0.212269 0.015885 0.018981
0 0.913151 0.187963 0.015885 0.013889
0 0.492578 0.425463 0.014844 0.015741
0 0.573828 0.581944 0.010677 0.017593
0 0.982682 0.368750 0.017969 0.019907
0 0.638281 0.722685 0.011458 0.020370
0 0.046354 0.251157 0.016667 0.017130
0 0.636198 0.745833 0.011458 0.022222
0 0.687760 0.879167 0.011458 0.028704
0 0.475781 0.254861 0.015104 0.015278
0 0.680729 0.832176 0.007292 0.024537
0 0.635938 0.165741 0.014063 0.018519
2 0.963932 0.181944 0.020052 0.017593
0 0.985807 0.290741 0.017969 0.016667
0 0.836328 0.578472 0.012240 0.028241
0 0.677995 0.774769 0.009115 0.018981
0 0.688281 0.811343 0.010417 0.024537
0 0.788151 0.778935 0.009115 0.022685
0 0.699479 0.881250 0.008333 0.022685
0 0.702865 0.935417 0.008333 0.022685
0 0.692708 0.948380 0.008333 0.022685
0 0.702865 0.988657 0.008333 0.022685
0 0.366016 0.596065 0.010156 0.010648
0 0.519271 0.240509 0.015104 0.015278
0 0.683203 0.145139 0.016927 0.016204
0 0.640365 0.041204 0.010937 0.022222
0 0.728385 0.091204 0.010937 0.022222
0 0.215755 0.394907 0.019010 0.013889
0 0.777734 0.162269 0.015885 0.015278
