0 0.755859 0.096065 0.018490 0.018056
0 0.986849 0.149537 0.017448 0.015741
0 0.651823 0.664815 0.018229 0.026852
0 0.699089 0.738426 0.014844 0.026852
0 0.665104 0.721528 0.016146 0.028241
0 0.829688 0.119676 0.021354 0.020833
0 0.616016 0.133565 0.014323 0.025463
0 0.945182 0.352083 0.017448 0.016204
0 0.509505 0.214120 0.015365 0.016204
0 0.531250 0.209491 0.019271 0.018056
0 0.663411 0.129861 0.015365 0.022685
0 0.724349 0.832176 0.011719 0.027315
0 0.607682 0.580324 0.013281 0.020833
0 0.868750 0.721528 0.015104 0.030093
0 0.837500 0.321991 0.019792 0.018056
0 0.191927 0.382870 0.016667 0.016667
0 0.487109 0.215046 0.015365 0.016204
0 0.588932 0.206713 0.014323 0.025463
0 0.623047 0.182176 0.014323 0.025463
0 0.665234 0.016435 0.013281 0.029167
0 0.558724 0.199306 0.021615 0.023611
0 0.575651 0.298148 0.011198 0.029630
0 0.881641 0.399306 0.017448 0.016204
0 0.942318 0.590046 0.017448 0.028241
0 0.830469 0.860880 0.015104 0.030093
0 0.797656 0.942361 0.015104 0.030093
0 0.803385 0.971065 0.015104 0.030093
0 0.698828 0.784028 0.013281 0.031019
0 0.712370 0.845602 0.011719 0.027315
0 0.735026 0.895139 0.011719 0.027315
1 0.724740 0.934259 0.014583 0.049074
