0 0.872135 0.131481 0.018750 0.020370
0 0.901563 0.546991 0.014583 0.024537
0 0.672135 0.650231 0.014583 0.019907
0 0.320443 0.570370 0.017969 0.016667
0 0.652604 0.096065 0.013542 0.023611
0 0.765755 0.106944 0.016406 0.015741
0 0.698568 0.658333 0.015885 0.023148
0 0.634115 0.191898 0.013542 0.028241
0 0.602083 0.230324 0.012500 0.029167
0 0.730469 0.733102 0.014063 0.026389
0 0.699740 0.117824 0.016146 0.021759
0 0.745964 0.855324 0.009115 0.024537
0 0.578125 0.214120 0.018229 0.020833
0 0.026693 0.553704 0.017969 0.017593
0 0.745052 0.782639 0.011979 0.026389
2 0.169922 0.218519 0.024219 0.016667
0 0.936328 0.564120 0.015885 0.025463
0 0.631380 0.560417 0.013802 0.023611
0 0.454948 0.568519 0.018229 0.019444
0 0.113021 0.347222 0.017708 0.015741
0 0.702214 0.705556 0.014844 0.026852
0 0.279297 0.212269 0.016406 0.016204
0 0.747656 0.909954 0.008333 0.026389
0 0.736849 0.804167 0.012760 0.028704
0 0.588932 0.291667 0.011198 0.027778
0 0.389323 0.207870 0.016667 0.017593
0 0.783073 0.049769 0.016146 0.028241
0 0.554557 0.216204 0.016927 0.017593
0 0.802344 0.054398 0.014063 0.028241
0 0.790104 0.020139 0.014063 0.028241
0 0.482552 0.376389 0.016667 0.017593
0 0.508594 0.392593 0.016667 0.017593
0 0.652734 0.602778 0.015365 0.024074
0 0.728125 0.761806 0.011458 0.026389
0 0.751693 0.826620 0.009115 0.024537
0 0.758594 0.918287 0.008333 0.026389
0 0.748437 0.977083 0.008333 0.026389
