0 0.717448 0.696296 0.012500 0.023148
0 0.733073 0.773611 0.011979 0.022222
0 0.676823 0.125000 0.015104 0.023148
0 0.862370 0.576620 0.014323 0.027315
0 0.594531 0.196759 0.018229 0.018519
0 0.672396 0.618519 0.013542 0.020370
0 0.446615 0.564583 0.015625 0.018981
0 0.202083 0.571065 0.016667 0.017130
2 0.779297 0.099537 0.023698 0.025000
0 0.327344 0.230093 0.017708 0.018519
0 0.478516 0.562037 0.015365 0.016667
0 0.744531 0.840509 0.009896 0.023611
0 0.755339 0.853009 0.010677 0.028241
0 0.614974 0.611111 0.013802 0.020370
0 0.234766 0.233102 0.016406 0.018056
0 0.857292 0.764352 0.010937 0.024074
0 0.092969 0.362037 0.016146 0.012963
0 0.732422 0.845602 0.010156 0.029167
0 0.750781 0.804398 0.012500 0.031019
0 0.633464 0.181250 0.012760 0.022685
0 0.828255 0.766204 0.010156 0.024074
0 0.608854 0.560185 0.013542 0.020370
0 0.702214 0.695833 0.011719 0.020370
0 0.387240 0.223380 0.019271 0.018981
0 0.506250 0.222454 0.020313 0.020833
0 0.552865 0.211806 0.018750 0.016204
0 0.622266 0.530324 0.015885 0.031019
0 0.720964 0.337269 0.018490 0.016204
0 0.868099 0.311111 0.019531 0.018519
0 0.892057 0.453935 0.012760 0.032870
0 0.780208 0.052083 0.017188 0.023611
0 0.800130 0.044676 0.015885 0.029167
0 0.671875 0.642361 0.014063 0.022685
0 0.829948 0.876852 0.010417 0.030556
0 0.746745 0.874306 0.010677 0.025463
0 0.758073 0.890046 0.011979 0.029167
0 0.747786 0.905556 0.011198 0.025000
0 0.759245 0.931713 0.009635 0.032870
0 0.748958 0.935185 0.009896 0.029630
0 0.758854 0.967593 0.009375 0.027778
0 0.748698 0.972222 0.008333 0.026852
0 0.963281 0.272222 0.017188 0.016667
0 0.940234 0.129398 0.016927 0.018056
