0 0.772396 0.145370 0.015625 0.027778
0 0.697135 0.890278 0.009375 0.021296
0 0.654297 0.768750 0.011198 0.019907
0 0.820573 0.635648 0.013542 0.030556
0 0.936198 0.185417 0.018750 0.015278
0 0.604036 0.674537 0.014323 0.021296
0 0.686849 0.928704 0.011198 0.026852
0 0.677865 0.836806 0.011979 0.023611
0 0.397266 0.398611 0.013281 0.021296
0 0.623177 0.171759 0.013021 0.022222
0 0.708984 0.022454 0.014323 0.025463
0 0.724609 0.079167 0.015365 0.029630
0 0.560807 0.245370 0.011719 0.022222
0 0.674219 0.781944 0.011458 0.022222
0 0.646094 0.160185 0.016667 0.022222
1 0.556771 0.588426 0.029687 0.072222
0 0.217708 0.382176 0.017708 0.021759
0 0.061458 0.522917 0.018229 0.013426
0 0.552344 0.312500 0.009896 0.021296
0 0.355339 0.225231 0.017448 0.023611
0 0.382552 0.249074 0.016146 0.020370
0 0.412500 0.249074 0.016146 0.020370
0 0.445833 0.251389 0.016146 0.020370
0 0.492969 0.243981 0.016146 0.020370
2 0.524870 0.235185 0.030990 0.029630
0 0.569010 0.572685 0.012500 0.030556
2 0.685417 0.143750 0.032813 0.026389
0 0.723828 0.017361 0.014323 0.025463
0 0.733464 0.056019 0.014323 0.025926
0 0.822266 0.222222 0.015365 0.021296
0 0.791536 0.203241 0.015365 0.021296
0 0.753776 0.362500 0.015365 0.021296
0 0.889974 0.320833 0.015365 0.021296
0 0.943099 0.299537 0.015365 0.021296
0 0.623307 0.672685 0.014323 0.021296
0 0.779167 0.892593 0.009375 0.021296
0 0.696354 0.948148 0.009375 0.021296
0 0.687500 0.981944 0.009375 0.021296
