0 0.852214 0.667593 0.011198 0.025000
0 0.625130 0.162037 0.014323 0.022222
0 0.613151 0.617130 0.015885 0.021296
0 0.947396 0.482639 0.015104 0.018981
0 0.617578 0.528009 0.015365 0.030093
0 0.739453 0.761111 0.011719 0.025926
0 0.122396 0.381019 0.017708 0.015741
0 0.836068 0.120139 0.017969 0.029167
0 0.814714 0.623843 0.016406 0.019907
0 0.540625 0.577083 0.016146 0.015278
0 0.071224 0.369444 0.017969 0.017593
2 0.613802 0.232176 0.015104 0.034722
2 0.221615 0.567824 0.021875 0.018981
0 0.761458 0.107870 0.017188 0.018519
0 0.929036 0.499306 0.016406 0.020833
0 0.469401 0.384028 0.015365 0.016204
1 0.765755 0.657407 0.041406 0.030556
0 0.793359 0.043750 0.015885 0.026389
0 0.043880 0.568287 0.016406 0.015278
0 0.774609 0.047222 0.014844 0.027778
0 0.595313 0.319213 0.011458 0.025463
0 0.727083 0.722685 0.009375 0.021296
0 0.722135 0.753472 0.008854 0.018981
0 0.189714 0.395602 0.016406 0.016204
0 0.401042 0.231713 0.016667 0.015278
0 0.608073 0.545139 0.014583 0.025463
0 0.604818 0.367130 0.015885 0.016667
0 0.877604 0.222222 0.013021 0.025000
2 0.740755 0.419444 0.023177 0.019444
0 0.881380 0.373148 0.018490 0.016667
0 0.912760 0.426389 0.010417 0.031481
0 0.898307 0.525231 0.011719 0.031944
0 0.950391 0.531713 0.016406 0.020833
2 0.881380 0.685417 0.027344 0.055093
0 0.711458 0.723380 0.012500 0.024537
0 0.757682 0.950463 0.009635 0.027778
0 0.748698 0.957176 0.007812 0.024537
0 0.756771 0.880324 0.007812 0.024537
0 0.746484 0.891898 0.008594 0.028241
0 0.748307 0.809722 0.010156 0.027778
0 0.739583 0.821296 0.010417 0.025926
