0 0.666406 0.674537 0.016667 0.025000
0 0.805339 0.654630 0.015365 0.021296
0 0.336719 0.474537 0.020313 0.015741
0 0.644661 0.068750 0.012760 0.031019
0 0.790755 0.037037 0.017969 0.030556
0 0.617318 0.590972 0.017448 0.033796
0 0.708854 0.783102 0.013021 0.031019
0 0.582552 0.190046 0.016146 0.018056
0 0.115104 0.450463 0.019792 0.016667
0 0.680729 0.719676 0.015625 0.027315
0 0.550781 0.207870 0.016667 0.016667
0 0.856641 0.681944 0.012240 0.027778
0 0.328646 0.207870 0.017188 0.015741
0 0.690885 0.105093 0.018229 0.024074
0 0.756510 0.417361 0.021354 0.015278
0 0.095312 0.362963 0.019792 0.016667
0 0.392448 0.411111 0.020313 0.015741
0 0.761979 0.091667 0.019271 0.015741
0 0.734766 0.087037 0.016927 0.015741
0 0.759505 0.015046 0.012240 0.027315
0 0.890104 0.225926 0.015104 0.029630
0 0.734375 0.914815 0.010417 0.032407
0 0.745573 0.961111 0.010417 0.032407
