0 0.719661 0.654630 0.013281 0.013889
0 0.561719 0.167130 0.015104 0.019444
0 0.651693 0.031944 0.011719 0.025926
0 0.567057 0.207639 0.016927 0.018056
0 0.817187 0.625231 0.015625 0.021759
0 0.711849 0.106250 0.017448 0.020833
0 0.374089 0.568519 0.019531 0.017593
0 0.754948 0.840509 0.010417 0.029167
0 0.623828 0.172685 0.014323 0.032407
0 0.503906 0.569444 0.017708 0.017593
0 0.566797 0.584259 0.016927 0.016667
0 0.729427 0.766898 0.011979 0.027315
0 0.738542 0.809491 0.008854 0.026389
0 0.033073 0.240278 0.019792 0.017593
0 0.623828 0.603472 0.016927 0.020833
0 0.743359 0.769676 0.010677 0.025463
0 0.827214 0.089120 0.016406 0.028241
0 0.664583 0.641204 0.015625 0.024074
0 0.925130 0.984259 0.032031 0.022222
0 0.973437 0.463889 0.015625 0.021296
0 0.725260 0.713426 0.011979 0.022222
0 0.059115 0.563426 0.018750 0.015741
0 0.746745 0.886111 0.008073 0.025000
0 0.126432 0.236574 0.017969 0.018519
0 0.666797 0.416898 0.018490 0.016204
0 0.432422 0.226157 0.015365 0.014352
0 0.717318 0.740509 0.010677 0.021759
0 0.113802 0.567130 0.018750 0.015741
0 0.395443 0.228241 0.017969 0.018519
0 0.694401 0.431713 0.018490 0.016204
0 0.854688 0.309028 0.020313 0.018981
0 0.925911 0.360417 0.019531 0.019907
0 0.892578 0.130556 0.020052 0.018519
0 0.707031 0.714815 0.013542 0.025926
0 0.735286 0.741435 0.010677 0.025463
0 0.749219 0.806250 0.010417 0.025463
0 0.743099 0.849537 0.008594 0.024074
0 0.757943 0.884722 0.008073 0.025000
0 0.758333 0.934954 0.007812 0.028241
0 0.758854 0.979398 0.007812 0.028241
0 0.749089 0.945602 0.007552 0.026389
