0 0.712500 0.712963 0.011458 0.025926
0 0.650781 0.096296 0.013021 0.022222
0 0.598698 0.553472 0.012500 0.022685
2 0.830339 0.116435 0.014323 0.023611
0 0.271745 0.214815 0.013802 0.013889
0 0.924219 0.510880 0.015104 0.019907
0 0.593880 0.139583 0.011198 0.018981
0 0.823568 0.145370 0.014844 0.020370
0 0.169531 0.544213 0.014583 0.012500
0 0.727214 0.809954 0.008594 0.019907
0 0.580078 0.377546 0.014844 0.014352
0 0.796484 0.103704 0.012760 0.021296
0 0.702083 0.727546 0.010417 0.019907
0 0.615625 0.191667 0.020833 0.028704
0 0.830469 0.687037 0.012500 0.023148
0 0.795052 0.651157 0.016146 0.018981
0 0.746875 0.989352 0.008854 0.021296
0 0.738932 0.954167 0.009115 0.026852
1 0.749740 0.912269 0.014063 0.069907
0 0.736328 0.887269 0.008073 0.025463
0 0.734115 0.853241 0.008854 0.023148
0 0.741146 0.820833 0.010937 0.025926
0 0.734896 0.785648 0.013021 0.025926
0 0.712891 0.758565 0.012760 0.023611
0 0.724740 0.750694 0.012500 0.019907
0 0.942187 0.510648 0.014063 0.021296
0 0.895573 0.456250 0.011979 0.027315
0 0.576302 0.214815 0.015104 0.011111
0 0.547266 0.226157 0.014323 0.009722
0 0.518750 0.233102 0.015625 0.011574
0 0.488411 0.234722 0.012760 0.012037
0 0.458333 0.231481 0.015104 0.012963
0 0.319661 0.234954 0.013281 0.012500
0 0.075521 0.225694 0.014063 0.009722
0 0.145573 0.375926 0.015625 0.015741
0 0.376302 0.570370 0.011979 0.014815
0 0.656250 0.622222 0.011979 0.020370
