0 0.912760 0.512731 0.017708 0.021759
0 0.705078 0.645139 0.017969 0.019907
0 0.758854 0.655093 0.018750 0.019444
0 0.637760 0.125926 0.013021 0.022222
0 0.569531 0.197917 0.015625 0.018056
0 0.881901 0.570370 0.012760 0.029630
2 0.399349 0.578935 0.025260 0.017130
0 0.809505 0.105324 0.017448 0.018056
0 0.727604 0.812269 0.011979 0.029167
0 0.009896 0.245370 0.009896 0.015741
0 0.230859 0.454630 0.020573 0.015741
0 0.616016 0.558796 0.015365 0.028704
1 0.125911 0.440278 0.034115 0.025000
0 0.443229 0.399074 0.018229 0.016667
0 0.178776 0.225000 0.019531 0.019444
0 0.737630 0.799537 0.009635 0.024074
0 0.779948 0.059954 0.013021 0.028241
0 0.666667 0.352546 0.019792 0.015278
0 0.747266 0.784028 0.009635 0.023611
0 0.728776 0.722917 0.012760 0.027315
0 0.757422 0.841667 0.010156 0.026852
0 0.394271 0.208102 0.017708 0.018056
0 0.354036 0.574306 0.022135 0.018056
0 0.796484 0.396759 0.019010 0.017593
0 0.956901 0.526852 0.015365 0.024074
0 0.180208 0.369907 0.019271 0.017593
0 0.390104 0.402315 0.018229 0.016667
0 0.378646 0.383796 0.018229 0.016667
0 0.523438 0.375463 0.016667 0.016667
0 0.608594 0.382870 0.016667 0.016667
0 0.709766 0.361343 0.021615 0.018056
0 0.860417 0.316204 0.017188 0.019444
0 0.587370 0.200000 0.017448 0.019444
0 0.767708 0.017824 0.013021 0.028241
0 0.804427 0.053935 0.013021 0.028241
0 0.883984 0.239120 0.013281 0.025463
0 0.620182 0.530093 0.015365 0.028704
0 0.973958 0.460417 0.017188 0.021759
0 0.843490 0.600231 0.016667 0.025463
0 0.712109 0.716667 0.011719 0.024074
0 0.702604 0.730787 0.014063 0.025463
0 0.738281 0.748843 0.014063 0.025463
2 0.724609 0.748843 0.019010 0.040278
0 0.745703 0.847222 0.010156 0.026852
0 0.739323 0.903472 0.008854 0.027315
0 0.749740 0.911343 0.008854 0.027315
0 0.760156 0.900694 0.008854 0.027315
0 0.761068 0.950694 0.009115 0.029167
0 0.751693 0.965509 0.009115 0.029167
0 0.839193 0.813657 0.011719 0.029167
