0 0.270964 0.573843 0.015885 0.014352
0 0.716536 0.829398 0.010677 0.023611
0 0.648047 0.662500 0.015365 0.026852
0 0.952474 0.169676 0.017448 0.013426
0 0.587630 0.270833 0.011198 0.027778
0 0.770573 0.049306 0.013021 0.024537
0 0.014453 0.321991 0.015365 0.010648
0 0.237891 0.228935 0.016406 0.013426
0 0.713151 0.126389 0.013802 0.015741
0 0.775911 0.430324 0.020573 0.014352
0 0.940365 0.318519 0.019792 0.019444
0 0.623568 0.174769 0.017448 0.025463
0 0.126562 0.351157 0.015625 0.018056
0 0.756510 0.013657 0.013542 0.026389
0 0.299349 0.405324 0.017448 0.013426
0 0.790755 0.367593 0.021094 0.017593
0 0.819401 0.400926 0.017969 0.015741
0 0.783203 0.077083 0.014323 0.024537
0 0.445703 0.407639 0.023177 0.016204
0 0.582422 0.384259 0.026302 0.015741
0 0.720182 0.887500 0.009115 0.025926
0 0.116406 0.373611 0.017188 0.017593
0 0.270313 0.381481 0.017188 0.017593
0 0.179297 0.231481 0.017448 0.016667
0 0.410807 0.236111 0.019531 0.017593
0 0.358984 0.214583 0.017448 0.013426
0 0.710286 0.383333 0.017969 0.015741
0 0.755078 0.355556 0.017969 0.015741
0 0.797526 0.160880 0.017448 0.023611
0 0.593359 0.403704 0.017969 0.015741
0 0.865885 0.521759 0.013021 0.026852
0 0.854948 0.570370 0.013021 0.026852
0 0.847396 0.631944 0.013021 0.026852
0 0.622135 0.613426 0.013021 0.026852
0 0.699740 0.758333 0.012500 0.026852
0 0.724089 0.945139 0.007552 0.026389
