0 0.632292 0.691435 0.016667 0.024537
0 0.749609 0.090509 0.011719 0.020833
0 0.686979 0.869213 0.008333 0.026389
0 0.603516 0.666667 0.014844 0.023148
0 0.145443 0.256944 0.014844 0.012037
0 0.055078 0.426620 0.018490 0.016204
0 0.785547 0.148843 0.015885 0.024537
0 0.645703 0.740046 0.013281 0.021759
0 0.272656 0.252083 0.014583 0.015278
0 0.671875 0.799074 0.010417 0.028704
0 0.904297 0.528241 0.015365 0.018519
0 0.692187 0.937963 0.009896 0.027778
0 0.058203 0.256250 0.016406 0.015278
0 0.483854 0.484954 0.017708 0.014352
0 0.350130 0.951389 0.014323 0.021296
2 0.551302 0.312269 0.011979 0.028241
0 0.216406 0.583102 0.019792 0.018056
0 0.113151 0.397454 0.013281 0.014352
0 0.312370 0.403704 0.016406 0.015741
0 0.373828 0.420370 0.016406 0.015741
0 0.465495 0.404167 0.016406 0.015741
0 0.554818 0.567593 0.012240 0.024074
0 0.538802 0.307407 0.010417 0.025926
0 0.553385 0.244907 0.010417 0.025926
2 0.526042 0.235880 0.018229 0.022685
0 0.499740 0.249537 0.015104 0.012963
0 0.482292 0.249074 0.015104 0.012963
0 0.461719 0.256481 0.015104 0.012963
0 0.437109 0.257176 0.011719 0.010648
0 0.636328 0.031250 0.011719 0.020833
0 0.704297 0.019213 0.009115 0.021759
2 0.718490 0.060185 0.013542 0.033333
0 0.812760 0.178009 0.015104 0.012500
0 0.853125 0.179398 0.015104 0.012500
0 0.822786 0.336111 0.016406 0.016667
0 0.889193 0.328704 0.016406 0.016667
0 0.894141 0.181944 0.016406 0.016667
2 0.851823 0.466898 0.013542 0.046759
0 0.668490 0.753009 0.011458 0.022685
0 0.842708 0.682176 0.009896 0.020833
