0 0.207161 0.491667 0.017969 0.016667
0 0.612109 0.571991 0.016406 0.026389
0 0.064844 0.286574 0.021875 0.015741
0 0.956380 0.163657 0.017448 0.012500
0 0.708594 0.849769 0.008854 0.028241
0 0.676302 0.643519 0.017708 0.019444
0 0.582943 0.249306 0.011198 0.023611
0 0.823568 0.129167 0.018490 0.021296
0 0.713672 0.408102 0.020052 0.012500
0 0.160156 0.159491 0.018750 0.014352
0 0.793750 0.405324 0.014583 0.016204
0 0.878255 0.384259 0.016927 0.017593
0 0.695833 0.849769 0.010417 0.024537
0 0.621094 0.346528 0.019271 0.014352
0 0.219792 0.332870 0.021875 0.015741
0 0.479687 0.364815 0.021875 0.015741
0 0.711458 0.898380 0.008854 0.028241
0 0.700781 0.946528 0.008854 0.028241
0 0.708333 0.951620 0.008854 0.028241
0 0.784115 0.807639 0.008854 0.028241
0 0.708073 0.811343 0.008854 0.028241
0 0.688281 0.776157 0.008854 0.028241
0 0.698177 0.757407 0.009896 0.027778
0 0.684505 0.709491 0.013281 0.027315
0 0.667708 0.710185 0.011458 0.028704
