0 0.636068 0.626157 0.013802 0.022685
0 0.684766 0.735648 0.010677 0.024074
0 0.672526 0.694444 0.010156 0.022222
0 0.680469 0.671759 0.011979 0.022222
0 0.758594 0.070602 0.015625 0.014352
2 0.401823 0.414583 0.040104 0.023611
0 0.144271 0.169676 0.017188 0.013426
0 0.621094 0.574769 0.013542 0.021759
0 0.596875 0.595370 0.013021 0.019444
0 0.595313 0.559491 0.011979 0.020833
0 0.879948 0.483796 0.015625 0.018519
0 0.584896 0.508102 0.011979 0.025463
0 0.754948 0.609954 0.013542 0.016204
0 0.626042 0.032639 0.010937 0.025463
0 0.723698 0.061806 0.015104 0.016204
0 0.935547 0.101157 0.014323 0.014352
0 0.702995 0.852546 0.007552 0.022685
2 0.458464 0.179167 0.029948 0.020370
0 0.851823 0.514815 0.009375 0.021296
0 0.699219 0.801852 0.009375 0.026852
0 0.522396 0.166898 0.014583 0.013426
0 0.027344 0.282870 0.018750 0.016667
0 0.486849 0.180093 0.014323 0.014815
0 0.838672 0.187269 0.014323 0.027315
0 0.542969 0.161806 0.015625 0.014352
0 0.565495 0.233796 0.011198 0.031481
0 0.563542 0.493519 0.011458 0.023148
0 0.492839 0.331019 0.016406 0.014815
0 0.549089 0.344444 0.016406 0.014815
0 0.627344 0.331944 0.016146 0.014815
0 0.504427 0.173380 0.013021 0.014352
2 0.417839 0.181019 0.019531 0.016667
0 0.820964 0.349306 0.016406 0.015278
0 0.845573 0.156019 0.011979 0.024074
0 0.758464 0.010880 0.013802 0.020833
0 0.656771 0.693519 0.011979 0.023148
0 0.697917 0.728009 0.009375 0.021759
2 0.708724 0.781019 0.011719 0.037963
0 0.713151 0.846528 0.008594 0.027315
0 0.713672 0.884028 0.007552 0.023611
0 0.715365 0.918519 0.007292 0.023148
0 0.705469 0.915972 0.007292 0.023611
0 0.765495 0.847685 0.010156 0.027778
0 0.704297 0.985185 0.010156 0.027778
