0 0.387370 0.647222 0.011198 0.026852
0 0.069922 0.327083 0.016406 0.018056
0 0.682292 0.131019 0.012500 0.011111
0 0.446745 0.910880 0.014323 0.016204
0 0.121745 0.577546 0.007552 0.023611
0 0.095443 0.305556 0.013802 0.020370
0 0.412370 0.803009 0.014844 0.013426
0 0.424740 0.431019 0.014063 0.013889
2 0.414844 0.411343 0.022917 0.023611
0 0.339714 0.330556 0.010677 0.030556
0 0.387370 0.685417 0.010677 0.024537
0 0.306510 0.217361 0.012500 0.029167
0 0.433073 0.956481 0.015625 0.015741
0 0.249219 0.340278 0.008333 0.023148
2 0.499219 0.417593 0.022396 0.018519
0 0.409896 0.440741 0.013021 0.015741
0 0.247526 0.813194 0.007031 0.031019
0 0.412240 0.785417 0.012500 0.013426
0 0.341146 0.415278 0.011979 0.026852
0 0.376172 0.434954 0.014323 0.018981
0 0.234766 0.954861 0.007552 0.025463
0 0.685417 0.042130 0.016146 0.015741
0 0.412370 0.883565 0.014323 0.015278
0 0.441146 0.398380 0.015625 0.012500
0 0.367969 0.473843 0.012500 0.018981
0 0.416797 0.841204 0.014323 0.012963
0 0.441797 0.424769 0.013802 0.013426
0 0.125000 0.327083 0.011979 0.031019
0 0.253516 0.567130 0.017448 0.016667
0 0.365495 0.979398 0.010677 0.025463
0 0.748177 0.040278 0.013021 0.012963
0 0.386198 0.761806 0.007812 0.019907
2 0.236719 0.174769 0.018750 0.020833
0 0.366146 0.950926 0.009896 0.025926
0 0.181120 0.642593 0.008594 0.029630
0 0.202474 0.151620 0.016406 0.017130
0 0.518620 0.403009 0.012760 0.014352
0 0.779167 0.439815 0.017188 0.012963
0 0.208594 0.361806 0.012500 0.032870
0 0.387370 0.722222 0.011198 0.021296
0 0.462891 0.398843 0.013802 0.014352
0 0.364323 0.501620 0.012500 0.018981
0 0.385417 0.862731 0.007812 0.019907
0 0.413672 0.854861 0.013802 0.014352
0 0.435677 0.975694 0.016146 0.013426
0 0.380339 0.455093 0.013281 0.018519
0 0.205208 0.187037 0.016146 0.018519
0 0.568620 0.195833 0.011198 0.011111
0 0.413542 0.870139 0.012500 0.011574
0 0.281771 0.108102 0.009896 0.025463
0 0.021745 0.682407 0.019531 0.017593
0 0.023698 0.664352 0.011979 0.012963
0 0.024089 0.648611 0.011719 0.012963
2 0.258073 0.849769 0.009896 0.036574
0 0.386198 0.939352 0.009896 0.025926
0 0.386198 0.834259 0.009896 0.025926
0 0.414974 0.820833 0.014323 0.012963
0 0.317969 0.524306 0.011979 0.025463
0 0.393620 0.423380 0.014323 0.018981
0 0.461589 0.421065 0.013802 0.013426
2 0.598047 0.427315 0.023177 0.016667
0 0.854818 0.157407 0.008073 0.025000
0 0.949349 0.150926 0.008073 0.025000
0 0.938021 0.145370 0.009896 0.020370
0 0.732422 0.042593 0.012760 0.012963
0 0.716797 0.173611 0.011719 0.025926
0 0.729167 0.171296 0.011979 0.018519
0 0.040234 0.342361 0.016406 0.018056
0 0.050391 0.442824 0.016406 0.018056
0 0.247917 0.453241 0.008333 0.023148
0 0.252214 0.222685 0.009115 0.030556
