0 0.306510 0.256944 0.018750 0.012037
0 0.645833 0.195370 0.019271 0.026852
0 0.589714 0.276852 0.014844 0.033333
0 0.703516 0.902315 0.012240 0.040741
0 0.281380 0.485185 0.017969 0.014815
0 0.583464 0.647454 0.014844 0.026389
0 0.610417 0.659722 0.014063 0.030556
0 0.593750 0.216204 0.016146 0.030556
0 0.192448 0.398380 0.019792 0.013426
0 0.248958 0.421528 0.019792 0.013426
0 0.073698 0.362731 0.028646 0.019907
0 0.704427 0.160648 0.017708 0.016667
0 0.516406 0.444444 0.017708 0.016667
0 0.585156 0.443519 0.017708 0.016667
0 0.608333 0.418056 0.017708 0.016667
0 0.706250 0.422685 0.017708 0.016667
0 0.869531 0.448611 0.017708 0.016667
0 0.642188 0.059722 0.016146 0.030556
0 0.686458 0.807407 0.014063 0.030556
0 0.708073 0.980787 0.010937 0.031944
2 0.805599 0.761806 0.017448 0.043981
