0 0.557161 0.249537 0.012240 0.014815
0 0.624870 0.683333 0.014323 0.016667
0 0.660417 0.184491 0.015104 0.018981
0 0.512891 0.264583 0.018490 0.013426
0 0.971745 0.213194 0.016927 0.012500
0 0.786849 0.175463 0.014844 0.013889
0 0.236589 0.484028 0.013802 0.012500
0 0.588672 0.656019 0.016927 0.022222
0 0.590755 0.275231 0.011719 0.026389
1 0.490365 0.621296 0.042188 0.022222
0 0.566146 0.373148 0.015625 0.025926
0 0.848698 0.398148 0.015625 0.025926
0 0.893490 0.212731 0.016146 0.015278
0 0.587240 0.606944 0.015625 0.025926
0 0.654297 0.761574 0.011719 0.020370
0 0.700260 0.850926 0.009896 0.025000
0 0.698698 0.944444 0.007812 0.025000
