0 0.689193 0.656250 0.014844 0.023611
0 0.747526 0.910648 0.009115 0.025926
0 0.733854 0.747685 0.014063 0.025000
0 0.708984 0.718287 0.014844 0.026389
0 0.651172 0.104167 0.013802 0.026852
0 0.613411 0.189120 0.015365 0.020833
0 0.647917 0.624769 0.015104 0.023611
0 0.778385 0.096991 0.016146 0.018981
0 0.935807 0.505324 0.016406 0.024537
0 0.851302 0.587500 0.016146 0.027778
0 0.899609 0.502315 0.013281 0.026852
0 0.814063 0.972454 0.010937 0.029167
0 0.706120 0.114352 0.016406 0.022222
0 0.099740 0.406019 0.016146 0.015741
0 0.732552 0.103935 0.017188 0.021759
0 0.732031 0.784028 0.010937 0.024537
0 0.371094 0.398843 0.016146 0.017130
0 0.322005 0.574306 0.015365 0.016204
0 0.878646 0.136111 0.018750 0.017593
0 0.631380 0.591898 0.014323 0.022685
0 0.673047 0.043287 0.014323 0.026389
0 0.641536 0.061111 0.014844 0.028704
0 0.465104 0.439815 0.016667 0.014815
0 0.739193 0.827315 0.011198 0.027778
0 0.599609 0.365046 0.016406 0.016204
0 0.910156 0.132407 0.019271 0.012963
0 0.324609 0.462500 0.021615 0.014815
0 0.363281 0.378241 0.018229 0.016667
0 0.445312 0.564815 0.016667 0.014815
0 0.478516 0.381250 0.016406 0.016204
0 0.417578 0.203472 0.018490 0.017130
0 0.503255 0.225926 0.018490 0.015741
0 0.558464 0.209259 0.018490 0.015741
0 0.663932 0.437269 0.018490 0.017130
0 0.596354 0.500926 0.011458 0.027778
0 0.629818 0.550000 0.015365 0.027778
0 0.820964 0.329398 0.016927 0.020833
0 0.753776 0.839583 0.010677 0.030093
0 0.756510 0.921296 0.008854 0.033333
0 0.756510 0.975926 0.008854 0.033333
