0 0.527344 0.574074 0.015625 0.016667
0 0.707161 0.709028 0.013802 0.022685
0 0.789583 0.096528 0.019271 0.021759
0 0.433073 0.567130 0.018750 0.016667
0 0.660547 0.637731 0.016927 0.025463
0 0.652734 0.592824 0.013281 0.026389
0 0.679688 0.634954 0.016667 0.023611
0 0.733203 0.085185 0.015365 0.020370
0 0.734896 0.736343 0.013542 0.026389
0 0.876432 0.540741 0.014323 0.027778
0 0.776302 0.029861 0.011458 0.025463
0 0.586328 0.194907 0.017969 0.025000
0 0.733594 0.776620 0.011979 0.026389
0 0.849479 0.123148 0.017188 0.026852
0 0.942708 0.496991 0.015625 0.020833
0 0.659635 0.152083 0.012500 0.023611
0 0.553646 0.209491 0.016667 0.018056
0 0.525911 0.218287 0.017448 0.018056
0 0.366927 0.573611 0.015625 0.016667
0 0.747786 0.874537 0.008594 0.022222
0 0.618359 0.183102 0.016927 0.018981
0 0.661068 0.355093 0.017448 0.014815
0 0.760417 0.086574 0.015104 0.020370
0 0.469792 0.226157 0.021354 0.018056
0 0.027214 0.505787 0.017448 0.018056
2 0.261068 0.237269 0.023177 0.018981
0 0.136328 0.358565 0.019010 0.018981
0 0.726693 0.338889 0.021094 0.018519
0 0.802344 0.379861 0.019271 0.024537
0 0.013021 0.243519 0.017188 0.018519
0 0.351302 0.402083 0.019792 0.015278
0 0.067187 0.237500 0.017188 0.019444
0 0.436719 0.380324 0.014583 0.014352
0 0.450000 0.403241 0.015625 0.015741
0 0.631380 0.383565 0.020052 0.018056
0 0.609766 0.425463 0.017448 0.019444
0 0.468750 0.204861 0.017708 0.016204
0 0.680078 0.016435 0.011719 0.028241
0 0.597135 0.517130 0.014063 0.024074
0 0.615104 0.563194 0.012500 0.026389
0 0.631120 0.554398 0.016406 0.029167
0 0.942708 0.331481 0.019271 0.017593
0 0.883464 0.232639 0.015885 0.026389
0 0.896354 0.459491 0.010417 0.027315
0 0.922526 0.509028 0.016406 0.020833
2 0.842969 0.750000 0.016667 0.041667
0 0.818490 0.983333 0.010417 0.027778
0 0.755990 0.825926 0.011979 0.028704
0 0.762109 0.976852 0.010156 0.031481
0 0.758724 0.908796 0.009635 0.028704
0 0.750391 0.917130 0.009115 0.027778
