0 0.409505 0.325463 0.016927 0.015741
0 0.391536 0.315278 0.016927 0.017593
0 0.366406 0.442593 0.014583 0.018519
0 0.556510 0.344676 0.020313 0.014352
0 0.387370 0.648148 0.008594 0.029630
0 0.902604 0.392130 0.017708 0.015741
0 0.191276 0.190741 0.021615 0.026852
2 0.808594 0.365509 0.038021 0.021759
0 0.287109 0.164815 0.012760 0.030556
0 0.340365 0.410185 0.013021 0.027778
0 0.120313 0.576620 0.010417 0.031944
0 0.389844 0.424769 0.016146 0.017130
0 0.233203 0.927546 0.010156 0.033796
0 0.410677 0.803009 0.015625 0.014352
0 0.916016 0.372454 0.023698 0.014352
0 0.388932 0.447917 0.014323 0.018981
0 0.207552 0.359259 0.009896 0.030556
0 0.985026 0.436574 0.017969 0.015741
0 0.804297 0.385648 0.020052 0.014815
0 0.411198 0.783333 0.013021 0.012963
0 0.157812 0.528241 0.018750 0.034259
0 0.752995 0.424769 0.015885 0.016204
0 0.299349 0.564815 0.014323 0.023148
0 0.125260 0.302083 0.010937 0.031944
0 0.430599 0.954861 0.016927 0.014352
0 0.386328 0.760185 0.009115 0.025000
0 0.414193 0.838657 0.015365 0.014352
0 0.432682 0.916667 0.015365 0.016667
0 0.365104 0.477546 0.015625 0.019907
0 0.387500 0.685880 0.009896 0.027315
0 0.237891 0.866435 0.009115 0.031019
0 0.411719 0.884491 0.016146 0.015278
0 0.435156 0.974306 0.015625 0.014352
0 0.684115 0.039815 0.019271 0.014815
2 0.506380 0.339815 0.025260 0.020370
0 0.243620 0.950231 0.010156 0.030093
0 0.415625 0.428241 0.018750 0.016667
0 0.365365 0.946991 0.007812 0.027315
0 0.364063 0.979167 0.008333 0.027778
0 0.413281 0.869676 0.014063 0.011574
0 0.385026 0.939352 0.009115 0.027778
0 0.335807 0.461806 0.011719 0.031019
0 0.413542 0.853472 0.014063 0.013426
0 0.670573 0.359954 0.017708 0.015278
0 0.565885 0.408102 0.017708 0.018981
0 0.365365 0.262037 0.015625 0.023148
0 0.534896 0.402315 0.017188 0.020370
0 0.731510 0.039120 0.014063 0.016204
0 0.854427 0.154398 0.009375 0.024537
0 0.387370 0.721759 0.008594 0.029630
0 0.278255 0.100000 0.011719 0.027778
0 0.272005 0.560880 0.014844 0.021759
0 0.022786 0.648611 0.014844 0.017593
0 0.048568 0.316667 0.017448 0.016667
0 0.384115 0.861343 0.008854 0.023611
0 0.589453 0.430324 0.015365 0.018981
0 0.385677 0.832870 0.009375 0.024074
0 0.747656 0.038194 0.014063 0.016204
0 0.681771 0.128935 0.014063 0.016204
0 0.714583 0.173843 0.013542 0.031019
0 0.727604 0.172222 0.011979 0.025926
0 0.947656 0.148380 0.013542 0.031019
0 0.936719 0.143981 0.012500 0.028704
0 0.846354 0.432176 0.017708 0.016204
0 0.912500 0.453935 0.017708 0.016204
0 0.982422 0.455556 0.017969 0.015741
0 0.319792 0.210185 0.015625 0.023148
0 0.204297 0.566667 0.016406 0.018519
0 0.020964 0.664352 0.014844 0.017593
0 0.020182 0.683565 0.018490 0.021759
0 0.075000 0.429398 0.015625 0.021759
0 0.098177 0.478935 0.015625 0.021759
0 0.445443 0.910185 0.015365 0.016667
0 0.413542 0.819213 0.015625 0.014352
