0 0.691146 0.638426 0.018229 0.020370
0 0.868490 0.561343 0.016146 0.021759
0 0.639323 0.613657 0.017708 0.020833
0 0.266667 0.577315 0.018229 0.015741
0 0.900651 0.517130 0.012240 0.025000
0 0.569531 0.199769 0.012500 0.018056
0 0.711198 0.716667 0.013542 0.021296
0 0.938411 0.490741 0.016927 0.022222
0 0.815365 0.076389 0.012500 0.022222
0 0.800911 0.102315 0.014844 0.024074
0 0.748698 0.875231 0.008854 0.026389
0 0.733333 0.786343 0.009375 0.025463
0 0.091016 0.431944 0.016406 0.017593
0 0.773307 0.035648 0.013802 0.027778
0 0.784766 0.644444 0.014844 0.017593
0 0.711198 0.756713 0.012500 0.027315
0 0.753776 0.816667 0.010156 0.025000
0 0.292187 0.215509 0.017188 0.016204
0 0.586849 0.201157 0.014323 0.018056
0 0.729818 0.721991 0.012760 0.027315
0 0.681380 0.009259 0.011198 0.017593
0 0.590234 0.264815 0.011719 0.026852
0 0.690495 0.708102 0.014844 0.025463
0 0.515495 0.377315 0.016406 0.016667
0 0.745964 0.781019 0.010156 0.025926
0 0.656380 0.355093 0.016927 0.016667
0 0.897005 0.126852 0.017969 0.016667
0 0.482161 0.200463 0.014844 0.017593
0 0.611328 0.243287 0.012240 0.028241
0 0.313672 0.583565 0.020573 0.015278
0 0.325391 0.382870 0.017448 0.016667
0 0.141536 0.242130 0.017448 0.016667
0 0.562891 0.388426 0.016406 0.016667
0 0.613411 0.379630 0.016406 0.016667
0 0.620964 0.437963 0.016406 0.016667
0 0.767578 0.346759 0.016927 0.016667
0 0.801953 0.318056 0.016927 0.016667
0 0.874740 0.311574 0.018750 0.017593
0 0.906771 0.614352 0.014063 0.023148
0 0.845964 0.726852 0.012240 0.028704
0 0.737760 0.749306 0.012500 0.027315
2 0.724740 0.748611 0.019792 0.040741
0 0.740755 0.814815 0.010156 0.029630
0 0.730729 0.828472 0.011458 0.029167
0 0.759896 0.882176 0.008854 0.026389
0 0.760938 0.937269 0.008854 0.026389
0 0.750911 0.941898 0.008594 0.030093
0 0.760026 0.980324 0.008594 0.030093
0 0.750391 0.984954 0.008594 0.030093
0 0.818880 0.947454 0.010677 0.029167
0 0.976172 0.503935 0.017448 0.020833
