0 0.603516 0.670602 0.013281 0.019907
0 0.067448 0.251852 0.021354 0.015741
0 0.484896 0.605324 0.015625 0.014352
0 0.711068 0.685880 0.021615 0.016204
0 0.749870 0.673380 0.013281 0.017130
0 0.143750 0.385880 0.017188 0.018056
0 0.561068 0.644676 0.011198 0.020833
0 0.870573 0.558333 0.014063 0.019444
0 0.746745 0.975463 0.009115 0.022222
0 0.469661 0.485880 0.017448 0.014352
0 0.245182 0.602546 0.015885 0.015278
0 0.620443 0.162269 0.020573 0.023611
0 0.659766 0.766204 0.011719 0.023148
0 0.576172 0.587731 0.011198 0.024537
0 0.565234 0.233796 0.010677 0.023148
0 0.471094 0.460417 0.015104 0.010648
0 0.027734 0.379167 0.017448 0.019444
0 0.737109 0.058333 0.013281 0.027778
0 0.755339 0.106250 0.011719 0.022685
0 0.827344 0.224306 0.012500 0.026389
0 0.920182 0.356250 0.015365 0.019907
0 0.727214 0.361574 0.018490 0.019444
0 0.688021 0.450231 0.018229 0.017130
0 0.843750 0.499769 0.012500 0.026389
0 0.765495 0.882176 0.009115 0.022685
0 0.679036 0.779167 0.011719 0.023148
0 0.672396 0.803935 0.011458 0.024537
0 0.686458 0.855324 0.008854 0.026389
0 0.699479 0.870602 0.008854 0.026389
0 0.680990 0.915509 0.008854 0.026389
0 0.695312 0.953009 0.008854 0.026389
0 0.704427 0.986574 0.008854 0.026852
0 0.567318 0.408565 0.015885 0.014352
0 0.294271 0.401157 0.017188 0.018056
0 0.275130 0.585880 0.015885 0.015278
0 0.523307 0.184491 0.014323 0.018056
0 0.527214 0.235880 0.014323 0.016204
0 0.502734 0.240509 0.014323 0.016204
0 0.468359 0.252778 0.015365 0.013889
0 0.445703 0.255093 0.010156 0.013889
0 0.410286 0.252778 0.014323 0.014815
0 0.388411 0.253704 0.014323 0.014815
0 0.361849 0.251852 0.014323 0.014815
