0 0.614714 0.694907 0.014844 0.021296
0 0.448047 0.245602 0.016406 0.017130
0 0.609635 0.246991 0.015625 0.025463
0 0.189193 0.396759 0.016927 0.014815
0 0.877344 0.211574 0.017708 0.016667
0 0.968099 0.341435 0.023177 0.018056
0 0.435937 0.509259 0.017188 0.016667
0 0.694141 0.169213 0.017969 0.015278
0 0.377995 0.243981 0.015365 0.015741
0 0.576302 0.601157 0.011458 0.023611
0 0.532292 0.641204 0.014583 0.020370
0 0.734505 0.401389 0.014844 0.014815
0 0.744661 0.161111 0.012240 0.014815
0 0.829557 0.807407 0.011719 0.030556
0 0.581901 0.316898 0.011198 0.026389
2 0.556380 0.370602 0.012760 0.032870
0 0.544010 0.210185 0.019792 0.018519
