0 0.087370 0.217593 0.018490 0.012963
0 0.434505 0.577546 0.017448 0.015278
0 0.208073 0.227546 0.017708 0.018056
0 0.065365 0.350926 0.019792 0.020370
0 0.888542 0.173843 0.019271 0.018981
0 0.122917 0.220139 0.019271 0.014352
0 0.086719 0.411343 0.019792 0.018981
0 0.581380 0.248611 0.012240 0.025926
0 0.639583 0.107176 0.015104 0.030093
0 0.713151 0.123611 0.020573 0.016667
0 0.640495 0.647222 0.014323 0.024074
0 0.603125 0.618056 0.014583 0.023148
0 0.644141 0.684259 0.015885 0.025000
0 0.799740 0.144676 0.018750 0.020833
0 0.452474 0.405324 0.020052 0.015278
0 0.782682 0.087037 0.013281 0.025926
0 0.544271 0.227546 0.015625 0.016204
0 0.308854 0.379861 0.019792 0.018981
0 0.589193 0.401157 0.020052 0.015278
0 0.565234 0.300926 0.012240 0.025926
0 0.560937 0.217361 0.015625 0.016204
0 0.659245 0.373843 0.020052 0.015278
0 0.786589 0.350231 0.020052 0.015278
0 0.774609 0.374769 0.020052 0.015278
0 0.759505 0.069444 0.013281 0.025926
0 0.744792 0.026620 0.012500 0.031019
0 0.760677 0.029861 0.012500 0.031019
0 0.771875 0.057639 0.012500 0.031019
0 0.601693 0.580556 0.013281 0.025926
0 0.566536 0.519907 0.013281 0.025926
0 0.675911 0.747222 0.015885 0.025000
0 0.701953 0.774306 0.013802 0.029167
0 0.815495 0.814583 0.013802 0.029167
0 0.713151 0.840509 0.012240 0.036574
0 0.709115 0.922454 0.008854 0.033796
0 0.876172 0.475694 0.013802 0.029167
0 0.023958 0.490972 0.019792 0.018981
