0 0.611068 0.175926 0.015365 0.020370
0 0.870052 0.597222 0.013542 0.025926
0 0.835286 0.146991 0.016927 0.025463
0 0.950000 0.484259 0.017188 0.020370
0 0.257682 0.574074 0.016927 0.013889
0 0.311979 0.568519 0.016146 0.012963
0 0.660807 0.073380 0.011719 0.027315
0 0.809245 0.630093 0.020052 0.023148
0 0.930208 0.498843 0.016667 0.020833
0 0.784896 0.092130 0.018750 0.017593
2 0.840625 0.600694 0.021875 0.028241
0 0.274479 0.442593 0.021354 0.016667
0 0.855469 0.136343 0.016667 0.025463
0 0.727083 0.759954 0.014063 0.025463
0 0.701172 0.700694 0.011719 0.018981
0 0.676823 0.662500 0.017708 0.021296
0 0.749740 0.800463 0.010417 0.026852
0 0.583203 0.592593 0.017969 0.020370
0 0.740234 0.098148 0.017448 0.018519
0 0.736198 0.795370 0.011458 0.028704
0 0.731250 0.726157 0.013021 0.028241
0 0.710677 0.105324 0.016667 0.018981
0 0.656380 0.155324 0.016927 0.028241
0 0.672526 0.623843 0.017969 0.021759
0 0.794922 0.034028 0.012760 0.026389
0 0.769531 0.032176 0.012500 0.025463
2 0.182943 0.449074 0.023698 0.019444
0 0.123828 0.242593 0.014323 0.016667
0 0.160938 0.239120 0.017188 0.017130
0 0.631771 0.362963 0.020833 0.017593
0 0.661458 0.375000 0.017708 0.017593
0 0.718880 0.360185 0.016406 0.018519
0 0.864974 0.200926 0.015885 0.029630
0 0.820703 0.335185 0.016406 0.017593
2 0.857161 0.383333 0.042969 0.031481
1 0.976302 0.337963 0.035937 0.032407
0 0.738932 0.754630 0.012240 0.032407
0 0.754557 0.836806 0.009635 0.029167
0 0.758333 0.878472 0.008854 0.026389
0 0.745052 0.842824 0.009896 0.025463
0 0.807552 0.909491 0.010417 0.033796
0 0.819401 0.963657 0.011198 0.027315
0 0.761198 0.923611 0.008333 0.027778
0 0.750000 0.972222 0.008333 0.025000
2 0.748958 0.891204 0.012500 0.045370
