0 0.426302 0.591898 0.015625 0.016204
0 0.845833 0.503241 0.009375 0.022222
0 0.793750 0.631481 0.012500 0.019444
2 0.061198 0.242824 0.025521 0.023611
0 0.610677 0.645602 0.013021 0.018981
2 0.664714 0.703009 0.024219 0.023611
0 0.607031 0.075926 0.011979 0.022222
0 0.684635 0.852315 0.008854 0.024074
0 0.579818 0.194213 0.011719 0.019907
0 0.563411 0.581481 0.010677 0.016667
0 0.507161 0.475694 0.020573 0.014352
0 0.734245 0.138194 0.016406 0.016204
0 0.804557 0.218287 0.014844 0.025463
0 0.689193 0.816435 0.011198 0.030093
0 0.620443 0.176852 0.013802 0.017593
0 0.722005 0.064120 0.009635 0.021759
0 0.415365 0.418287 0.015625 0.016204
0 0.495312 0.398843 0.015625 0.016204
0 0.351302 0.415509 0.015625 0.016204
0 0.322656 0.249769 0.015625 0.016204
0 0.350781 0.250231 0.015625 0.016204
0 0.383854 0.250231 0.015625 0.016204
0 0.494271 0.245602 0.015625 0.016204
0 0.493750 0.207639 0.015625 0.016204
0 0.518490 0.235880 0.015625 0.016204
0 0.538151 0.228241 0.019010 0.018519
0 0.550130 0.171296 0.013802 0.018519
0 0.579948 0.239583 0.010417 0.018981
0 0.556380 0.296296 0.010677 0.026852
0 0.619922 0.175926 0.013802 0.017593
0 0.660286 0.150463 0.013802 0.016667
0 0.630469 0.074769 0.009896 0.022685
0 0.711849 0.022454 0.010156 0.027315
0 0.736198 0.091898 0.012500 0.023611
0 0.795573 0.157870 0.013021 0.020370
0 0.850911 0.559954 0.010677 0.023611
0 0.661198 0.770602 0.011979 0.024537
0 0.676562 0.766204 0.011979 0.026852
0 0.672526 0.794213 0.009635 0.026389
0 0.699740 0.874074 0.008854 0.024074
0 0.692969 0.933796 0.008854 0.024074
0 0.760156 0.908333 0.008854 0.024074
0 0.777214 0.825000 0.009115 0.021296
0 0.776693 0.824074 0.009115 0.021296
