0 0.674219 0.614120 0.013021 0.021759
0 0.627604 0.522917 0.012500 0.021759
0 0.657031 0.647917 0.014583 0.018981
2 0.799609 0.105556 0.029427 0.029630
0 0.697396 0.676620 0.014583 0.018981
0 0.729557 0.738194 0.014323 0.028241
0 0.633464 0.157407 0.012240 0.024074
0 0.427083 0.571991 0.019271 0.018056
0 0.719531 0.683333 0.013021 0.020370
0 0.746615 0.797222 0.010937 0.024074
0 0.679948 0.047685 0.010417 0.025926
0 0.636719 0.207639 0.012500 0.024537
2 0.698047 0.123380 0.021615 0.027315
0 0.805859 0.039815 0.013281 0.021296
0 0.762370 0.808796 0.008594 0.022222
0 0.646615 0.058796 0.011458 0.020370
2 0.341146 0.237500 0.020833 0.014815
0 0.417448 0.234028 0.014063 0.014352
0 0.069792 0.527083 0.018750 0.017130
0 0.759896 0.878009 0.008854 0.018056
0 0.450651 0.234722 0.014323 0.014815
0 0.860156 0.622917 0.011979 0.018056
0 0.894141 0.570370 0.014844 0.023148
0 0.358594 0.214583 0.015104 0.013426
0 0.784505 0.039815 0.012760 0.025000
0 0.754818 0.100000 0.012760 0.018519
0 0.380729 0.235648 0.015625 0.013889
0 0.554427 0.378472 0.014063 0.014352
0 0.588802 0.391435 0.015104 0.013426
0 0.508203 0.226389 0.014323 0.014815
0 0.522786 0.188889 0.014323 0.014815
0 0.534766 0.221065 0.015365 0.017130
0 0.566016 0.210880 0.015365 0.017130
2 0.600391 0.194676 0.021615 0.023611
0 0.786458 0.325926 0.017188 0.018519
0 0.901563 0.290741 0.017188 0.018519
0 0.647396 0.595139 0.012500 0.021759
0 0.751042 0.765972 0.011458 0.027315
0 0.762109 0.941667 0.008594 0.022222
0 0.824349 0.955324 0.008073 0.020833
0 0.819401 0.894213 0.008073 0.020833
