0 0.695312 0.137963 0.014583 0.013889
0 0.059635 0.417361 0.015625 0.013426
1 0.616927 0.673380 0.039583 0.031944
0 0.973177 0.512963 0.016146 0.019444
0 0.644661 0.762500 0.010677 0.021296
0 0.773307 0.161343 0.013802 0.015278
0 0.408464 0.486111 0.014323 0.012037
0 0.077604 0.235880 0.016667 0.013426
0 0.176172 0.251852 0.014323 0.014815
0 0.076953 0.540278 0.014844 0.012963
0 0.984896 0.295833 0.015104 0.018519
0 0.236979 0.583102 0.015625 0.012500
0 0.718750 0.718750 0.014583 0.014352
0 0.683854 0.790741 0.008854 0.021296
0 0.374219 0.251157 0.015104 0.017130
0 0.834896 0.544676 0.011979 0.020833
0 0.589323 0.412500 0.016667 0.012963
0 0.751172 0.096759 0.011719 0.023148
0 0.798698 0.156250 0.014063 0.017130
0 0.867318 0.570139 0.013281 0.015278
0 0.222396 0.249074 0.014063 0.012037
0 0.659505 0.764352 0.008594 0.022222
0 0.431771 0.463889 0.014583 0.012037
0 0.409245 0.252315 0.014323 0.014815
0 0.436849 0.251852 0.015885 0.014815
0 0.463411 0.253241 0.015885 0.014815
0 0.485547 0.247685 0.015885 0.014815
0 0.509245 0.243519 0.015885 0.014815
0 0.556120 0.226852 0.011719 0.012963
0 0.618750 0.182870 0.013021 0.019444
0 0.596875 0.081481 0.013021 0.019444
0 0.645312 0.009722 0.011458 0.018519
0 0.866406 0.181019 0.014583 0.013889
0 0.915885 0.185648 0.014583 0.013889
0 0.730599 0.093056 0.011719 0.023148
0 0.720182 0.059491 0.008594 0.020833
0 0.740495 0.065046 0.008594 0.020833
0 0.711849 0.024769 0.008594 0.020833
0 0.737500 0.384259 0.015104 0.012963
0 0.896354 0.319444 0.015104 0.012963
0 0.820833 0.418519 0.015104 0.012963
0 0.740104 0.680324 0.014583 0.014352
0 0.816797 0.760880 0.012240 0.018981
0 0.793750 0.856250 0.011458 0.027315
0 0.672786 0.761574 0.008594 0.022222
0 0.663802 0.818519 0.008854 0.021296
0 0.689323 0.818519 0.008854 0.021296
0 0.694531 0.843056 0.008854 0.021296
0 0.689323 0.902778 0.008854 0.021296
0 0.698177 0.878704 0.008854 0.021296
0 0.702344 0.931944 0.008854 0.021296
0 0.690365 0.968056 0.008854 0.021296
