0 0.108073 0.530556 0.011458 0.013889
0 0.618490 0.607407 0.012500 0.016667
0 0.743750 0.788194 0.009375 0.020833
0 0.650521 0.056019 0.014583 0.021296
0 0.695964 0.130093 0.015365 0.019444
0 0.809115 0.103241 0.011458 0.022222
0 0.561198 0.580556 0.011979 0.013889
0 0.706641 0.715278 0.011198 0.021296
0 0.641797 0.145833 0.013802 0.022222
0 0.727865 0.774306 0.009375 0.018056
0 0.735417 0.812731 0.009375 0.019907
0 0.325651 0.457176 0.019010 0.011574
0 0.726172 0.659491 0.014323 0.015278
0 0.758073 0.919444 0.008333 0.019444
0 0.723698 0.713194 0.009896 0.018981
0 0.652995 0.424769 0.013281 0.015278
0 0.347396 0.405556 0.015104 0.014815
0 0.954948 0.489120 0.015625 0.018056
0 0.994401 0.143519 0.007031 0.018519
0 0.676172 0.626620 0.014844 0.018056
0 0.718750 0.115741 0.014583 0.017593
0 0.730469 0.408796 0.015625 0.010185
0 0.617318 0.110880 0.011719 0.018981
0 0.600521 0.154167 0.013542 0.020370
0 0.718620 0.746759 0.010677 0.017593
0 0.756250 0.863426 0.007812 0.025926
0 0.826172 0.799769 0.009115 0.018981
0 0.767318 0.011343 0.008073 0.021759
0 0.220443 0.393981 0.013802 0.016667
2 0.334375 0.383333 0.029167 0.018519
0 0.750521 0.827083 0.008854 0.018981
0 0.641667 0.193056 0.015104 0.027778
0 0.408594 0.404167 0.018229 0.013889
0 0.747917 0.931944 0.004687 0.018519
0 0.733073 0.745370 0.009896 0.017593
0 0.459375 0.402315 0.018229 0.013889
0 0.574349 0.155093 0.011198 0.014815
0 0.553646 0.173843 0.011458 0.015278
2 0.846875 0.160880 0.031250 0.044907
0 0.747917 0.989120 0.006250 0.020833
0 0.758073 0.986343 0.006250 0.020833
