0 0.933333 0.493519 0.018750 0.022222
0 0.734896 0.642593 0.017708 0.014815
0 0.673568 0.122454 0.016406 0.025463
0 0.828516 0.136343 0.015885 0.022685
0 0.695182 0.649537 0.014323 0.018519
0 0.706120 0.705093 0.011198 0.023148
0 0.522396 0.562731 0.017708 0.015278
0 0.055729 0.237269 0.021875 0.018056
0 0.905599 0.128009 0.016927 0.016204
0 0.712760 0.098843 0.018750 0.016204
0 0.563672 0.211111 0.016406 0.013889
0 0.771745 0.032176 0.013802 0.024537
0 0.717578 0.731944 0.010156 0.023148
0 0.723047 0.709954 0.010677 0.028241
0 0.756641 0.894676 0.008594 0.026389
0 0.754557 0.855324 0.008073 0.025463
0 0.428646 0.397222 0.018229 0.019444
0 0.746354 0.787963 0.009375 0.021296
0 0.731120 0.785417 0.010677 0.019907
0 0.266797 0.395139 0.016927 0.014352
0 0.329818 0.565046 0.015885 0.015278
0 0.737240 0.748843 0.010417 0.019907
0 0.317318 0.231250 0.017969 0.013426
0 0.852865 0.756713 0.011458 0.026389
0 0.751953 0.823148 0.010677 0.026852
0 0.739974 0.815278 0.009635 0.023148
0 0.245443 0.371991 0.018490 0.016204
0 0.375391 0.398380 0.015885 0.018981
0 0.505599 0.222222 0.015885 0.017593
0 0.534505 0.217824 0.014323 0.013426
2 0.618620 0.177778 0.024219 0.025926
0 0.630469 0.555787 0.013021 0.025463
0 0.955859 0.129167 0.015365 0.015741
0 0.842839 0.691204 0.011719 0.028704
0 0.743750 0.847222 0.008333 0.022222
0 0.745182 0.879398 0.009635 0.025463
0 0.736589 0.898148 0.008073 0.022222
0 0.747526 0.917593 0.007031 0.026852
0 0.757943 0.937731 0.007552 0.029167
0 0.748307 0.965278 0.007031 0.027778
