0 0.572396 0.257870 0.014583 0.025000
0 0.391146 0.398148 0.015625 0.016667
0 0.440885 0.385185 0.016146 0.020370
0 0.137240 0.667130 0.011979 0.021296
0 0.176563 0.323148 0.014583 0.016667
2 0.420312 0.800463 0.013542 0.034259
0 0.521094 0.266204 0.020313 0.030556
0 0.208073 0.313889 0.017188 0.018519
0 0.366927 0.415278 0.018229 0.017593
0 0.861719 0.416667 0.016146 0.018519
0 0.262240 0.354167 0.015104 0.017593
0 0.169531 0.298148 0.016146 0.016667
0 0.893490 0.360185 0.017188 0.014815
0 0.541667 0.307407 0.013542 0.024074
0 0.417448 0.396296 0.015104 0.018519
0 0.872917 0.834722 0.013542 0.034259
0 0.351302 0.391204 0.015104 0.015741
0 0.252344 0.371296 0.016146 0.016667
0 0.209115 0.337500 0.019271 0.023148
0 0.473958 0.223148 0.014583 0.033333
0 0.188542 0.714352 0.013542 0.025000
0 0.618490 0.393519 0.015104 0.033333
0 0.125781 0.306944 0.018229 0.019444
0 0.199740 0.737500 0.011979 0.023148
0 0.180990 0.652778 0.013021 0.020370
0 0.370312 0.400463 0.015625 0.015741
0 0.299219 0.331019 0.018229 0.017593
0 0.410938 0.427778 0.015625 0.016667
0 0.709115 0.978241 0.019271 0.037963
0 0.512760 0.285648 0.014063 0.026852
0 0.580990 0.435185 0.010937 0.027778
0 0.346094 0.918519 0.016146 0.018519
0 0.592187 0.475463 0.009375 0.026852
0 0.617188 0.327778 0.014583 0.027778
0 0.462240 0.300926 0.008854 0.027778
0 0.273177 0.377778 0.016146 0.016667
0 0.683333 0.914352 0.014583 0.034259
0 0.880469 0.410185 0.018229 0.018519
0 0.667969 0.252315 0.010937 0.025000
0 0.596875 0.541204 0.010417 0.036111
0 0.150260 0.693519 0.010937 0.020370
0 0.569010 0.399537 0.013021 0.023148
0 0.433073 0.419907 0.016146 0.019444
2 0.614323 0.642593 0.016146 0.068519
0 0.281510 0.365278 0.017188 0.017593
0 0.598958 0.582407 0.010417 0.037037
0 0.266146 0.321296 0.015625 0.016667
0 0.181510 0.762037 0.014063 0.025926
0 0.480729 0.413426 0.012500 0.026852
0 0.497396 0.247685 0.012500 0.023148
0 0.654687 0.812037 0.014583 0.037037
0 0.244271 0.754167 0.011458 0.025000
0 0.144531 0.252778 0.014063 0.016667
0 0.820312 0.252778 0.011458 0.025926
0 0.908333 0.937500 0.013542 0.030556
0 0.622917 0.785648 0.013542 0.034259
0 0.753646 0.744907 0.013542 0.026852
0 0.419792 0.246296 0.011458 0.027778
0 0.639062 0.767130 0.013542 0.034259
0 0.340885 0.407407 0.017188 0.016667
0 0.455469 0.635185 0.007812 0.025926
0 0.293490 0.916667 0.015104 0.022222
0 0.251302 0.316204 0.015104 0.015741
0 0.222917 0.612500 0.010417 0.025000
0 0.369010 0.306944 0.019271 0.013889
0 0.278125 0.687037 0.011458 0.031481
0 0.637240 0.234722 0.013021 0.015741
0 0.303385 0.375926 0.016146 0.016667
0 0.213542 0.816667 0.014583 0.024074
0 0.235937 0.746296 0.011458 0.025926
0 0.326823 0.382407 0.018229 0.016667
0 0.447656 0.593519 0.007812 0.022222
0 0.574740 0.215278 0.008854 0.025000
0 0.321094 0.337037 0.018229 0.016667
0 0.227604 0.737037 0.011458 0.025926
0 0.895312 0.907407 0.012500 0.031481
0 0.277083 0.646759 0.010417 0.032407
0 0.341927 0.340278 0.021354 0.021296
0 0.742969 0.712037 0.010937 0.027778
0 0.244531 0.563426 0.008854 0.026852
0 0.627083 0.730093 0.013542 0.032407
0 0.651042 0.893056 0.012500 0.026852
0 0.801562 0.862037 0.014583 0.022222
0 0.244531 0.279167 0.016146 0.017593
0 0.585938 0.225926 0.012500 0.029630
0 0.834896 0.648148 0.012500 0.031481
0 0.388802 0.421296 0.017188 0.018519
0 0.796875 0.846296 0.015625 0.020370
2 0.411458 0.886574 0.022917 0.065741
0 0.805208 0.550463 0.011458 0.025000
0 0.044531 0.288426 0.015104 0.019444
0 0.935417 0.938426 0.013542 0.032407
0 0.151562 0.637037 0.013542 0.024074
0 0.319010 0.400463 0.018229 0.015741
0 0.162240 0.259259 0.017188 0.018519
0 0.448698 0.687037 0.008854 0.031481
0 0.256510 0.630556 0.010937 0.031481
0 0.918490 0.973148 0.013021 0.037037
0 0.214062 0.765278 0.013542 0.023148
0 0.404687 0.279167 0.014583 0.021296
0 0.605469 0.180093 0.007812 0.025000
0 0.352344 0.307870 0.017188 0.013889
0 0.489063 0.934259 0.010417 0.029630
0 0.885417 0.868056 0.011458 0.032407
0 0.238281 0.618056 0.010937 0.026852
0 0.262240 0.673148 0.011979 0.031481
0 0.139583 0.611574 0.013542 0.023148
0 0.655208 0.143519 0.012500 0.016667
0 0.759115 0.281019 0.007812 0.023148
0 0.845833 0.250463 0.011458 0.030556
0 0.426302 0.962037 0.019271 0.022222
0 0.620833 0.699537 0.012500 0.028704
0 0.115625 0.531944 0.014583 0.023148
0 0.295052 0.660185 0.007812 0.027778
0 0.789583 0.273148 0.010417 0.024074
0 0.050260 0.743519 0.015104 0.033333
0 0.016406 0.307407 0.018229 0.024074
0 0.250521 0.768056 0.012500 0.025000
0 0.245312 0.622685 0.009375 0.026852
0 0.153125 0.593056 0.013542 0.025000
0 0.654948 0.319907 0.016146 0.019444
0 0.238542 0.650463 0.011458 0.025000
0 0.879687 0.785185 0.011458 0.025926
0 0.141667 0.571296 0.012500 0.024074
0 0.635938 0.266667 0.012500 0.016667
0 0.232031 0.644907 0.010937 0.023148
0 0.825521 0.182870 0.011458 0.025000
0 0.197917 0.538426 0.011458 0.032407
0 0.247917 0.657870 0.010417 0.026852
0 0.370312 0.900926 0.011458 0.027778
0 0.211198 0.269907 0.016146 0.017593
0 0.270313 0.677778 0.010417 0.025926
0 0.464583 0.973148 0.014583 0.037037
0 0.389062 0.907407 0.012500 0.033333
0 0.614844 0.517130 0.018229 0.026852
0 0.625000 0.037963 0.010417 0.024074
0 0.321094 0.300926 0.017188 0.014815
0 0.312760 0.682407 0.008854 0.025926
0 0.904687 0.858796 0.011458 0.026852
0 0.426563 0.990278 0.012500 0.015741
0 0.445052 0.635185 0.006771 0.020370
0 0.220312 0.722685 0.012500 0.023148
0 0.234896 0.555093 0.009375 0.026852
0 0.795833 0.260185 0.011458 0.025926
0 0.153646 0.516667 0.010417 0.025926
0 0.182292 0.531944 0.010417 0.028704
0 0.262760 0.632870 0.008854 0.026852
0 0.302083 0.590278 0.010417 0.025000
0 0.042188 0.121296 0.012500 0.025926
0 0.750260 0.167130 0.019271 0.023148
0 0.768229 0.502778 0.011458 0.025926
2 0.051562 0.807870 0.020833 0.045370
0 0.271615 0.579167 0.007812 0.021296
0 0.281510 0.324537 0.015104 0.017593
0 0.135937 0.508796 0.010417 0.032407
0 0.217188 0.708796 0.012500 0.023148
0 0.462500 0.988426 0.012500 0.017593
0 0.227604 0.785185 0.015625 0.022222
0 0.659375 0.107407 0.014583 0.018519
0 0.541927 0.971296 0.021354 0.024074
0 0.347396 0.993519 0.011458 0.009259
0 0.764062 0.343519 0.008333 0.020370
0 0.947396 0.975463 0.014583 0.036111
0 0.640104 0.221759 0.012500 0.015741
0 0.577083 0.681019 0.013542 0.026852
0 0.293490 0.587037 0.008854 0.025926
0 0.255990 0.666667 0.011979 0.031481
0 0.176563 0.596296 0.014583 0.025926
0 0.777604 0.538889 0.011458 0.024074
0 0.287760 0.651389 0.007812 0.026852
0 0.793490 0.488889 0.008854 0.025926
0 0.864583 0.735648 0.011458 0.025000
0 0.224740 0.554167 0.011979 0.030556
0 0.209375 0.549537 0.011458 0.030556
0 0.617708 0.572685 0.011458 0.023148
0 0.083594 0.479167 0.016146 0.015741
0 0.653646 0.157407 0.010417 0.011111
0 0.839583 0.726389 0.014583 0.037963
0 0.144010 0.512500 0.007812 0.025000
0 0.130729 0.550000 0.012500 0.018519
0 0.192708 0.534722 0.010417 0.025000
0 0.163021 0.522685 0.011458 0.032407
0 0.820833 0.668981 0.012500 0.034259
0 0.460938 0.601389 0.010417 0.036111
1 0.496875 0.577778 0.041667 0.057407
0 0.936719 0.205093 0.010937 0.026852
0 0.904948 0.313889 0.016146 0.012963
0 0.922917 0.306481 0.013542 0.007407
0 0.817708 0.323611 0.011458 0.028704
0 0.810677 0.443519 0.006771 0.009259
0 0.957292 0.528704 0.017708 0.014815
0 0.812500 0.575463 0.010417 0.017593
0 0.846094 0.676389 0.014063 0.028704
0 0.854948 0.705556 0.014063 0.025926
0 0.828646 0.693519 0.012500 0.025926
0 0.892188 0.819907 0.015625 0.032407
0 0.960156 0.891204 0.015104 0.015741
0 0.651563 0.939352 0.009375 0.013889
0 0.427344 0.944444 0.020313 0.016667
0 0.251823 0.815741 0.007812 0.012963
0 0.211719 0.693981 0.011979 0.025000
0 0.159635 0.712500 0.011979 0.021296
0 0.272396 0.643056 0.010417 0.026852
0 0.231250 0.617130 0.010417 0.028704
0 0.256771 0.568981 0.010417 0.028704
0 0.283594 0.585648 0.009896 0.032407
0 0.173698 0.529167 0.009896 0.030556
0 0.217708 0.555093 0.009375 0.028704
0 0.164062 0.596759 0.012500 0.025000
0 0.150000 0.582407 0.013542 0.025926
0 0.135937 0.559259 0.012500 0.020370
0 0.122656 0.499074 0.015104 0.018519
2 0.095312 0.563426 0.051042 0.097222
0 0.067969 0.475463 0.011979 0.012037
0 0.128125 0.587500 0.013542 0.023148
0 0.437760 0.729630 0.011979 0.037037
0 0.486458 0.163426 0.011458 0.026852
0 0.494010 0.194444 0.007812 0.024074
0 0.413542 0.012963 0.006250 0.024074
0 0.637240 0.252778 0.011979 0.016667
0 0.643229 0.210185 0.013542 0.016667
0 0.647135 0.198148 0.009896 0.014815
0 0.651042 0.185648 0.011458 0.017593
0 0.653646 0.170833 0.011458 0.013889
0 0.719010 0.295833 0.018229 0.017593
0 0.719792 0.281944 0.013542 0.013889
0 0.732812 0.365741 0.009375 0.024074
0 0.748698 0.351389 0.007812 0.015741
0 0.756510 0.343981 0.006771 0.017593
0 0.763021 0.403241 0.016667 0.015741
0 0.780729 0.245833 0.010417 0.026852
0 0.780990 0.277315 0.008854 0.023148
0 0.853646 0.285648 0.007292 0.008333
0 0.801823 0.791204 0.018229 0.025000
0 0.290885 0.294444 0.010937 0.012963
0 0.304167 0.297685 0.015625 0.015741
0 0.338542 0.308796 0.014583 0.015741
0 0.226562 0.277778 0.015625 0.016667
0 0.038802 0.337963 0.015104 0.009259
0 0.051042 0.103704 0.006250 0.014815
2 0.008333 0.909259 0.015625 0.055556
0 0.296875 0.389815 0.020833 0.018519
0 0.954167 0.305093 0.008333 0.012037
