0 0.136458 0.668056 0.011458 0.021296
0 0.554167 0.532870 0.013542 0.021296
0 0.223438 0.362037 0.015625 0.016667
0 0.363802 0.418981 0.015104 0.015741
0 0.517969 0.550926 0.016146 0.018519
0 0.168490 0.299537 0.016146 0.017593
0 0.870313 0.833796 0.013542 0.034259
0 0.532031 0.293981 0.014063 0.023148
0 0.389323 0.425926 0.016146 0.018519
0 0.562240 0.279167 0.014063 0.026852
0 0.585417 0.218519 0.011458 0.024074
0 0.877865 0.409259 0.017188 0.018519
0 0.120313 0.305093 0.015625 0.019444
0 0.859896 0.415278 0.015625 0.019444
0 0.626563 0.737500 0.014583 0.037963
0 0.552604 0.263889 0.014583 0.025926
0 0.377604 0.951389 0.014583 0.036111
0 0.188542 0.715278 0.013542 0.025000
0 0.354167 0.392130 0.015625 0.015741
0 0.141927 0.316667 0.016146 0.018519
0 0.298177 0.331019 0.018229 0.017593
0 0.598437 0.191667 0.011458 0.027778
0 0.207552 0.315278 0.018229 0.019444
0 0.301823 0.396296 0.017188 0.018519
0 0.198958 0.738426 0.011458 0.023148
0 0.618490 0.679630 0.011979 0.040741
0 0.988802 0.325463 0.015104 0.015741
0 0.254948 0.352778 0.017188 0.016667
0 0.632812 0.071759 0.009375 0.026852
0 0.638281 0.012963 0.010937 0.024074
0 0.606771 0.621296 0.011458 0.037037
0 0.667188 0.252778 0.010417 0.025926
0 0.542969 0.371296 0.017188 0.020370
0 0.617969 0.393519 0.017188 0.033333
0 0.642188 0.040278 0.009375 0.025000
0 0.203906 0.354167 0.018229 0.017593
0 0.180990 0.761574 0.013021 0.025000
0 0.616667 0.751389 0.013542 0.032407
0 0.636719 0.235185 0.014063 0.018519
0 0.161198 0.258796 0.017188 0.019444
0 0.182292 0.653241 0.014583 0.021296
0 0.182031 0.340278 0.015104 0.019444
0 0.436198 0.393519 0.016146 0.018519
0 0.515365 0.368519 0.018229 0.020370
0 0.569010 0.239352 0.013021 0.025000
0 0.250260 0.375926 0.017188 0.018519
0 0.599479 0.500463 0.011458 0.034259
0 0.244271 0.754167 0.011458 0.025000
0 0.346094 0.919907 0.016146 0.019444
0 0.266146 0.321296 0.015625 0.016667
0 0.617969 0.137037 0.010937 0.024074
0 0.213542 0.816667 0.014583 0.024074
0 0.341406 0.341204 0.020313 0.021296
0 0.611719 0.166667 0.008854 0.025926
0 0.419271 0.246759 0.011458 0.028704
0 0.653646 0.144907 0.012500 0.019444
0 0.404427 0.402315 0.019271 0.019444
0 0.143490 0.254167 0.014063 0.019444
0 0.469531 0.397685 0.020313 0.026852
0 0.221354 0.612500 0.010417 0.025000
0 0.894531 0.902315 0.014063 0.032407
0 0.227604 0.735648 0.011458 0.025000
0 0.369010 0.306944 0.019271 0.013889
0 0.430469 0.419907 0.018229 0.019444
0 0.409375 0.906944 0.012500 0.030556
0 0.278646 0.688889 0.012500 0.031481
0 0.030208 0.150463 0.012500 0.025000
0 0.149219 0.696296 0.010937 0.020370
0 0.286719 0.368519 0.020313 0.020370
0 0.234896 0.747685 0.011458 0.026852
0 0.623698 0.098611 0.010937 0.025000
0 0.244531 0.563426 0.008854 0.026852
0 0.113542 0.532407 0.013542 0.022222
0 0.752083 0.744907 0.013542 0.026852
0 0.597396 0.236574 0.009375 0.025000
0 0.486719 0.238889 0.015104 0.024074
0 0.312760 0.681944 0.007812 0.026852
0 0.645833 0.783333 0.013542 0.031481
0 0.917969 0.970833 0.013021 0.036111
0 0.013021 0.188889 0.011458 0.022222
2 0.015625 0.863426 0.030208 0.063889
0 0.956510 0.887037 0.013021 0.016667
0 0.277083 0.648148 0.010417 0.031481
0 0.292448 0.916204 0.015104 0.023148
0 0.040625 0.121296 0.013542 0.025926
0 0.474740 0.482407 0.011979 0.025926
0 0.254948 0.626389 0.008854 0.026852
0 0.638021 0.221296 0.013542 0.016667
0 0.541146 0.638426 0.014583 0.025000
0 0.651042 0.168519 0.012500 0.016667
0 0.598958 0.702778 0.014583 0.037037
0 0.426042 0.990278 0.013542 0.015741
0 0.319531 0.337037 0.017188 0.016667
0 0.151562 0.593056 0.013542 0.025000
0 0.214062 0.765278 0.013542 0.023148
0 0.758073 0.282407 0.007812 0.022222
0 0.906250 0.935185 0.013542 0.031481
0 0.261458 0.673148 0.011458 0.031481
0 0.351823 0.307870 0.017188 0.013889
0 0.884375 0.866667 0.011458 0.033333
0 0.652083 0.157407 0.012500 0.016667
0 0.247917 0.660185 0.010417 0.025926
0 0.250260 0.317130 0.015104 0.015741
0 0.424219 0.961574 0.016146 0.021296
0 0.488021 0.932407 0.010417 0.029630
0 0.262760 0.635185 0.008854 0.025926
0 0.369792 0.902778 0.010417 0.025926
0 0.479427 0.529167 0.017188 0.028704
0 0.562500 0.631944 0.013542 0.026852
0 0.742188 0.710648 0.010417 0.026852
0 0.242969 0.280093 0.017188 0.015741
0 0.933854 0.937500 0.013542 0.032407
0 0.151042 0.636574 0.014583 0.025000
0 0.050260 0.743056 0.015104 0.032407
0 0.295052 0.658796 0.007812 0.026852
0 0.635417 0.266667 0.011458 0.018519
0 0.245312 0.621759 0.009375 0.025000
0 0.163802 0.338889 0.018229 0.018519
0 0.237240 0.617130 0.010937 0.025000
0 0.468490 0.371296 0.018229 0.024074
0 0.576562 0.665278 0.012500 0.030556
0 0.800781 0.860648 0.014063 0.021296
0 0.273698 0.385185 0.016146 0.016667
0 0.781250 0.445833 0.012500 0.019444
0 0.683073 0.925463 0.016146 0.045370
0 0.237760 0.650463 0.011979 0.025000
0 0.270313 0.677778 0.010417 0.025926
0 0.152083 0.516204 0.010417 0.025000
0 0.200260 0.539352 0.010937 0.026852
0 0.250521 0.768519 0.012500 0.024074
0 0.904167 0.857407 0.011458 0.027778
0 0.141146 0.570833 0.013542 0.023148
0 0.764583 0.243519 0.009375 0.027778
0 0.955469 0.525463 0.015104 0.015741
0 0.133854 0.557870 0.013542 0.021296
0 0.796875 0.844907 0.015625 0.021296
0 0.834896 0.648611 0.013542 0.034259
0 0.228646 0.785185 0.014583 0.022222
0 0.794010 0.488426 0.010937 0.025000
0 0.804167 0.550463 0.011458 0.026852
0 0.767188 0.502778 0.011458 0.025926
0 0.320573 0.301389 0.016146 0.013889
0 0.775781 0.532407 0.013021 0.029630
0 0.650000 0.183796 0.012500 0.015741
0 0.864062 0.737037 0.010417 0.025926
0 0.292448 0.587037 0.008854 0.025926
0 0.523698 0.575926 0.015104 0.020370
0 0.224219 0.556019 0.010937 0.026852
0 0.139583 0.613426 0.013542 0.023148
0 0.347917 0.993519 0.010417 0.009259
0 0.746094 0.352778 0.007812 0.018519
0 0.271615 0.580093 0.007812 0.021296
0 0.462500 0.988426 0.012500 0.017593
0 0.463542 0.973148 0.014583 0.037037
0 0.818750 0.667130 0.012500 0.034259
0 0.779427 0.275463 0.007812 0.021296
0 0.286198 0.652778 0.007812 0.025926
0 0.134896 0.510185 0.010417 0.033333
0 0.181510 0.531944 0.010937 0.028704
0 0.838021 0.727778 0.013542 0.038889
0 0.221094 0.725926 0.013021 0.024074
0 0.142969 0.512500 0.007812 0.026852
0 0.945312 0.973148 0.013542 0.033333
0 0.280990 0.325926 0.015104 0.016667
0 0.651042 0.938889 0.012500 0.020370
0 0.255469 0.571296 0.010937 0.024074
0 0.207813 0.550463 0.010417 0.025000
0 0.301302 0.591667 0.008854 0.025926
0 0.233333 0.557407 0.009375 0.027778
0 0.820573 0.252315 0.007812 0.023148
0 0.304427 0.675926 0.006771 0.025926
0 0.231510 0.644907 0.010937 0.023148
0 0.879687 0.785185 0.011458 0.024074
0 0.654167 0.321296 0.015625 0.018519
0 0.163021 0.524537 0.011458 0.032407
0 0.794531 0.260185 0.010937 0.024074
2 0.051302 0.810648 0.019271 0.050926
0 0.729948 0.361574 0.007812 0.021296
0 0.788542 0.273148 0.010417 0.025926
0 0.190885 0.538889 0.007812 0.025926
0 0.810937 0.257870 0.011458 0.030556
0 0.255469 0.666667 0.010937 0.025926
0 0.176042 0.596296 0.013542 0.025926
0 0.130208 0.551389 0.012500 0.021296
2 0.327604 0.399074 0.027083 0.029630
2 0.508333 0.272685 0.027083 0.043519
0 0.825000 0.183796 0.007292 0.028704
0 0.934375 0.206481 0.011458 0.029630
0 0.903125 0.312037 0.014583 0.012963
0 0.922135 0.305556 0.013021 0.009259
0 0.815885 0.323148 0.011979 0.031481
0 0.810937 0.574537 0.009375 0.023148
0 0.844010 0.676389 0.013021 0.032407
0 0.853646 0.702778 0.013542 0.029630
0 0.827604 0.693981 0.012500 0.028704
0 0.892188 0.818981 0.013542 0.034259
2 0.800260 0.788889 0.018229 0.024074
0 0.544010 0.972222 0.018229 0.022222
0 0.427083 0.943056 0.019792 0.017593
0 0.252344 0.818981 0.008854 0.019444
0 0.217188 0.711111 0.012500 0.024074
0 0.211198 0.693981 0.014063 0.028704
0 0.159896 0.715278 0.012500 0.025000
0 0.127344 0.588426 0.015104 0.026852
2 0.094271 0.564815 0.048958 0.100000
0 0.068490 0.476389 0.014063 0.013889
0 0.083333 0.481481 0.015625 0.016667
0 0.121354 0.501852 0.015625 0.018519
0 0.163802 0.598148 0.013021 0.024074
0 0.172656 0.528241 0.009896 0.030556
0 0.216146 0.556481 0.010417 0.031481
0 0.282813 0.585648 0.012500 0.034259
0 0.704688 0.925463 0.013542 0.013889
0 0.485156 0.161574 0.009896 0.030556
0 0.493229 0.193519 0.008333 0.024074
0 0.628906 0.010648 0.006771 0.019444
0 0.652083 0.011111 0.008333 0.020370
0 0.645573 0.198148 0.015104 0.016667
0 0.643490 0.212037 0.016146 0.014815
0 0.810677 0.442593 0.009896 0.014815
0 0.779687 0.245370 0.011458 0.027778
0 0.717969 0.295370 0.018229 0.020370
0 0.717708 0.281019 0.016667 0.015741
0 0.756771 0.345833 0.008333 0.021296
0 0.764062 0.348148 0.009375 0.027778
0 0.230729 0.615741 0.012500 0.027778
0 0.271615 0.643519 0.008854 0.025926
0 0.635938 0.250463 0.013542 0.012037
0 0.210938 0.274074 0.013542 0.014815
0 0.226562 0.275926 0.015625 0.016667
2 0.040625 0.234722 0.014583 0.049074
0 0.037500 0.337963 0.013542 0.011111
0 0.050781 0.103241 0.006771 0.015741
0 0.236719 0.311111 0.010937 0.016667
0 0.289844 0.295833 0.013021 0.013889
0 0.304427 0.298611 0.014063 0.017593
0 0.336198 0.306019 0.011979 0.013889
