0 0.391146 0.398148 0.015625 0.016667
0 0.207031 0.313889 0.017188 0.018519
0 0.419531 0.394907 0.015104 0.019444
0 0.687240 0.930093 0.014063 0.037963
0 0.169010 0.298148 0.017188 0.016667
0 0.137240 0.667130 0.011979 0.021296
0 0.262240 0.354167 0.015104 0.017593
0 0.572917 0.255093 0.013542 0.025000
0 0.366927 0.416667 0.018229 0.016667
2 0.521094 0.267130 0.020313 0.030556
0 0.186198 0.327778 0.015104 0.016667
0 0.861719 0.415278 0.016146 0.017593
0 0.872917 0.834722 0.013542 0.034259
0 0.613281 0.318056 0.014063 0.026852
0 0.370312 0.400463 0.015625 0.015741
0 0.351302 0.391204 0.015104 0.015741
0 0.252344 0.371759 0.016146 0.015741
0 0.299219 0.331019 0.018229 0.017593
0 0.189062 0.716667 0.012500 0.024074
0 0.411719 0.427778 0.015104 0.016667
0 0.872135 0.368981 0.017188 0.015741
0 0.586979 0.219907 0.012500 0.026852
0 0.199740 0.737500 0.011979 0.023148
0 0.437760 0.418056 0.016146 0.019444
0 0.581510 0.437037 0.011979 0.029630
0 0.273698 0.377778 0.016146 0.016667
0 0.592187 0.475463 0.009375 0.026852
0 0.422917 0.791204 0.012500 0.036111
0 0.618490 0.393519 0.015104 0.033333
0 0.512760 0.285185 0.014063 0.025926
0 0.486979 0.396296 0.013542 0.027778
0 0.445573 0.379167 0.016146 0.021296
0 0.266146 0.321296 0.015625 0.016667
0 0.667969 0.252778 0.010937 0.025926
0 0.820833 0.252315 0.010417 0.025000
0 0.181510 0.761574 0.014063 0.025000
0 0.341406 0.407407 0.016146 0.016667
0 0.282031 0.366667 0.017188 0.018519
0 0.616667 0.762500 0.013542 0.036111
0 0.596875 0.541204 0.010417 0.036111
0 0.546875 0.297685 0.014583 0.025000
0 0.612760 0.646759 0.013021 0.058333
0 0.003385 0.300926 0.005729 0.020370
0 0.880469 0.408796 0.018229 0.017593
0 0.753646 0.744907 0.013542 0.026852
0 0.057813 0.293519 0.015625 0.020370
0 0.598437 0.583796 0.011458 0.037963
0 0.244271 0.754167 0.011458 0.025000
0 0.217969 0.340278 0.019271 0.023148
0 0.420312 0.248148 0.012500 0.027778
0 0.450260 0.682407 0.010937 0.033333
0 0.250781 0.317130 0.014063 0.015741
0 0.637240 0.235185 0.013021 0.016667
0 0.369010 0.306944 0.020313 0.013889
0 0.569271 0.400926 0.013542 0.025926
0 0.455469 0.632870 0.007812 0.026852
0 0.908333 0.936574 0.013542 0.030556
0 0.325781 0.382407 0.018229 0.016667
0 0.150260 0.693519 0.010937 0.020370
0 0.135677 0.310185 0.019271 0.016667
0 0.655990 0.816667 0.014063 0.038889
0 0.144792 0.252778 0.015625 0.016667
0 0.180990 0.653241 0.013021 0.019444
0 0.278125 0.687037 0.011458 0.031481
0 0.639062 0.767130 0.013542 0.034259
0 0.347135 0.918519 0.016146 0.018519
0 0.341927 0.340278 0.021354 0.021296
0 0.222917 0.612500 0.010417 0.025000
0 0.388802 0.421296 0.017188 0.018519
0 0.213281 0.816667 0.015104 0.024074
0 0.235937 0.747685 0.011458 0.026852
0 0.244531 0.279167 0.016146 0.017593
0 0.801562 0.860648 0.014583 0.021296
0 0.278646 0.647685 0.010417 0.032407
0 0.227604 0.735648 0.011458 0.025000
0 0.896354 0.905556 0.012500 0.031481
0 0.321094 0.335648 0.018229 0.015741
0 0.627083 0.730093 0.011458 0.028704
0 0.162240 0.257407 0.017188 0.016667
0 0.580990 0.198611 0.010937 0.025000
0 0.303385 0.375926 0.016146 0.016667
0 0.476302 0.231944 0.015104 0.036111
0 0.796875 0.846296 0.015625 0.020370
0 0.498437 0.247685 0.012500 0.025000
0 0.742448 0.712037 0.008854 0.027778
0 0.644010 0.865278 0.011979 0.030556
0 0.245312 0.563426 0.009375 0.026852
0 0.919271 0.972685 0.013542 0.037963
0 0.214062 0.765278 0.013542 0.023148
0 0.935417 0.938426 0.013542 0.032407
0 0.845313 0.257407 0.010417 0.031481
0 0.256510 0.630556 0.010937 0.031481
0 0.834896 0.646296 0.013542 0.031481
0 0.885417 0.868056 0.011458 0.032407
0 0.293490 0.916204 0.015104 0.023148
0 0.151562 0.637037 0.013542 0.024074
0 0.805208 0.551389 0.011458 0.025000
0 0.394271 0.891204 0.010417 0.026852
0 0.238281 0.618056 0.010937 0.026852
0 0.319010 0.400463 0.018229 0.015741
0 0.262240 0.673148 0.011979 0.031481
0 0.711719 0.985648 0.017188 0.026852
0 0.211198 0.269907 0.015104 0.017593
0 0.139583 0.612037 0.013542 0.024074
0 0.620833 0.699537 0.012500 0.028704
0 0.488021 0.932407 0.010417 0.029630
0 0.114583 0.531944 0.013542 0.023148
0 0.447656 0.592130 0.007812 0.023148
0 0.425260 0.962500 0.015104 0.021296
0 0.352344 0.307870 0.017188 0.013889
0 0.250521 0.768056 0.012500 0.025000
0 0.141146 0.571296 0.013542 0.024074
0 0.403646 0.280093 0.014583 0.021296
0 0.321615 0.300926 0.016146 0.014815
0 0.051302 0.747222 0.013021 0.025926
0 0.153125 0.593056 0.013542 0.025000
0 0.759115 0.281019 0.007812 0.023148
0 0.608333 0.166667 0.009375 0.027778
0 0.654948 0.319907 0.015104 0.019444
0 0.789583 0.273148 0.010417 0.024074
0 0.295052 0.658796 0.007812 0.028704
0 0.752344 0.173148 0.016146 0.020370
0 0.281510 0.325926 0.015104 0.018519
0 0.198958 0.538426 0.011458 0.032407
0 0.629948 0.012963 0.008854 0.024074
0 0.825521 0.182870 0.011458 0.025000
0 0.459896 0.276389 0.010417 0.026852
0 0.270833 0.677778 0.010417 0.025926
0 0.238542 0.650463 0.011458 0.025000
0 0.426042 0.990278 0.013542 0.015741
0 0.655208 0.143519 0.012500 0.016667
0 0.232031 0.644907 0.010937 0.023148
0 0.464583 0.972685 0.014583 0.036111
0 0.234635 0.557407 0.007812 0.027778
0 0.247917 0.657870 0.010417 0.026852
0 0.153646 0.516667 0.010417 0.025926
0 0.796875 0.258796 0.010417 0.025000
0 0.904687 0.858796 0.011458 0.026852
0 0.302083 0.590278 0.010417 0.025000
0 0.613802 0.518056 0.018229 0.026852
0 0.043229 0.122685 0.013542 0.026852
0 0.879687 0.783796 0.013542 0.032407
0 0.635938 0.266667 0.012500 0.018519
0 0.182292 0.531944 0.010417 0.028704
0 0.947396 0.974537 0.014583 0.034259
0 0.245312 0.622685 0.009375 0.026852
0 0.462500 0.988889 0.012500 0.018519
0 0.312760 0.682407 0.008854 0.025926
0 0.568750 0.665278 0.012500 0.025000
0 0.263281 0.633796 0.010937 0.026852
0 0.135937 0.510185 0.010417 0.033333
0 0.217188 0.708796 0.012500 0.023148
0 0.220312 0.722685 0.012500 0.023148
0 0.229167 0.785185 0.015625 0.022222
0 0.768229 0.500463 0.011458 0.025000
0 0.639583 0.221759 0.013542 0.015741
0 0.764062 0.343519 0.008333 0.020370
0 0.636458 0.250926 0.013542 0.016667
0 0.167187 0.596296 0.012500 0.024074
0 0.370833 0.900463 0.010417 0.026852
0 0.083333 0.479167 0.015625 0.015741
0 0.293490 0.587037 0.008854 0.025926
2 0.051562 0.807407 0.020833 0.046296
0 0.226823 0.273148 0.016146 0.016667
0 0.255990 0.666667 0.011979 0.031481
0 0.136458 0.562500 0.014583 0.023148
0 0.271615 0.580093 0.007812 0.021296
0 0.834896 0.251389 0.010417 0.023148
0 0.794010 0.488889 0.010937 0.025926
0 0.225521 0.554167 0.011458 0.030556
0 0.176042 0.596296 0.013542 0.025926
0 0.864583 0.735648 0.011458 0.025000
0 0.542969 0.971296 0.021354 0.024074
0 0.652083 0.168519 0.012500 0.014815
0 0.163021 0.522685 0.011458 0.032407
0 0.209375 0.549537 0.011458 0.030556
0 0.144010 0.512500 0.007812 0.025000
0 0.753385 0.344907 0.007812 0.019444
0 0.254948 0.571296 0.007812 0.022222
0 0.957292 0.891667 0.013542 0.018519
0 0.149479 0.580093 0.012500 0.021296
0 0.287760 0.651389 0.007812 0.026852
0 0.445052 0.631944 0.006771 0.021296
0 0.120833 0.499537 0.014583 0.019444
0 0.748698 0.352778 0.007812 0.018519
0 0.779687 0.275926 0.009375 0.022222
0 0.653646 0.157407 0.012500 0.014815
1 0.485417 0.562037 0.039583 0.057407
2 0.406510 0.905556 0.021354 0.064815
0 0.935156 0.206944 0.011979 0.028704
0 0.905208 0.312500 0.015625 0.013889
0 0.924219 0.306944 0.014063 0.008333
0 0.818229 0.324074 0.012500 0.031481
0 0.852865 0.285648 0.006771 0.008333
0 0.780469 0.246296 0.010937 0.025926
0 0.732552 0.363889 0.009896 0.024074
0 0.744531 0.409259 0.016146 0.018519
0 0.810156 0.441204 0.008854 0.012037
0 0.777083 0.531481 0.011458 0.025926
0 0.783854 0.552315 0.007292 0.008333
0 0.956771 0.527315 0.016667 0.012037
0 0.812760 0.575000 0.011979 0.020370
0 0.821094 0.668056 0.011979 0.028704
0 0.845313 0.676389 0.012500 0.028704
0 0.855469 0.704167 0.011979 0.026852
0 0.829427 0.694444 0.011979 0.031481
0 0.839583 0.728241 0.015625 0.030556
0 0.801823 0.791204 0.019271 0.023148
0 0.892188 0.818981 0.015625 0.032407
0 0.644531 0.211111 0.015104 0.014815
0 0.645573 0.196296 0.011979 0.012963
0 0.651302 0.183796 0.009896 0.013889
0 0.663281 0.107407 0.016146 0.018519
0 0.719271 0.282407 0.013542 0.014815
0 0.717969 0.295370 0.019271 0.018519
0 0.485677 0.162037 0.010937 0.027778
0 0.495052 0.193519 0.006771 0.025926
2 0.295833 0.389352 0.022917 0.021296
0 0.290625 0.295833 0.011458 0.012037
0 0.303385 0.299074 0.016146 0.016667
0 0.039062 0.338426 0.014583 0.012037
0 0.050781 0.103704 0.005729 0.018519
0 0.068490 0.475463 0.011979 0.013889
2 0.095052 0.562963 0.051562 0.101852
0 0.128385 0.587037 0.014063 0.025926
0 0.217188 0.554630 0.011458 0.029630
0 0.193229 0.536111 0.010417 0.029630
0 0.173698 0.529167 0.008854 0.028704
0 0.130469 0.550926 0.014063 0.022222
0 0.161198 0.714352 0.011979 0.025000
0 0.212240 0.694907 0.014063 0.026852
0 0.252344 0.818519 0.007812 0.018519
2 0.008333 0.908796 0.015625 0.050926
0 0.427865 0.944444 0.019271 0.018519
0 0.428646 0.830093 0.007292 0.025000
0 0.439844 0.726389 0.011979 0.036111
0 0.336719 0.308333 0.013021 0.014815
0 0.283594 0.587037 0.014063 0.033333
0 0.231771 0.618056 0.011458 0.026852
0 0.271875 0.643981 0.010417 0.026852
