0 0.424740 0.423148 0.015104 0.018519
0 0.422396 0.393519 0.015625 0.018519
0 0.399740 0.425000 0.015104 0.018519
0 0.441667 0.707870 0.012500 0.032407
0 0.398698 0.399074 0.016146 0.018519
0 0.136458 0.666667 0.012500 0.022222
0 0.861719 0.418519 0.016146 0.018519
0 0.924740 0.343981 0.018229 0.013889
0 0.313542 0.377778 0.017708 0.016667
0 0.679167 0.969907 0.013542 0.034259
0 0.599219 0.526389 0.014063 0.025000
0 0.454688 0.393981 0.010417 0.028704
0 0.263542 0.716667 0.013542 0.020370
0 0.903385 0.313889 0.016146 0.012963
0 0.371615 0.418981 0.017188 0.019444
0 0.878646 0.411574 0.017708 0.019444
0 0.183594 0.324074 0.017188 0.018519
0 0.899740 0.402778 0.016146 0.016667
0 0.346094 0.916667 0.016146 0.016667
0 0.258073 0.349074 0.016146 0.018519
0 0.299219 0.330556 0.018229 0.016667
0 0.404167 0.300000 0.014583 0.020370
0 0.618490 0.393056 0.015104 0.034259
0 0.243490 0.368519 0.017188 0.016667
0 0.644792 0.475926 0.014583 0.018519
0 0.971615 0.331944 0.018229 0.015741
0 0.292448 0.386574 0.016146 0.017593
0 0.511198 0.261574 0.015104 0.023148
0 0.870833 0.837037 0.013542 0.035185
2 0.568490 0.386574 0.024479 0.039815
0 0.160417 0.312963 0.017708 0.018519
0 0.327865 0.404167 0.016146 0.019444
0 0.450521 0.554167 0.010417 0.034259
0 0.454167 0.628241 0.007292 0.025000
0 0.638542 0.774074 0.013542 0.035185
0 0.188542 0.713889 0.013542 0.025926
0 0.282813 0.362963 0.017708 0.018519
0 0.132812 0.305556 0.017708 0.016667
0 0.452344 0.437037 0.010937 0.029630
0 0.638021 0.050463 0.010417 0.028704
0 0.211198 0.336574 0.019271 0.019444
0 0.818490 0.415278 0.017188 0.017593
0 0.552865 0.343056 0.018229 0.023148
0 0.199740 0.734722 0.011979 0.025000
0 0.906771 0.937963 0.014583 0.031481
0 0.759896 0.235185 0.010417 0.029630
0 0.244010 0.277778 0.016146 0.016667
0 0.321094 0.335185 0.018229 0.018519
0 0.144792 0.252315 0.015625 0.019444
0 0.214323 0.356944 0.016146 0.015741
0 0.449740 0.664352 0.008854 0.028704
0 0.244271 0.754167 0.011458 0.026852
0 0.222396 0.609722 0.011458 0.025000
0 0.459115 0.263426 0.009896 0.030556
0 0.020313 0.171759 0.011458 0.023148
0 0.753125 0.745833 0.012500 0.026852
0 0.368490 0.306019 0.019271 0.013889
0 0.265365 0.320370 0.016146 0.018519
0 0.041667 0.116667 0.013542 0.025926
0 0.917969 0.972222 0.014063 0.037037
0 0.530469 0.305093 0.014063 0.026852
0 0.601562 0.588426 0.012500 0.032407
0 0.169792 0.336574 0.017708 0.017593
0 0.180990 0.757870 0.014063 0.025000
0 0.292448 0.915278 0.015104 0.023148
0 0.208594 0.311574 0.018229 0.017593
0 0.212760 0.813426 0.015104 0.023148
0 0.893490 0.906019 0.013021 0.032407
0 0.169010 0.295370 0.018229 0.016667
0 0.097917 0.293056 0.016667 0.019444
0 0.668490 0.253241 0.010937 0.025000
0 0.343490 0.341667 0.020313 0.020370
0 0.211198 0.268519 0.016146 0.016667
0 0.234896 0.745370 0.011458 0.025926
0 0.636719 0.827778 0.014063 0.033333
0 0.759115 0.281944 0.007812 0.023148
0 0.694792 0.965278 0.011458 0.032407
0 0.804167 0.551389 0.011458 0.023148
0 0.369792 0.901389 0.010417 0.026852
0 0.312240 0.680093 0.007812 0.025000
0 0.654687 0.143981 0.013542 0.015741
0 0.151042 0.632870 0.013542 0.025000
0 0.214844 0.765278 0.014063 0.023148
0 0.622917 0.031944 0.009375 0.025000
0 0.227344 0.732870 0.010937 0.026852
0 0.244010 0.562037 0.008854 0.027778
0 0.959115 0.380556 0.019271 0.022222
0 0.142969 0.325463 0.018229 0.017593
0 0.419792 0.245370 0.012500 0.027778
0 0.276562 0.644907 0.010417 0.032407
0 0.770833 0.244907 0.009375 0.025000
0 0.645833 0.012037 0.009375 0.022222
0 0.885417 0.362963 0.015625 0.018519
0 0.152865 0.591667 0.014063 0.024074
0 0.789062 0.271759 0.010417 0.025000
0 0.793490 0.491204 0.010937 0.026852
0 0.834896 0.647685 0.012500 0.030556
0 0.265365 0.374074 0.016146 0.018519
0 0.742448 0.712037 0.008854 0.027778
0 0.139063 0.608796 0.013542 0.025000
0 0.799740 0.862037 0.013021 0.022222
0 0.042448 0.800926 0.015104 0.031481
0 0.244792 0.620370 0.009375 0.025926
0 0.425521 0.990278 0.012500 0.015741
0 0.294792 0.657870 0.007292 0.026852
0 0.255469 0.625463 0.010937 0.028704
0 0.907292 0.905093 0.013542 0.030556
0 0.352865 0.306019 0.016146 0.013889
0 0.650521 0.507870 0.013542 0.021296
0 0.141146 0.568981 0.013542 0.025000
0 0.762240 0.345370 0.007812 0.020370
0 0.821875 0.254167 0.009375 0.023148
0 0.933333 0.941204 0.013542 0.032407
0 0.796615 0.847222 0.014063 0.022222
0 0.768490 0.502778 0.010937 0.025926
0 0.435417 0.100000 0.011458 0.031481
0 0.778646 0.540278 0.010417 0.021296
0 0.249740 0.767130 0.013021 0.025000
0 0.487240 0.931481 0.010937 0.029630
0 0.114062 0.530556 0.013542 0.022222
0 0.126042 0.581481 0.013542 0.024074
0 0.637240 0.234722 0.013021 0.015741
0 0.031771 0.146759 0.012500 0.025000
0 0.163021 0.255556 0.017708 0.018519
0 0.277865 0.686574 0.010937 0.030556
0 0.238542 0.648611 0.011458 0.025000
0 0.424219 0.961111 0.015104 0.020370
0 0.904167 0.860185 0.012500 0.031481
0 0.199740 0.538889 0.011979 0.031481
0 0.305469 0.672685 0.006771 0.025000
0 0.049740 0.741667 0.018229 0.031481
0 0.655469 0.320370 0.014063 0.018519
0 0.639844 0.284722 0.014063 0.015741
0 0.231771 0.643981 0.011458 0.023148
0 0.252344 0.315741 0.014063 0.016667
0 0.153646 0.516667 0.010417 0.025926
0 0.021094 0.275463 0.018229 0.025000
0 0.247917 0.656481 0.011458 0.031481
0 0.133594 0.556481 0.014063 0.022222
0 0.262240 0.670370 0.011979 0.031481
0 0.301042 0.589352 0.008333 0.025000
0 0.834896 0.252778 0.010417 0.024074
0 0.238021 0.616204 0.010417 0.025000
0 0.635938 0.266204 0.011458 0.015741
0 0.270313 0.675463 0.010417 0.025000
0 0.463542 0.970833 0.014583 0.037963
0 0.232813 0.554167 0.009375 0.026852
0 0.388542 0.901389 0.010417 0.026852
0 0.651563 0.168056 0.011458 0.015741
0 0.280990 0.324074 0.015104 0.018519
0 0.065365 0.324074 0.017188 0.018519
0 0.737760 0.450463 0.021354 0.019444
0 0.812240 0.256944 0.011979 0.026852
0 0.255990 0.666667 0.011979 0.031481
0 0.321094 0.299074 0.017188 0.014815
0 0.769271 0.293519 0.007292 0.024074
0 0.263021 0.631019 0.010417 0.026852
0 0.254948 0.566667 0.008854 0.025926
0 0.462500 0.987963 0.012500 0.018519
0 0.143490 0.508796 0.007812 0.025000
0 0.287240 0.651389 0.007812 0.026852
0 0.863542 0.738889 0.010417 0.025926
0 0.797917 0.261574 0.010417 0.028704
0 0.271615 0.578241 0.007812 0.021296
0 0.654167 0.156481 0.012500 0.014815
0 0.818750 0.751389 0.012500 0.025000
0 0.228646 0.781481 0.017708 0.024074
0 0.347917 0.993056 0.010417 0.010185
0 0.135417 0.507870 0.010417 0.028704
0 0.192188 0.534259 0.010417 0.025926
0 0.129688 0.549074 0.013542 0.022222
0 0.217188 0.553241 0.012500 0.030556
0 0.639062 0.220833 0.013542 0.013889
0 0.219792 0.722222 0.012500 0.024074
0 0.957292 0.890278 0.013542 0.017593
0 0.282292 0.581019 0.008333 0.026852
0 0.431771 0.748611 0.011458 0.025000
0 0.467187 0.343056 0.010417 0.026852
0 0.885938 0.875463 0.010417 0.025000
0 0.226562 0.272685 0.017708 0.017593
0 0.819792 0.831481 0.010417 0.025926
0 0.148958 0.691204 0.010417 0.023148
0 0.293490 0.586111 0.008854 0.027778
0 0.879167 0.786574 0.011458 0.023148
0 0.543490 0.971759 0.019271 0.021296
2 0.600521 0.733333 0.020833 0.050000
0 0.177344 0.595370 0.016146 0.031481
0 0.120313 0.495370 0.014583 0.018519
0 0.225521 0.553241 0.011458 0.030556
0 0.183594 0.531481 0.011979 0.031481
2 0.166667 0.700463 0.025000 0.049074
0 0.936198 0.207870 0.009896 0.028704
0 0.922917 0.308333 0.011458 0.009259
0 0.817448 0.324537 0.013021 0.030556
0 0.853125 0.287500 0.006250 0.008333
0 0.780990 0.278241 0.008854 0.021296
0 0.780469 0.244907 0.007812 0.026852
0 0.826562 0.186111 0.008333 0.022222
0 0.810937 0.443519 0.007292 0.014815
0 0.732292 0.367593 0.008333 0.024074
0 0.747917 0.355556 0.007292 0.018519
0 0.755990 0.344444 0.005729 0.018519
0 0.718490 0.296759 0.018229 0.019444
0 0.719010 0.281019 0.013021 0.015741
0 0.643490 0.209722 0.016146 0.013889
0 0.645312 0.196759 0.010417 0.015741
0 0.650260 0.186111 0.011979 0.016667
0 0.635938 0.252315 0.014583 0.013889
0 0.811719 0.575926 0.009896 0.018519
0 0.819010 0.667130 0.011979 0.026852
0 0.844792 0.678704 0.011458 0.029630
0 0.827865 0.693519 0.013021 0.029630
0 0.839323 0.729630 0.013021 0.031481
0 0.854167 0.706481 0.011458 0.029630
0 0.890365 0.819907 0.013021 0.030556
0 0.801042 0.791204 0.018750 0.021296
0 0.805208 0.879167 0.015625 0.012037
0 0.946094 0.976852 0.016146 0.035185
0 0.650260 0.938889 0.008854 0.014815
0 0.426563 0.943519 0.019792 0.016667
0 0.436719 0.788426 0.010937 0.021296
0 0.165365 0.521296 0.007812 0.029630
0 0.232292 0.614815 0.008333 0.024074
0 0.271615 0.641667 0.010937 0.025926
0 0.208073 0.551852 0.011979 0.027778
0 0.173437 0.527778 0.008333 0.029630
0 0.149740 0.579630 0.014063 0.022222
0 0.163542 0.593981 0.014583 0.023148
0 0.069271 0.472222 0.014583 0.014815
0 0.084375 0.480556 0.015625 0.016667
2 0.084375 0.539352 0.031250 0.056481
2 0.111198 0.623148 0.036979 0.033333
0 0.076042 0.696759 0.011458 0.025000
2 0.051823 0.805093 0.018229 0.043519
0 0.251823 0.816667 0.008854 0.016667
0 0.211198 0.693056 0.013021 0.026852
0 0.217188 0.709722 0.011458 0.023148
2 0.041146 0.229167 0.013542 0.043519
0 0.038542 0.335185 0.014583 0.011111
0 0.050260 0.099537 0.006771 0.017593
0 0.239844 0.312037 0.011979 0.018519
0 0.290365 0.293056 0.010937 0.013889
0 0.304167 0.296296 0.015625 0.016667
2 0.346615 0.387500 0.026562 0.025000
0 0.337760 0.306019 0.013021 0.013889
0 0.485938 0.160648 0.011458 0.028704
0 0.495573 0.193519 0.008854 0.025926
0 0.955990 0.530093 0.017188 0.015741
0 0.159635 0.713426 0.013021 0.026852
