0 0.424219 0.425926 0.016146 0.018519
0 0.679948 0.429167 0.015104 0.019444
0 0.379427 0.399537 0.016146 0.017593
0 0.491667 0.250926 0.027083 0.046296
0 0.869271 0.833796 0.013542 0.032407
0 0.617969 0.113889 0.010937 0.024074
0 0.406510 0.850926 0.013021 0.037037
0 0.583333 0.231019 0.011458 0.026852
0 0.617448 0.393056 0.015104 0.034259
0 0.402865 0.404167 0.016146 0.015741
0 0.425260 0.394907 0.016146 0.019444
0 0.133854 0.668056 0.013542 0.021296
0 0.236198 0.346296 0.017188 0.018519
0 0.524740 0.277315 0.019271 0.032407
0 0.620833 0.338426 0.014583 0.025000
0 0.166406 0.298148 0.018229 0.018519
0 0.378385 0.419907 0.016146 0.019444
0 0.619792 0.465278 0.014583 0.019444
0 0.345052 0.918519 0.016146 0.018519
0 0.205469 0.313889 0.018229 0.018519
0 0.198958 0.740278 0.012500 0.023148
0 0.601562 0.157407 0.013542 0.027778
0 0.128646 0.638889 0.015625 0.018519
0 0.442188 0.704167 0.011458 0.030556
0 0.859635 0.413889 0.016146 0.018519
0 0.675781 0.899537 0.014063 0.036111
0 0.878385 0.407407 0.018229 0.018519
0 0.893490 0.901389 0.014063 0.032407
0 0.297656 0.330556 0.018229 0.016667
0 0.357031 0.412037 0.016146 0.016667
0 0.581510 0.433796 0.011979 0.032407
0 0.445312 0.388889 0.015625 0.020370
0 0.472917 0.440278 0.012500 0.032407
0 0.643490 0.452778 0.014063 0.016667
0 0.160677 0.259259 0.018229 0.018519
0 0.644531 0.790278 0.014063 0.036111
0 0.393229 0.908796 0.011458 0.028704
0 0.653646 0.143056 0.014583 0.015741
0 0.907031 0.340278 0.017188 0.019444
0 0.244010 0.755556 0.014063 0.025926
0 0.445052 0.418519 0.015104 0.020370
0 0.186979 0.715278 0.013542 0.025000
0 0.660937 0.843519 0.013542 0.037037
0 0.621354 0.704630 0.013542 0.040741
0 0.630990 0.075463 0.008854 0.026852
0 0.707292 0.990278 0.012500 0.019444
0 0.666146 0.251389 0.010417 0.025000
0 0.751042 0.743519 0.013542 0.027778
0 0.268490 0.358796 0.019271 0.017593
0 0.359115 0.389352 0.016146 0.015741
0 0.307812 0.374537 0.015625 0.017593
0 0.418490 0.244907 0.013021 0.030556
0 0.267969 0.379167 0.016146 0.017593
0 0.339844 0.340278 0.019271 0.017593
0 0.180469 0.763426 0.014063 0.026852
0 0.693750 0.952778 0.012500 0.031481
0 0.129167 0.321759 0.018750 0.021296
0 0.047396 0.744907 0.015625 0.032407
0 0.317448 0.335648 0.017188 0.015741
0 0.693229 0.445833 0.013542 0.019444
0 0.456510 0.588426 0.008854 0.026852
0 0.292187 0.916204 0.014583 0.023148
0 0.623958 0.485648 0.013542 0.019444
0 0.906250 0.933796 0.013542 0.032407
0 0.212240 0.815278 0.015104 0.025000
0 0.142187 0.252778 0.015625 0.016667
0 0.399219 0.066667 0.014063 0.022222
0 0.147917 0.696296 0.011458 0.022222
0 0.220312 0.613426 0.010417 0.026852
0 0.400781 0.424537 0.021354 0.021296
0 0.426563 0.777778 0.010417 0.029630
0 0.884896 0.864352 0.012500 0.034259
0 0.334635 0.407407 0.016146 0.016667
0 0.605208 0.649537 0.011458 0.032407
0 0.295573 0.662037 0.007812 0.027778
0 0.234896 0.749537 0.014583 0.026852
0 0.245833 0.658796 0.010417 0.025000
0 0.649740 0.168056 0.013021 0.015741
0 0.262240 0.634722 0.011979 0.026852
0 0.150781 0.636574 0.015104 0.025000
0 0.444531 0.625926 0.008854 0.031481
0 0.254688 0.630556 0.011458 0.031481
0 0.276042 0.646759 0.010417 0.030556
0 0.332031 0.383796 0.019271 0.021296
0 0.227083 0.737037 0.011458 0.025926
0 0.637240 0.219907 0.013021 0.015741
0 0.401042 0.933796 0.010417 0.028704
0 0.799740 0.859722 0.014063 0.021296
0 0.138021 0.612037 0.013542 0.024074
0 0.163802 0.338426 0.016146 0.017593
0 0.243490 0.563889 0.008854 0.027778
0 0.207292 0.271296 0.015625 0.018519
0 0.112760 0.532870 0.013021 0.023148
0 0.277604 0.688426 0.015625 0.030556
0 0.635938 0.233796 0.014583 0.015741
0 0.647917 0.012500 0.009375 0.023148
0 0.028646 0.150463 0.012500 0.025000
0 0.238281 0.656019 0.011979 0.025000
0 0.242448 0.279167 0.017188 0.017593
0 0.256250 0.668519 0.010417 0.025926
0 0.150521 0.593056 0.013542 0.025000
0 0.917708 0.969907 0.013542 0.034259
0 0.588281 0.517130 0.008854 0.028704
0 0.523177 0.300926 0.016146 0.029630
0 0.426563 0.993056 0.012500 0.013889
0 0.554688 0.273148 0.014583 0.031481
0 0.209115 0.357407 0.017188 0.018519
0 0.795312 0.844444 0.015625 0.020370
0 0.014063 0.279630 0.019792 0.018519
0 0.742188 0.709259 0.010417 0.029630
0 0.089844 0.302315 0.016146 0.021296
0 0.650521 0.939352 0.011458 0.021296
0 0.039583 0.117130 0.014583 0.025000
0 0.263021 0.675926 0.011458 0.031481
0 0.233594 0.369907 0.017188 0.019444
0 0.419271 0.114352 0.011458 0.030556
0 0.425260 0.962037 0.019271 0.020370
0 0.611719 0.600463 0.007812 0.026852
0 0.263281 0.319907 0.015104 0.015741
0 0.650521 0.156944 0.013542 0.015741
0 0.933854 0.938426 0.013542 0.032407
0 0.369271 0.900463 0.011458 0.026852
0 0.956510 0.887037 0.013021 0.016667
0 0.638542 0.042130 0.009375 0.025000
0 0.249740 0.316204 0.016146 0.015741
0 0.151042 0.516667 0.010417 0.025926
0 0.902604 0.854167 0.011458 0.032407
0 0.606510 0.527315 0.008854 0.025000
0 0.488281 0.933333 0.011979 0.031481
0 0.197917 0.539352 0.011458 0.032407
0 0.823958 0.182407 0.011458 0.024074
0 0.213542 0.767130 0.014583 0.023148
0 0.766146 0.500926 0.011458 0.025926
0 0.279167 0.324537 0.015625 0.017593
0 0.272135 0.678241 0.010937 0.026852
0 0.793490 0.487500 0.011979 0.025000
0 0.081510 0.479167 0.016146 0.015741
0 0.269531 0.580556 0.007812 0.022222
0 0.285938 0.652778 0.009375 0.027778
0 0.235937 0.617130 0.009375 0.025000
0 0.367448 0.306944 0.019271 0.013889
0 0.207813 0.551389 0.010417 0.026852
0 0.174740 0.596296 0.014063 0.025926
0 0.802604 0.551389 0.011458 0.026852
0 0.652865 0.318056 0.016146 0.017593
0 0.462760 0.973148 0.014063 0.037037
0 0.223958 0.556019 0.010417 0.026852
0 0.776823 0.316204 0.007812 0.023148
0 0.794531 0.258796 0.010937 0.023148
0 0.787240 0.271296 0.007812 0.022222
0 0.300260 0.591667 0.008854 0.025926
0 0.255208 0.570833 0.010417 0.023148
0 0.757552 0.281019 0.006771 0.023148
0 0.597917 0.559722 0.010417 0.037963
0 0.163021 0.524537 0.012500 0.032407
0 0.634375 0.265278 0.011458 0.017593
0 0.778385 0.274537 0.007812 0.021296
0 0.243490 0.622685 0.008854 0.026852
0 0.291667 0.587037 0.009375 0.025926
0 0.878646 0.785648 0.013542 0.036111
0 0.139063 0.571759 0.012500 0.023148
0 0.347396 0.993056 0.009375 0.010185
0 0.228906 0.613426 0.007812 0.026852
0 0.223177 0.273611 0.018229 0.015741
0 0.819531 0.252778 0.007812 0.022222
0 0.231510 0.646296 0.010937 0.024074
0 0.541927 0.968981 0.017188 0.019444
0 0.350781 0.306944 0.017188 0.013889
0 0.144010 0.510648 0.011979 0.032407
0 0.901302 0.309722 0.017188 0.013889
0 0.864062 0.737037 0.010417 0.025926
0 0.214583 0.711574 0.012500 0.025000
0 0.132812 0.558796 0.013542 0.021296
0 0.180208 0.533796 0.011458 0.030556
0 0.810417 0.255556 0.011458 0.029630
0 0.944271 0.973148 0.013542 0.033333
0 0.767188 0.241204 0.011458 0.032407
0 0.132812 0.510185 0.011458 0.033333
0 0.127604 0.552778 0.012500 0.022222
0 0.312500 0.681944 0.009375 0.026852
0 0.462760 0.991204 0.011979 0.017593
0 0.646615 0.193056 0.013021 0.012037
0 0.248177 0.768056 0.011979 0.025000
0 0.227865 0.784722 0.016146 0.023148
0 0.190104 0.535648 0.010417 0.026852
2 0.297396 0.390278 0.029167 0.030556
0 0.920833 0.304167 0.014583 0.008333
0 0.808594 0.439815 0.009896 0.012963
0 0.811198 0.575926 0.010937 0.018519
0 0.832812 0.643981 0.012500 0.028704
0 0.843750 0.675926 0.012500 0.029630
0 0.852865 0.703241 0.011979 0.026852
0 0.836979 0.725000 0.013542 0.031481
0 0.817969 0.663889 0.011979 0.027778
0 0.826562 0.693519 0.011458 0.027778
0 0.890625 0.817593 0.012500 0.031481
0 0.799740 0.789352 0.019271 0.023148
0 0.954688 0.525463 0.017708 0.013889
0 0.119531 0.500000 0.016146 0.016667
0 0.066406 0.475463 0.014063 0.015741
2 0.092969 0.563889 0.052604 0.100000
0 0.124740 0.585185 0.017188 0.029630
0 0.158854 0.716667 0.013542 0.025926
0 0.050000 0.808333 0.019792 0.042593
0 0.251563 0.819907 0.010417 0.023148
0 0.220573 0.727315 0.011979 0.025000
0 0.210417 0.694907 0.012500 0.025000
0 0.270833 0.643519 0.010417 0.029630
0 0.281771 0.586574 0.010417 0.032407
0 0.233594 0.557870 0.009896 0.025000
2 0.007552 0.907407 0.014063 0.053704
0 0.146615 0.582870 0.015104 0.023148
0 0.161198 0.597685 0.013021 0.023148
0 0.427083 0.942593 0.020833 0.012963
0 0.034375 0.337963 0.014583 0.014815
0 0.288542 0.294444 0.014583 0.011111
0 0.302604 0.297685 0.015625 0.013889
0 0.320312 0.302315 0.016667 0.013889
0 0.336458 0.306944 0.015625 0.013889
0 0.483333 0.160185 0.010417 0.029630
0 0.491927 0.192130 0.010937 0.026852
0 0.774740 0.531481 0.010937 0.025926
0 0.172656 0.529630 0.009896 0.031481
0 0.933073 0.205093 0.011979 0.028704
0 0.814844 0.321296 0.013021 0.033333
0 0.779687 0.245833 0.010417 0.028704
0 0.730990 0.364352 0.010937 0.026852
0 0.746094 0.353241 0.008854 0.025000
0 0.754167 0.343056 0.007292 0.019444
0 0.762500 0.344444 0.009375 0.022222
0 0.715885 0.293981 0.017188 0.015741
0 0.716927 0.279167 0.014063 0.013889
0 0.641406 0.207407 0.020313 0.016667
0 0.648698 0.182407 0.011979 0.014815
0 0.634635 0.249074 0.016146 0.014815
0 0.440365 0.671296 0.007812 0.022222
2 0.039062 0.231481 0.016667 0.044444
0 0.048698 0.102315 0.008854 0.015741
