0 0.363542 0.416667 0.016667 0.016667
0 0.422396 0.393519 0.015625 0.018519
0 0.424219 0.423148 0.016146 0.018519
0 0.262240 0.713426 0.013021 0.019444
0 0.917448 0.350926 0.016146 0.016667
0 0.392969 0.425463 0.016146 0.019444
0 0.398698 0.399074 0.016146 0.018519
0 0.870313 0.836111 0.012500 0.037037
0 0.861719 0.418519 0.016146 0.018519
0 0.530990 0.337037 0.016146 0.018519
0 0.651042 0.469907 0.014583 0.019444
0 0.441667 0.706019 0.012500 0.034259
0 0.136458 0.666204 0.012500 0.023148
0 0.251042 0.345370 0.016667 0.018519
0 0.879167 0.408796 0.016667 0.019444
0 0.382292 0.931019 0.013542 0.034259
0 0.244010 0.368519 0.018229 0.016667
0 0.298438 0.327778 0.017708 0.016667
0 0.277344 0.361574 0.017188 0.019444
0 0.955990 0.336574 0.018229 0.015741
0 0.182292 0.322222 0.017708 0.018519
0 0.899740 0.404167 0.015104 0.019444
0 0.346094 0.916667 0.016146 0.018519
0 0.207031 0.354167 0.016146 0.017593
0 0.597396 0.531944 0.009375 0.026852
0 0.006250 0.268056 0.011458 0.023148
0 0.618490 0.393056 0.015104 0.034259
0 0.290625 0.387037 0.015625 0.016667
0 0.389323 0.315278 0.016146 0.019444
0 0.769792 0.432870 0.020833 0.021296
0 0.200000 0.736574 0.012500 0.023148
0 0.306510 0.374074 0.018229 0.018519
0 0.188542 0.713426 0.013542 0.025000
0 0.638021 0.050463 0.010417 0.028704
0 0.467187 0.380556 0.010417 0.027778
0 0.454167 0.628241 0.007292 0.025000
0 0.509115 0.256481 0.016146 0.025926
0 0.516667 0.286111 0.017708 0.029630
0 0.244271 0.754167 0.011458 0.026852
0 0.448698 0.586574 0.008854 0.030556
0 0.319792 0.399074 0.016667 0.018519
0 0.616146 0.506019 0.012500 0.023148
0 0.343490 0.340278 0.020313 0.021296
0 0.180990 0.757870 0.014063 0.025000
0 0.132812 0.304167 0.017708 0.017593
0 0.462760 0.311574 0.008854 0.028704
0 0.208594 0.333333 0.018229 0.018519
0 0.222396 0.611574 0.011458 0.026852
0 0.158594 0.311574 0.018229 0.017593
0 0.753125 0.744907 0.012500 0.026852
0 0.906771 0.938426 0.014583 0.030556
0 0.244010 0.277778 0.016146 0.016667
0 0.451042 0.665278 0.010417 0.032407
0 0.652083 0.881481 0.013542 0.033333
0 0.214062 0.762037 0.014583 0.022222
0 0.020313 0.172222 0.011458 0.024074
0 0.321094 0.334259 0.018229 0.016667
0 0.893490 0.906481 0.013021 0.031481
0 0.645833 0.013426 0.009375 0.023148
0 0.757812 0.228241 0.010417 0.026852
0 0.839323 0.406019 0.018229 0.019444
0 0.668490 0.253241 0.010937 0.025000
0 0.917188 0.972222 0.014583 0.037037
0 0.234896 0.745370 0.011458 0.025926
0 0.212760 0.812500 0.015104 0.025000
0 0.425521 0.987963 0.012500 0.018519
0 0.449740 0.472685 0.008854 0.026852
0 0.292448 0.915278 0.015104 0.023148
0 0.770833 0.243981 0.009375 0.025000
0 0.265365 0.318981 0.016146 0.017593
0 0.672396 0.891667 0.013542 0.038889
0 0.757292 0.282870 0.009375 0.026852
0 0.823698 0.822685 0.015104 0.025000
0 0.144792 0.252315 0.015625 0.019444
0 0.622917 0.707870 0.014583 0.032407
2 0.616667 0.776389 0.020833 0.050926
0 0.042188 0.116667 0.012500 0.025926
0 0.834896 0.647222 0.013542 0.031481
0 0.208594 0.311574 0.018229 0.019444
0 0.312240 0.681019 0.007812 0.026852
0 0.369792 0.900463 0.010417 0.028704
0 0.116667 0.344907 0.014583 0.021296
0 0.165365 0.334722 0.017188 0.019444
0 0.804167 0.551389 0.011458 0.025000
0 0.227344 0.732870 0.010937 0.026852
0 0.142448 0.325463 0.019271 0.017593
0 0.152865 0.591667 0.014063 0.024074
0 0.886458 0.841667 0.012500 0.033333
0 0.793490 0.491667 0.010937 0.027778
0 0.419792 0.245370 0.011458 0.027778
0 0.276562 0.644907 0.010417 0.032407
0 0.767969 0.502778 0.010937 0.025926
0 0.211198 0.268519 0.016146 0.016667
0 0.368490 0.306019 0.019271 0.013889
0 0.932813 0.941667 0.013542 0.033333
0 0.451042 0.427315 0.010417 0.030556
0 0.904167 0.313426 0.017708 0.013889
0 0.246875 0.620370 0.009375 0.025926
0 0.151042 0.631944 0.013542 0.025000
0 0.654687 0.143981 0.013542 0.017593
0 0.799740 0.861574 0.013021 0.021296
0 0.244010 0.563426 0.008854 0.028704
0 0.042969 0.804167 0.014063 0.037963
0 0.742448 0.711111 0.008854 0.027778
0 0.762240 0.343981 0.007812 0.019444
2 0.157292 0.684722 0.023958 0.047222
0 0.163021 0.255556 0.017708 0.018519
0 0.961198 0.381481 0.019271 0.022222
0 0.796875 0.845833 0.015625 0.021296
0 0.655469 0.320370 0.014063 0.018519
0 0.994792 0.325463 0.005208 0.019444
0 0.255469 0.625000 0.010937 0.027778
0 0.294792 0.656481 0.007292 0.025926
0 0.637240 0.234722 0.013021 0.015741
0 0.789062 0.271759 0.010417 0.025000
0 0.114062 0.530093 0.013542 0.021296
0 0.821615 0.254167 0.007812 0.023148
2 0.551562 0.368981 0.027083 0.032407
0 0.264583 0.374074 0.015625 0.018519
0 0.139063 0.608796 0.013542 0.025000
0 0.487240 0.931481 0.010937 0.029630
0 0.250521 0.767130 0.012500 0.025000
0 0.249740 0.315278 0.016146 0.017593
0 0.168490 0.295833 0.017188 0.015741
0 0.238542 0.650463 0.011458 0.025000
0 0.049740 0.741667 0.018229 0.031481
0 0.231771 0.643519 0.010417 0.024074
0 0.886719 0.877778 0.010937 0.024074
0 0.197917 0.536111 0.012500 0.031481
0 0.031771 0.147222 0.012500 0.025926
0 0.424740 0.962037 0.016146 0.020370
0 0.141146 0.568981 0.013542 0.025000
0 0.280990 0.322685 0.015104 0.017593
0 0.669792 0.493056 0.012500 0.021296
0 0.639844 0.285185 0.014063 0.018519
0 0.321094 0.299074 0.017188 0.014815
0 0.305469 0.672685 0.006771 0.025000
0 0.301563 0.589352 0.009375 0.025000
0 0.247917 0.657870 0.010417 0.026852
0 0.778646 0.539352 0.010417 0.023148
0 0.904167 0.861574 0.011458 0.032407
0 0.262240 0.631481 0.008854 0.025926
0 0.650521 0.939815 0.011458 0.020370
0 0.233594 0.555556 0.007812 0.025926
0 0.818750 0.751389 0.012500 0.025000
0 0.277865 0.686574 0.010937 0.030556
0 0.238021 0.616204 0.010417 0.025000
0 0.834896 0.252315 0.010417 0.023148
0 0.270313 0.675463 0.010417 0.025000
0 0.635938 0.266204 0.011458 0.015741
0 0.287240 0.651389 0.007812 0.026852
0 0.462500 0.988426 0.012500 0.019444
0 0.256771 0.666667 0.011458 0.031481
0 0.769792 0.289352 0.008333 0.025000
0 0.812240 0.256944 0.011979 0.026852
0 0.073438 0.697685 0.012500 0.025000
0 0.143490 0.509722 0.007812 0.026852
0 0.219271 0.721759 0.012500 0.023148
0 0.227083 0.781019 0.015625 0.023148
0 0.153646 0.516667 0.010417 0.025926
0 0.133594 0.555093 0.014063 0.021296
0 0.254948 0.566204 0.008854 0.025000
0 0.126042 0.581019 0.013542 0.025000
0 0.463542 0.971759 0.014583 0.037963
0 0.419792 0.045370 0.012500 0.033333
0 0.207813 0.549074 0.012500 0.031481
0 0.352344 0.306019 0.017188 0.013889
0 0.651563 0.168519 0.011458 0.016667
0 0.955990 0.890278 0.013021 0.017593
0 0.796615 0.258796 0.010937 0.026852
0 0.347396 0.993056 0.009375 0.010185
0 0.129688 0.549074 0.013542 0.022222
0 0.639062 0.220833 0.013542 0.015741
0 0.262240 0.670370 0.011979 0.031481
0 0.863542 0.737037 0.010417 0.027778
0 0.955990 0.527315 0.015104 0.015741
0 0.174740 0.593981 0.015104 0.026852
0 0.192188 0.534259 0.010417 0.025926
0 0.084115 0.291204 0.016146 0.019444
0 0.271615 0.579630 0.007812 0.020370
0 0.282292 0.581019 0.008333 0.026852
0 0.541667 0.970370 0.017708 0.018519
0 0.135417 0.507870 0.010417 0.028704
0 0.180990 0.527315 0.011979 0.030556
0 0.163021 0.520833 0.011458 0.032407
0 0.217188 0.707407 0.013542 0.022222
0 0.879687 0.784722 0.012500 0.023148
0 0.293490 0.586111 0.008854 0.027778
0 0.935417 0.206019 0.011458 0.028704
0 0.826042 0.184259 0.007292 0.027778
0 0.780469 0.246296 0.007812 0.029630
0 0.717969 0.281481 0.011979 0.014815
0 0.719271 0.296759 0.018750 0.019444
0 0.732292 0.368056 0.010417 0.028704
0 0.747917 0.354630 0.006250 0.016667
0 0.756771 0.344907 0.007292 0.019444
0 0.817187 0.324074 0.012500 0.031481
0 0.922135 0.308796 0.011979 0.010185
0 0.811719 0.575926 0.010937 0.020370
0 0.819792 0.667130 0.012500 0.028704
0 0.827344 0.694444 0.010937 0.027778
0 0.837240 0.728704 0.014063 0.035185
0 0.844792 0.677778 0.010417 0.027778
0 0.853385 0.706481 0.015104 0.027778
0 0.800521 0.789815 0.017708 0.022222
0 0.892188 0.821759 0.012500 0.030556
0 0.946615 0.975926 0.014063 0.033333
0 0.426042 0.942130 0.020833 0.017593
0 0.251563 0.815278 0.007292 0.013889
0 0.432292 0.748148 0.010417 0.029630
0 0.451562 0.737500 0.007292 0.015741
2 0.340365 0.384259 0.026562 0.024074
0 0.290365 0.293056 0.014063 0.013889
0 0.304167 0.297222 0.015625 0.014815
0 0.335938 0.305556 0.013542 0.014815
0 0.227083 0.273611 0.015625 0.019444
0 0.241146 0.311574 0.010417 0.015741
0 0.038021 0.334259 0.013542 0.011111
2 0.041667 0.229167 0.013542 0.047222
0 0.051042 0.099537 0.007292 0.015741
0 0.067708 0.470370 0.012500 0.014815
0 0.084115 0.479630 0.016146 0.016667
0 0.122396 0.496759 0.015625 0.015741
0 0.173437 0.527315 0.008333 0.034259
0 0.217448 0.553704 0.009896 0.027778
0 0.226042 0.553704 0.010417 0.027778
0 0.149740 0.578241 0.014063 0.019444
0 0.163542 0.594444 0.014583 0.025926
2 0.082812 0.537963 0.030208 0.055556
2 0.107292 0.622685 0.035417 0.043519
0 0.211719 0.693056 0.013021 0.026852
0 0.271615 0.641667 0.010937 0.027778
0 0.232292 0.614352 0.007292 0.025000
2 0.051042 0.803704 0.018750 0.046296
0 0.485938 0.160185 0.010417 0.029630
0 0.494792 0.192130 0.007292 0.026852
0 0.609375 0.089352 0.009375 0.023148
0 0.651563 0.183333 0.012500 0.016667
0 0.646875 0.196759 0.012500 0.013889
0 0.642188 0.210185 0.014583 0.018519
0 0.637240 0.251852 0.014063 0.018519
0 0.852865 0.288889 0.007812 0.011111
0 0.781510 0.279630 0.008854 0.022222
0 0.160417 0.712500 0.012500 0.026852
