0 0.562500 0.276389 0.013542 0.026852
0 0.136979 0.668056 0.012500 0.021296
0 0.376302 0.424537 0.016146 0.019444
0 0.538542 0.283796 0.014583 0.025000
0 0.870313 0.833796 0.013542 0.034259
0 0.878385 0.409259 0.018229 0.018519
0 0.120313 0.305556 0.015625 0.020370
0 0.517969 0.542130 0.016146 0.019444
0 0.167969 0.299537 0.017188 0.017593
0 0.861198 0.415741 0.016146 0.016667
0 0.467969 0.371296 0.014063 0.020370
0 0.370312 0.398148 0.015625 0.016667
0 0.397917 0.862500 0.011458 0.032407
2 0.503646 0.374074 0.020833 0.024074
0 0.631510 0.737500 0.013021 0.039815
0 0.645833 0.803241 0.015625 0.039815
0 0.573438 0.235648 0.014583 0.023148
0 0.555469 0.256944 0.014063 0.026852
0 0.434896 0.418519 0.014583 0.020370
0 0.598437 0.191667 0.011458 0.027778
0 0.605990 0.586574 0.011979 0.036111
0 0.298177 0.331019 0.018229 0.017593
0 0.198958 0.738426 0.011458 0.023148
0 0.189323 0.718519 0.013021 0.024074
0 0.611979 0.657870 0.011458 0.041667
0 0.617448 0.393056 0.017188 0.032407
0 0.667188 0.254167 0.010417 0.026852
0 0.161198 0.258796 0.017188 0.019444
0 0.632812 0.073148 0.009375 0.027778
0 0.401823 0.429167 0.016146 0.019444
0 0.206510 0.315278 0.018229 0.019444
0 0.561198 0.385185 0.015104 0.024074
0 0.479948 0.552315 0.018229 0.026852
0 0.346094 0.918056 0.016146 0.015741
0 0.586719 0.218519 0.010937 0.024074
0 0.260677 0.355556 0.017188 0.016667
0 0.203906 0.355556 0.017188 0.016667
0 0.244010 0.755556 0.010937 0.025926
0 0.307552 0.396759 0.017188 0.015741
0 0.180469 0.763426 0.014063 0.026852
0 0.290365 0.368056 0.018229 0.017593
0 0.578646 0.426389 0.013542 0.030556
0 0.642188 0.041667 0.009375 0.024074
0 0.419792 0.248148 0.012500 0.027778
0 0.752083 0.744907 0.013542 0.026852
0 0.425521 0.398611 0.020833 0.019444
0 0.502344 0.340278 0.016146 0.021296
0 0.895833 0.352315 0.015625 0.013889
0 0.467187 0.410185 0.009375 0.025926
0 0.523438 0.616667 0.015625 0.025926
0 0.182292 0.654167 0.014583 0.021296
0 0.032031 0.285185 0.014063 0.022222
0 0.292448 0.916667 0.015104 0.022222
0 0.653646 0.144907 0.012500 0.019444
0 0.464583 0.462037 0.010417 0.027778
0 0.894531 0.902315 0.014063 0.032407
0 0.636719 0.235185 0.014063 0.018519
0 0.257031 0.377778 0.017188 0.018519
0 0.148698 0.318056 0.015104 0.017593
0 0.182031 0.340278 0.015104 0.019444
0 0.617969 0.137037 0.010937 0.024074
0 0.227865 0.737500 0.014063 0.023148
0 0.221354 0.612500 0.010417 0.025000
0 0.143490 0.254167 0.014063 0.019444
0 0.149219 0.696296 0.010937 0.020370
0 0.485417 0.514352 0.014583 0.026852
0 0.113542 0.531944 0.013542 0.023148
0 0.278646 0.687500 0.012500 0.030556
0 0.623698 0.097685 0.010937 0.025000
0 0.213542 0.816667 0.014583 0.024074
0 0.030208 0.150463 0.012500 0.025000
0 0.225260 0.363889 0.016146 0.018519
0 0.234896 0.747685 0.011458 0.026852
0 0.666667 0.855093 0.013542 0.039815
0 0.244531 0.564352 0.008854 0.026852
0 0.341406 0.341667 0.020313 0.020370
0 0.611719 0.165278 0.008854 0.025000
0 0.265885 0.321296 0.016146 0.016667
0 0.369531 0.306944 0.018229 0.013889
0 0.312760 0.681944 0.007812 0.026852
0 0.050260 0.747685 0.015104 0.032407
0 0.917969 0.971759 0.014063 0.036111
0 0.151562 0.593056 0.013542 0.025000
0 0.758073 0.282407 0.007812 0.022222
0 0.277083 0.648148 0.010417 0.031481
0 0.039062 0.121296 0.013542 0.025926
0 0.247917 0.660185 0.010417 0.025926
0 0.254688 0.626389 0.009375 0.026852
0 0.243490 0.281019 0.018229 0.015741
0 0.486719 0.238426 0.015104 0.023148
0 0.214062 0.766204 0.013542 0.023148
0 0.742188 0.710648 0.010417 0.026852
0 0.884375 0.864352 0.011458 0.032407
0 0.295052 0.660185 0.007812 0.025926
0 0.262240 0.635185 0.008854 0.025926
0 0.651042 0.168519 0.012500 0.016667
0 0.906250 0.935185 0.013542 0.031481
0 0.652083 0.157407 0.012500 0.016667
2 0.509375 0.273611 0.027083 0.043519
0 0.638021 0.221296 0.013542 0.016667
0 0.261458 0.673148 0.011458 0.031481
0 0.237240 0.618981 0.010937 0.025000
0 0.151042 0.638426 0.014583 0.023148
0 0.351823 0.307870 0.016146 0.013889
0 0.488021 0.932407 0.010417 0.029630
0 0.015104 0.185648 0.012500 0.021296
0 0.609375 0.727778 0.012500 0.033333
0 0.878646 0.781019 0.011458 0.028704
0 0.572917 0.656019 0.013542 0.030556
0 0.776563 0.481019 0.009375 0.026852
0 0.319531 0.337037 0.017188 0.016667
0 0.163802 0.338426 0.018229 0.017593
0 0.251823 0.317593 0.014063 0.016667
0 0.802604 0.551389 0.011458 0.023148
0 0.592708 0.691667 0.012500 0.031481
2 0.022396 0.846759 0.030208 0.062037
0 0.236719 0.651389 0.011979 0.023148
0 0.957292 0.887037 0.013542 0.016667
0 0.800781 0.860648 0.014063 0.021296
0 0.152083 0.517130 0.010417 0.025000
0 0.934896 0.937500 0.012500 0.032407
0 0.270313 0.676389 0.010417 0.025000
0 0.200260 0.539352 0.010937 0.026852
0 0.141146 0.571759 0.013542 0.023148
0 0.597396 0.236574 0.009375 0.025000
0 0.245312 0.622685 0.009375 0.026852
0 0.250521 0.768056 0.012500 0.025000
0 0.777083 0.535648 0.010417 0.021296
0 0.904167 0.856019 0.011458 0.026852
0 0.639062 0.008333 0.010417 0.014815
0 0.292448 0.587037 0.008854 0.025926
0 0.224219 0.556019 0.010937 0.026852
0 0.794010 0.488889 0.010937 0.025926
0 0.794531 0.260185 0.010937 0.024074
0 0.554688 0.613426 0.012500 0.025000
0 0.463542 0.972685 0.014583 0.036111
0 0.139583 0.613426 0.013542 0.023148
0 0.347396 0.993519 0.011458 0.009259
0 0.320573 0.301389 0.016146 0.013889
0 0.650000 0.182870 0.012500 0.015741
0 0.955469 0.525463 0.015104 0.015741
0 0.651042 0.009722 0.010417 0.017593
0 0.129167 0.552778 0.013542 0.022222
0 0.286198 0.652778 0.007812 0.025926
0 0.764583 0.243056 0.009375 0.026852
0 0.864062 0.737037 0.010417 0.025926
0 0.270573 0.580093 0.007812 0.021296
0 0.142969 0.510648 0.011979 0.032407
0 0.652865 0.321296 0.016146 0.018519
0 0.425521 0.964352 0.017708 0.021296
0 0.634896 0.266667 0.012500 0.016667
0 0.664062 0.938889 0.013542 0.025926
0 0.304427 0.676389 0.006771 0.026852
0 0.779427 0.275463 0.007812 0.021296
0 0.219271 0.722685 0.012500 0.023148
0 0.767188 0.502778 0.011458 0.025926
0 0.795833 0.845833 0.014583 0.019444
0 0.255208 0.571296 0.010417 0.024074
0 0.207813 0.550463 0.010417 0.025000
0 0.180990 0.531944 0.011979 0.032407
0 0.426563 0.990278 0.012500 0.013889
0 0.134896 0.508796 0.010417 0.034259
2 0.050260 0.807870 0.022396 0.045370
0 0.747135 0.350926 0.007812 0.016667
0 0.821615 0.254167 0.009896 0.026852
0 0.226302 0.782407 0.020313 0.031481
0 0.834896 0.648148 0.013542 0.033333
0 0.233333 0.557407 0.009375 0.027778
0 0.163021 0.524537 0.011458 0.032407
0 0.255469 0.668056 0.010937 0.026852
0 0.216146 0.711574 0.012500 0.023148
0 0.300781 0.592130 0.007812 0.023148
0 0.818750 0.667130 0.012500 0.034259
0 0.838542 0.725926 0.014583 0.038889
0 0.462500 0.988426 0.012500 0.017593
0 0.810937 0.256944 0.011458 0.030556
0 0.176042 0.596296 0.013542 0.025926
0 0.761719 0.341667 0.007812 0.016667
0 0.945312 0.973148 0.013542 0.033333
0 0.650521 0.939815 0.011458 0.020370
0 0.369792 0.902778 0.010417 0.025926
0 0.231510 0.644907 0.010937 0.023148
0 0.147135 0.580556 0.016146 0.022222
2 0.338281 0.405093 0.028646 0.028704
0 0.825781 0.184259 0.008854 0.027778
0 0.779167 0.245370 0.009375 0.025926
0 0.717448 0.295370 0.018229 0.018519
0 0.717187 0.280556 0.014583 0.014815
0 0.730990 0.364352 0.009896 0.026852
0 0.817708 0.322685 0.011458 0.030556
0 0.755208 0.343981 0.007292 0.019444
0 0.788542 0.274537 0.008333 0.023148
0 0.852344 0.285648 0.006771 0.010185
0 0.810156 0.442593 0.008854 0.014815
0 0.811198 0.575000 0.009896 0.022222
0 0.827865 0.692593 0.011979 0.029630
0 0.844792 0.675926 0.013542 0.029630
0 0.854167 0.705556 0.013542 0.025926
0 0.800521 0.789352 0.017708 0.025000
0 0.891927 0.819444 0.015104 0.033333
0 0.543750 0.971296 0.019792 0.022222
0 0.637240 0.251852 0.013021 0.016667
0 0.642708 0.209722 0.015625 0.017593
0 0.644792 0.198148 0.014583 0.014815
0 0.484115 0.162037 0.011979 0.029630
0 0.492708 0.193981 0.008333 0.026852
0 0.283594 0.388889 0.016146 0.016667
0 0.289844 0.294907 0.011979 0.015741
0 0.303646 0.297685 0.015625 0.015741
0 0.336979 0.308333 0.013542 0.012963
0 0.282031 0.327778 0.015104 0.016667
0 0.239583 0.313426 0.010417 0.015741
0 0.210417 0.273611 0.014583 0.017593
0 0.225781 0.276389 0.016146 0.017593
2 0.039583 0.231019 0.014583 0.047222
0 0.049479 0.102315 0.007292 0.017593
0 0.038021 0.338889 0.013542 0.011111
0 0.067969 0.475926 0.014063 0.014815
0 0.083073 0.481481 0.017188 0.014815
0 0.122135 0.500463 0.017188 0.019444
2 0.094792 0.565278 0.050000 0.100926
0 0.127344 0.588426 0.015104 0.026852
0 0.163281 0.598611 0.011979 0.025000
0 0.135677 0.561574 0.013021 0.017593
0 0.159115 0.714815 0.011979 0.022222
0 0.253906 0.820833 0.010937 0.021296
0 0.211979 0.695370 0.013542 0.025926
0 0.230469 0.617130 0.009896 0.026852
0 0.270573 0.643981 0.010937 0.028704
0 0.282292 0.584722 0.012500 0.032407
0 0.216146 0.555556 0.010417 0.031481
0 0.172135 0.528704 0.010937 0.033333
0 0.192188 0.537963 0.011458 0.031481
0 0.426823 0.943981 0.020313 0.015741
0 0.903646 0.312037 0.017708 0.014815
0 0.921875 0.306481 0.013542 0.011111
0 0.933854 0.205556 0.011458 0.029630
