0 0.57292 0.25463 0.01146 0.02407
0 0.9 0.4 0.01562 0.01667
0 0.40781 0.42315 0.01823 0.01667
0 0.63698 0.45741 0.01719 0.01852
0 0.39271 0.39907 0.02031 0.01574
0 0.62292 0.10278 0.01042 0.02315
0 0.87083 0.83519 0.01354 0.03333
0 0.35677 0.38796 0.01719 0.01667
0 0.87917 0.40833 0.01719 0.01852
0 0.86094 0.41481 0.01615 0.01667
0 0.40573 0.82685 0.01458 0.03333
0 0.13646 0.66574 0.01146 0.0213
0 0.37344 0.41852 0.01719 0.01574
0 0.65885 0.83241 0.01562 0.03981
0 0.64844 0.88056 0.01458 0.03611
0 0.52448 0.27037 0.01458 0.02315
0 0.18906 0.71296 0.01354 0.02593
0 0.42656 0.41667 0.01615 0.02037
0 0.31406 0.39259 0.01823 0.01944
0 0.61615 0.69167 0.01354 0.03796
0 0.61875 0.39259 0.01615 0.03611
0 0.13333 0.30556 0.01615 0.01852
0 0.93021 0.34907 0.02135 0.01667
0 0.68125 0.45 0.01615 0.01852
0 0.14948 0.69074 0.01042 0.0213
0 0.18177 0.75833 0.01458 0.025
0 0.32083 0.33333 0.01719 0.01667
0 0.51094 0.2787 0.01458 0.02407
0 0.11875 0.31667 0.01615 0.01852
0 0.42552 0.98981 0.01146 0.01852
0 0.63594 0.75926 0.01458 0.03426
0 0.62656 0.79352 0.01354 0.03704
0 0.46719 0.48611 0.01146 0.03426
0 0.35052 0.40926 0.01823 0.01852
0 0.19948 0.73611 0.0125 0.02407
0 0.24479 0.36852 0.01615 0.01852
0 0.14479 0.25 0.01458 0.01667
0 0.54271 0.30278 0.01615 0.02685
0 0.18802 0.32407 0.01719 0.01852
0 0.93385 0.97963 0.01458 0.03611
0 0.40885 0.90185 0.01146 0.02778
0 0.29948 0.32778 0.01823 0.01667
0 0.24479 0.75185 0.01146 0.025
0 0.39479 0.89259 0.0125 0.03148
0 0.20885 0.30926 0.01615 0.01667
0 0.34323 0.33796 0.01927 0.0213
0 0.16979 0.29537 0.01615 0.01574
0 0.61562 0.13611 0.00937 0.02315
0 0.73906 0.30185 0.01562 0.01574
0 0.42083 0.24444 0.0125 0.02778
0 0.61875 0.46944 0.01615 0.02037
0 0.36875 0.30556 0.01823 0.01389
0 0.89479 0.9037 0.01458 0.03148
0 0.21458 0.76204 0.01354 0.02315
0 0.64062 0.475 0.01562 0.01852
0 0.41615 0.39722 0.01927 0.01667
0 0.34583 0.91389 0.01719 0.01667
0 0.49219 0.52407 0.01458 0.02685
0 0.59792 0.55926 0.01042 0.0287
0 0.3 0.36759 0.01927 0.01667
0 0.25417 0.35 0.01719 0.01944
0 0.18281 0.34352 0.01458 0.01574
0 0.60729 0.62593 0.01042 0.03426
0 0.4724 0.3787 0.00937 0.0287
0 0.59583 0.68889 0.01458 0.03333
0 0.06406 0.29537 0.01615 0.01852
0 0.66823 0.25185 0.01042 0.025
0 0.10521 0.29352 0.01615 0.01574
0 0.24479 0.27685 0.01615 0.01667
0 0.1625 0.25556 0.01719 0.01852
0 0.96302 0.38333 0.01719 0.01667
0 0.43802 0.38889 0.01719 0.01852
0 0.65469 0.14259 0.0125 0.01667
0 0.2224 0.61019 0.01146 0.025
0 0.77083 0.24352 0.00937 0.02593
0 0.80104 0.85926 0.01458 0.0213
0 0.2349 0.74259 0.01146 0.02685
0 0.26615 0.31759 0.01562 0.01574
0 0.51406 0.36111 0.01927 0.02222
0 0.32083 0.29815 0.01719 0.01574
0 0.15365 0.58981 0.01458 0.02315
0 0.7526 0.74352 0.01354 0.02778
0 0.48906 0.2537 0.01354 0.02407
0 0.80469 0.54907 0.01042 0.025
0 0.24948 0.31389 0.01719 0.01574
0 0.11406 0.52963 0.01354 0.02222
0 0.8349 0.6463 0.01354 0.03148
0 0.06927 0.72315 0.01354 0.03148
0 0.24479 0.62037 0.00937 0.02593
0 0.90677 0.93426 0.01354 0.03241
0 0.27865 0.64444 0.01042 0.03241
0 0.75833 0.2787 0.00937 0.02593
0 0.43177 0.75741 0.01042 0.03148
0 0.03229 0.28241 0.01823 0.02037
0 0.14115 0.56852 0.01354 0.02407
0 0.01927 0.1713 0.01146 0.025
0 0.88438 0.86481 0.01146 0.03241
0 0.35313 0.30556 0.01615 0.01481
0 0.29271 0.91389 0.01562 0.02315
0 0.74323 0.70741 0.01042 0.03056
0 0.6375 0.23426 0.01354 0.01574
0 0.40469 0.05463 0.0125 0.03704
0 0.03125 0.1463 0.0125 0.02593
0 0.79583 0.84444 0.01562 0.01944
0 0.27865 0.38056 0.01719 0.01852
0 0.21354 0.81296 0.01562 0.02407
0 0.22708 0.73241 0.01146 0.025
0 0.75469 0.41574 0.01354 0.01667
0 0.81927 0.66667 0.0125 0.03426
0 0.93437 0.93796 0.01354 0.03241
0 0.27813 0.68333 0.01354 0.03241
0 0.15156 0.63241 0.01719 0.02963
0 0.31302 0.68056 0.00781 0.02593
0 0.475 0.43056 0.0125 0.02778
0 0.43958 0.17315 0.0125 0.04167
0 0.6526 0.16852 0.0125 0.01574
0 0.48854 0.93056 0.01042 0.03056
0 0.23802 0.65 0.01146 0.025
0 0.56146 0.625 0.01354 0.025
0 0.63958 0.28519 0.01354 0.01667
0 0.90417 0.85556 0.01354 0.03611
0 0.79427 0.48796 0.01042 0.025
0 0.46406 0.9713 0.01458 0.03889
0 0.7901 0.26944 0.01042 0.025
0 0.28177 0.32315 0.01562 0.01574
0 0.94583 0.97407 0.01354 0.03704
0 0.23698 0.61389 0.00937 0.02407
0 0.22396 0.77685 0.02344 0.03333
0 0.30156 0.58889 0.00937 0.02593
0 0.19792 0.53519 0.01146 0.03241
0 0.4526 0.6537 0.00937 0.02963
0 0.075 0.28426 0.01562 0.01667
0 0.04219 0.11574 0.01458 0.02593
0 0.28646 0.65093 0.00937 0.02593
0 0.6401 0.21944 0.01354 0.01667
0 0.41667 0.09444 0.00937 0.025
0 0.24479 0.56019 0.00937 0.02593
0 0.29531 0.65648 0.00781 0.025
0 0.23229 0.64352 0.01042 0.02407
0 0.26042 0.62778 0.01146 0.03056
0 0.21979 0.72222 0.0125 0.02407
0 0.08438 0.66667 0.01146 0.02407
0 0.77865 0.40648 0.01719 0.01574
0 0.65885 0.46204 0.01562 0.01852
0 0.21719 0.70648 0.0125 0.02407
0 0.65 0.18241 0.01146 0.01574
0 0.05156 0.74167 0.01615 0.03704
0 0.25521 0.62222 0.01042 0.025
0 0.12135 0.4963 0.01458 0.01852
0 0.8224 0.25185 0.01042 0.02407
0 0.05521 0.76019 0.01354 0.02593
0 0.76823 0.50185 0.01146 0.02593
0 0.83854 0.72685 0.01562 0.03981
0 0.25104 0.76667 0.0125 0.02407
0 0.25729 0.66574 0.01146 0.03148
0 0.76354 0.34167 0.01146 0.02037
0 0.12917 0.63704 0.02344 0.03426
0 0.21146 0.26852 0.01719 0.01574
0 0.63542 0.26296 0.01146 0.01574
0 0.27135 0.67407 0.01042 0.025
0 0.28177 0.58148 0.00937 0.02778
0 0.78125 0.275 0.00677 0.02037
0 0.18125 0.52778 0.01146 0.03148
0 0.81146 0.57315 0.01042 0.02407
0 0.14323 0.50926 0.00937 0.02593
0 0.46302 0.98796 0.0125 0.01944
0 0.36979 0.89907 0.01146 0.025
0 0.12969 0.54907 0.01354 0.02222
0 0.91771 0.97222 0.01354 0.03704
0 0.88281 0.37222 0.01562 0.01667
0 0.46042 0.58981 0.00937 0.02778
0 0.13437 0.55648 0.01354 0.02222
0 0.81927 0.74722 0.0125 0.025
0 0.95781 0.88704 0.01354 0.01667
0 0.25573 0.56574 0.01042 0.025
0 0.29375 0.58333 0.00937 0.02593
0 0.59427 0.42222 0.01615 0.04444
0 0.95677 0.52407 0.01562 0.01481
0 0.42448 0.95926 0.01562 0.02037
0 0.65573 0.31759 0.01458 0.01667
0 0.16771 0.59444 0.01354 0.025
0 0.16354 0.52037 0.01146 0.03241
0 0.77708 0.53611 0.00937 0.02315
0 0.26302 0.6713 0.0125 0.03241
0 0.26354 0.63333 0.01042 0.02593
0 0.24792 0.65648 0.01042 0.02685
0 0.27187 0.57778 0.00781 0.0213
0 0.13594 0.50833 0.01042 0.02778
0 0.2125 0.54722 0.01146 0.03241
0 0.1401 0.60926 0.01354 0.02315
0 0.12708 0.58056 0.01458 0.025
0 0.86458 0.73611 0.01042 0.02593
0 0.19167 0.53333 0.01042 0.02685
0 0.04844 0.80741 0.01615 0.04167
0 0.26979 0.63704 0.00781 0.02407
0 0.23385 0.55463 0.00781 0.025
0 0.87969 0.78981 0.01354 0.03796
0 0.22552 0.55185 0.0125 0.03148
0 0.17969 0.68426 0.0125 0.02407
0 0.71667 0.29167 0.01615 0.01852
0 0.65312 0.15648 0.01146 0.01574
