0 0.426302 0.423148 0.016146 0.018519
0 0.604167 0.174537 0.011458 0.026852
0 0.585417 0.235185 0.014583 0.025926
0 0.422396 0.400926 0.015625 0.016667
0 0.869271 0.833796 0.013542 0.032407
0 0.988281 0.329167 0.017188 0.019444
0 0.567187 0.271296 0.015625 0.025926
0 0.584896 0.182407 0.010417 0.027778
0 0.135937 0.668056 0.012500 0.021296
0 0.277865 0.385185 0.016146 0.016667
0 0.232031 0.363426 0.015104 0.019444
0 0.406510 0.427778 0.015104 0.016667
0 0.485417 0.521296 0.014583 0.025926
0 0.166927 0.299537 0.017188 0.017593
0 0.877865 0.407407 0.017188 0.016667
0 0.346094 0.918519 0.016146 0.016667
0 0.652604 0.143981 0.013542 0.015741
0 0.612240 0.063889 0.010937 0.027778
0 0.355469 0.390278 0.017188 0.015741
0 0.313802 0.377315 0.015104 0.015741
0 0.929688 0.382407 0.015625 0.014815
0 0.859635 0.413889 0.016146 0.016667
0 0.297656 0.331019 0.018229 0.017593
0 0.617448 0.393519 0.016146 0.033333
0 0.208594 0.356019 0.016146 0.017593
0 0.267969 0.358796 0.016146 0.017593
0 0.798177 0.398611 0.016146 0.015741
0 0.198958 0.738426 0.011458 0.023148
0 0.296094 0.393981 0.017188 0.019444
0 0.206510 0.313889 0.018229 0.016667
0 0.446875 0.571759 0.009375 0.032407
0 0.666146 0.252778 0.010417 0.025926
0 0.243490 0.754167 0.011979 0.025000
0 0.468750 0.456019 0.012500 0.037963
0 0.187760 0.716667 0.013021 0.024074
0 0.418750 0.248148 0.012500 0.027778
0 0.258073 0.375926 0.017188 0.016667
0 0.617188 0.115278 0.010417 0.025000
0 0.161198 0.260185 0.017188 0.018519
0 0.105990 0.300926 0.016146 0.020370
0 0.164844 0.340278 0.017188 0.015741
0 0.142187 0.254167 0.015625 0.019444
0 0.605208 0.724537 0.013542 0.030556
0 0.148958 0.694907 0.011458 0.021296
0 0.635938 0.235185 0.014583 0.016667
0 0.340885 0.341667 0.019271 0.018519
0 0.637760 0.219907 0.014063 0.015741
0 0.341927 0.410648 0.017188 0.015741
0 0.212760 0.816667 0.014063 0.024074
0 0.751042 0.743519 0.013542 0.027778
0 0.397656 0.400463 0.019271 0.015741
0 0.844531 0.377778 0.018229 0.016667
0 0.894531 0.902778 0.014063 0.033333
0 0.112760 0.532870 0.013021 0.023148
0 0.242448 0.282407 0.017188 0.018519
0 0.292187 0.916667 0.014583 0.022222
0 0.369792 0.902778 0.010417 0.027778
0 0.180208 0.762500 0.013542 0.025000
0 0.243490 0.564352 0.008854 0.026852
0 0.220312 0.613426 0.010417 0.025000
0 0.454948 0.616667 0.006771 0.025926
0 0.546875 0.296759 0.015625 0.023148
0 0.554948 0.651389 0.021354 0.036111
0 0.316406 0.400463 0.017188 0.019444
0 0.131510 0.323611 0.015104 0.019444
0 0.489063 0.382870 0.012500 0.025000
0 0.640885 0.477778 0.016146 0.022222
0 0.226562 0.736574 0.011458 0.025000
0 0.368490 0.306944 0.018229 0.013889
0 0.445052 0.616667 0.006771 0.025926
0 0.649740 0.168519 0.013021 0.016667
0 0.277083 0.688889 0.012500 0.031481
0 0.216146 0.660648 0.012500 0.026852
0 0.906250 0.900463 0.013542 0.036111
0 0.262760 0.633796 0.010937 0.025000
0 0.294010 0.660648 0.007812 0.023148
0 0.151562 0.593056 0.013542 0.025000
0 0.039062 0.121296 0.013542 0.025926
0 0.501563 0.344907 0.012500 0.021296
0 0.651563 0.157407 0.013542 0.016667
0 0.742188 0.710185 0.010417 0.029630
0 0.319010 0.336574 0.016146 0.015741
0 0.247396 0.658796 0.010417 0.025000
0 0.917708 0.969907 0.013542 0.034259
0 0.803646 0.550463 0.010417 0.025000
0 0.003646 0.304167 0.006250 0.019444
0 0.029687 0.150463 0.012500 0.025000
0 0.254688 0.626389 0.009375 0.026852
0 0.961198 0.380556 0.015104 0.016667
0 0.500260 0.259722 0.015104 0.025000
0 0.234896 0.747685 0.011458 0.026852
0 0.465365 0.972685 0.016146 0.034259
0 0.277083 0.647685 0.010417 0.030556
0 0.907031 0.933796 0.014063 0.032407
0 0.795312 0.844907 0.015625 0.019444
0 0.903646 0.856019 0.012500 0.032407
0 0.235937 0.618981 0.009375 0.025000
0 0.249740 0.315278 0.011979 0.013889
2 0.522917 0.296296 0.025000 0.044444
0 0.792969 0.488426 0.010937 0.025000
0 0.213021 0.766667 0.013542 0.024074
0 0.933854 0.938426 0.013542 0.032407
0 0.416667 0.787037 0.009375 0.027778
0 0.264323 0.320833 0.016146 0.015741
0 0.757031 0.282407 0.007812 0.022222
0 0.261458 0.673148 0.011458 0.031481
0 0.799740 0.859722 0.014063 0.021296
0 0.823958 0.183796 0.011458 0.023148
0 0.487240 0.932407 0.010937 0.029630
0 0.470052 0.394907 0.015104 0.019444
2 0.050260 0.805556 0.016146 0.048148
0 0.956771 0.887037 0.012500 0.016667
0 0.490104 0.641667 0.014583 0.024074
0 0.625781 0.790278 0.014063 0.037963
0 0.351823 0.307407 0.016146 0.014815
0 0.223958 0.555093 0.010417 0.026852
0 0.138021 0.612037 0.013542 0.024074
0 0.593490 0.518981 0.018229 0.026852
0 0.018490 0.175926 0.010937 0.024074
0 0.424219 0.962500 0.015104 0.021296
0 0.311719 0.682407 0.007812 0.025926
0 0.151042 0.636574 0.014583 0.025000
0 0.794531 0.257870 0.010937 0.025000
0 0.884375 0.866667 0.011458 0.033333
0 0.199219 0.540278 0.010937 0.028704
0 0.151042 0.518056 0.010417 0.026852
0 0.766146 0.500463 0.011458 0.025000
0 0.243490 0.625926 0.008854 0.025926
0 0.944271 0.973148 0.013542 0.033333
0 0.270573 0.580556 0.007812 0.022222
0 0.447917 0.407407 0.009375 0.035185
0 0.206771 0.552778 0.012500 0.029630
0 0.425521 0.990278 0.012500 0.015741
0 0.255469 0.668056 0.010937 0.026852
0 0.786198 0.272685 0.008854 0.023148
0 0.285156 0.652315 0.007812 0.025000
0 0.561458 0.625463 0.013542 0.025000
0 0.249740 0.768056 0.011979 0.025000
0 0.049479 0.745833 0.013542 0.026852
0 0.292448 0.586574 0.008854 0.026852
0 0.270313 0.679167 0.010417 0.025000
0 0.236719 0.651389 0.011979 0.025000
0 0.132812 0.557870 0.013542 0.021296
0 0.216146 0.712037 0.012500 0.024074
0 0.255208 0.570833 0.010417 0.025000
0 0.208333 0.271296 0.015625 0.016667
0 0.838542 0.727778 0.014583 0.038889
0 0.230990 0.647685 0.011979 0.025000
0 0.634375 0.265278 0.011458 0.017593
0 0.180469 0.531944 0.010937 0.028704
0 0.141927 0.512500 0.007812 0.026852
0 0.223177 0.274537 0.018229 0.017593
0 0.176563 0.597685 0.014583 0.034259
0 0.163542 0.525926 0.012500 0.031481
0 0.541927 0.969907 0.017188 0.019444
0 0.128646 0.552778 0.011458 0.022222
2 0.182812 0.329630 0.027083 0.022222
0 0.650521 0.940278 0.011458 0.019444
0 0.764844 0.242130 0.007812 0.026852
0 0.133333 0.510648 0.010417 0.032407
0 0.652865 0.321296 0.016146 0.018519
0 0.139063 0.571759 0.012500 0.023148
0 0.819531 0.252778 0.007812 0.022222
0 0.864062 0.735648 0.010417 0.026852
0 0.119792 0.499537 0.014583 0.019444
0 0.320052 0.301389 0.016146 0.013889
0 0.300260 0.593056 0.007812 0.023148
0 0.225260 0.782407 0.020313 0.031481
0 0.878646 0.783796 0.011458 0.023148
0 0.645312 0.194907 0.012500 0.015741
0 0.810417 0.574537 0.010417 0.021296
0 0.834896 0.647685 0.013542 0.032407
0 0.005990 0.621296 0.010937 0.020370
0 0.798438 0.223611 0.013542 0.019444
0 0.729948 0.361574 0.007812 0.021296
0 0.219271 0.722685 0.012500 0.023148
2 0.369531 0.416667 0.029687 0.025926
0 0.933333 0.206481 0.012500 0.027778
0 0.902604 0.311574 0.015625 0.015741
0 0.920052 0.305093 0.010937 0.010185
0 0.808073 0.441667 0.006771 0.014815
0 0.775521 0.531481 0.011458 0.024074
0 0.818229 0.665278 0.012500 0.025000
0 0.843750 0.675463 0.010417 0.026852
0 0.826562 0.693056 0.012500 0.028704
0 0.852604 0.703704 0.012500 0.025926
0 0.800781 0.787963 0.018229 0.022222
0 0.891146 0.818056 0.013542 0.028704
0 0.788021 0.877778 0.012500 0.014815
0 0.782552 0.550926 0.007812 0.009259
0 0.955208 0.527315 0.017708 0.015741
0 0.815885 0.321759 0.011979 0.028704
0 0.778906 0.244907 0.010937 0.026852
0 0.778906 0.276389 0.007812 0.021296
0 0.811979 0.257407 0.010417 0.029630
0 0.851042 0.283796 0.006250 0.008333
0 0.634375 0.248611 0.013542 0.017593
0 0.641927 0.211111 0.018229 0.018519
0 0.484115 0.160648 0.011979 0.025000
0 0.747135 0.356019 0.008854 0.025000
0 0.754427 0.345370 0.008854 0.020370
0 0.716667 0.296759 0.018750 0.017593
0 0.717187 0.279167 0.013542 0.013889
0 0.762760 0.345833 0.008854 0.025000
0 0.708594 0.424537 0.018229 0.017593
0 0.336979 0.308333 0.018750 0.014815
0 0.280729 0.328241 0.013542 0.017593
0 0.289323 0.296759 0.014063 0.013889
0 0.303385 0.300000 0.014063 0.014815
0 0.238281 0.314352 0.008854 0.013889
0 0.036458 0.339815 0.015625 0.012963
2 0.039844 0.231481 0.013021 0.044444
0 0.048698 0.102315 0.005729 0.021296
0 0.010156 0.178704 0.014063 0.022222
0 0.066927 0.475926 0.014063 0.012963
0 0.082812 0.482870 0.015625 0.015741
2 0.093490 0.565741 0.051562 0.101852
0 0.124219 0.583796 0.015104 0.026852
0 0.163021 0.599074 0.013542 0.025926
0 0.148958 0.583333 0.013542 0.022222
0 0.216146 0.554630 0.008333 0.033333
0 0.191406 0.538889 0.008854 0.031481
2 0.073438 0.700926 0.025000 0.062963
0 0.158073 0.715278 0.013021 0.021296
0 0.053906 0.769907 0.013021 0.025000
0 0.034896 0.828241 0.010417 0.025000
0 0.210156 0.695370 0.011979 0.027778
0 0.426823 0.944444 0.021354 0.018519
0 0.461458 0.990741 0.008333 0.018519
0 0.492708 0.192593 0.009375 0.027778
0 0.466927 0.374537 0.018229 0.019444
0 0.252604 0.821759 0.010417 0.019444
0 0.304688 0.674074 0.006250 0.025926
0 0.282031 0.586574 0.009896 0.030556
0 0.270833 0.642130 0.009375 0.030556
0 0.230208 0.616667 0.010417 0.029630
