0 0.56563 0.26852 0.0125 0.02315
0 0.37292 0.41759 0.01615 0.01667
0 0.40365 0.83333 0.01458 0.03241
0 0.9 0.40185 0.01615 0.01667
0 0.34792 0.40833 0.01719 0.01852
0 0.40781 0.42315 0.01823 0.01667
0 0.39271 0.39907 0.02031 0.01574
0 0.87083 0.83426 0.01354 0.03426
0 0.63073 0.74167 0.01354 0.03704
0 0.13646 0.66481 0.01146 0.0213
0 0.35417 0.38704 0.01823 0.01667
0 0.62292 0.10556 0.01042 0.02407
0 0.63854 0.45648 0.01615 0.01667
0 0.6125 0.67407 0.0125 0.03889
0 0.93906 0.35278 0.01927 0.01944
0 0.8974 0.36759 0.01562 0.01667
0 0.65104 0.80741 0.01562 0.03981
0 0.18073 0.3213 0.01719 0.01852
0 0.18802 0.71296 0.01354 0.02593
0 0.30833 0.39074 0.01823 0.01944
0 0.14948 0.69074 0.01042 0.0213
0 0.87917 0.40833 0.01719 0.01667
0 0.68125 0.45 0.01615 0.01852
0 0.5026 0.36296 0.01823 0.02222
0 0.42656 0.41667 0.01615 0.01944
0 0.61875 0.39167 0.01615 0.03426
0 0.19948 0.73611 0.0125 0.02407
0 0.40885 0.90185 0.01146 0.02778
0 0.86094 0.41481 0.01615 0.01667
0 0.07292 0.28426 0.01615 0.01852
0 0.18177 0.75926 0.01458 0.02593
0 0.39167 0.89907 0.0125 0.03148
0 0.20885 0.31111 0.01615 0.01852
0 0.42552 0.98981 0.01146 0.01852
0 0.63073 0.80648 0.01354 0.03611
0 0.61875 0.46852 0.01615 0.01944
0 0.16979 0.29537 0.01615 0.01667
0 0.52448 0.27037 0.01458 0.02315
0 0.59531 0.54259 0.00937 0.02778
0 0.24479 0.27685 0.01615 0.01667
0 0.025 0.2787 0.01823 0.01944
0 0.89479 0.90278 0.01458 0.03241
0 0.61562 0.13704 0.00937 0.02407
0 0.42083 0.24444 0.0125 0.02778
0 0.51042 0.27778 0.01562 0.02315
0 0.24375 0.75185 0.01146 0.025
0 0.41615 0.39722 0.01927 0.01667
0 0.36875 0.30556 0.01823 0.01481
0 0.14427 0.25 0.01562 0.01667
0 0.21458 0.76204 0.01354 0.02315
0 0.05417 0.29074 0.01719 0.01852
0 0.73802 0.30185 0.01562 0.01574
0 0.34323 0.33796 0.01927 0.0213
0 0.94583 0.97222 0.01354 0.03426
0 0.10312 0.29074 0.01562 0.01574
0 0.23698 0.36296 0.01615 0.01667
0 0.42917 0.76296 0.01146 0.03148
0 0.66823 0.25185 0.01042 0.025
0 0.65469 0.14259 0.0125 0.01667
0 0.34583 0.91481 0.01719 0.01667
0 0.46719 0.50093 0.01146 0.03611
0 0.10625 0.31019 0.01615 0.01852
0 0.77083 0.24259 0.00937 0.025
0 0.27448 0.3787 0.01823 0.01852
0 0.53229 0.31759 0.01458 0.02315
0 0.64062 0.475 0.01562 0.01852
0 0.31979 0.33333 0.01719 0.01667
0 0.2349 0.74259 0.01146 0.02685
0 0.2224 0.61019 0.01146 0.025
0 0.47135 0.39444 0.00937 0.0287
0 0.15365 0.58981 0.01458 0.02315
0 0.69844 0.96759 0.01458 0.03981
0 0.80104 0.86019 0.01458 0.0213
0 0.24844 0.3463 0.01719 0.01944
0 0.92448 0.95 0.01562 0.03611
0 0.60104 0.70278 0.01354 0.03426
0 0.65469 0.89815 0.01458 0.03611
0 0.43698 0.38889 0.01719 0.01852
0 0.13177 0.3037 0.01615 0.01852
0 0.7526 0.74352 0.01354 0.02685
0 0.16302 0.25556 0.01823 0.01852
0 0.06823 0.72315 0.01354 0.03148
0 0.12917 0.63611 0.02396 0.03426
0 0.1151 0.52963 0.01354 0.02222
0 0.47396 0.4463 0.01042 0.02778
0 0.2776 0.64444 0.01042 0.03241
0 0.90625 0.93426 0.01458 0.03241
0 0.91823 0.97037 0.01458 0.03426
0 0.65885 0.46204 0.01562 0.01852
0 0.15156 0.63241 0.01719 0.02963
0 0.29271 0.91389 0.01562 0.02315
0 0.5 0.53981 0.01458 0.02593
0 0.88438 0.86574 0.01146 0.03333
0 0.58906 0.40833 0.02135 0.03981
0 0.29844 0.32778 0.01823 0.01667
0 0.24479 0.62037 0.00937 0.02593
0 0.17604 0.34074 0.01458 0.01574
0 0.80469 0.54907 0.01042 0.025
0 0.25 0.31389 0.01823 0.01574
0 0.79583 0.84537 0.01562 0.02037
0 0.6375 0.23426 0.01354 0.01574
0 0.8349 0.6463 0.0125 0.03148
0 0.60573 0.61019 0.01042 0.03611
0 0.79427 0.48889 0.01042 0.02593
0 0.21354 0.81296 0.01562 0.02407
0 0.56927 0.63796 0.0125 0.02407
0 0.75833 0.2787 0.00937 0.02593
0 0.35313 0.30556 0.01615 0.01481
0 0.14115 0.56852 0.01354 0.02407
0 0.37083 0.9 0.01146 0.025
0 0.6526 0.16852 0.0125 0.01481
0 0.45052 0.66296 0.00937 0.02778
0 0.95677 0.88796 0.01354 0.01667
0 0.29375 0.36574 0.01823 0.01667
0 0.05052 0.74167 0.01562 0.03611
0 0.26615 0.31759 0.01615 0.01574
0 0.48698 0.93056 0.00937 0.03056
0 0.05521 0.75926 0.01354 0.02593
0 0.74323 0.70833 0.01042 0.03056
0 0.22708 0.73241 0.01146 0.025
0 0.31302 0.68056 0.00781 0.02593
0 0.81927 0.66667 0.0125 0.03426
0 0.32083 0.29815 0.01719 0.01574
0 0.95573 0.52593 0.01562 0.01481
0 0.27813 0.68333 0.01354 0.03241
0 0.01927 0.1713 0.01146 0.025
0 0.30156 0.58889 0.00937 0.02593
0 0.23698 0.61389 0.00937 0.02407
0 0.23802 0.64907 0.01146 0.025
0 0.46094 0.6 0.0125 0.03796
0 0.63958 0.28519 0.01354 0.01667
0 0.76354 0.34074 0.01146 0.0213
0 0.8224 0.25278 0.01042 0.02407
0 0.90417 0.85556 0.01354 0.03611
0 0.22448 0.77685 0.0224 0.03333
0 0.29531 0.65741 0.00781 0.02593
0 0.75417 0.41667 0.0125 0.01852
0 0.40729 0.06481 0.0125 0.03426
0 0.65312 0.00278 0.01354 0.00556
0 0.7901 0.26944 0.01042 0.025
0 0.25938 0.62778 0.01146 0.03056
0 0.44115 0.17685 0.00937 0.02685
0 0.04115 0.11389 0.01719 0.03056
0 0.19844 0.53519 0.0125 0.03241
0 0.65052 0.18148 0.0125 0.01574
0 0.77917 0.40648 0.01615 0.01574
0 0.84427 0.37685 0.01615 0.01667
0 0.26354 0.63056 0.01042 0.02593
0 0.4849 0.24722 0.01354 0.02315
0 0.28646 0.65093 0.00937 0.02593
0 0.03125 0.1463 0.0125 0.02593
0 0.21979 0.72222 0.0125 0.02407
0 0.25521 0.62593 0.01042 0.02778
0 0.6401 0.21944 0.01354 0.01667
0 0.83906 0.72593 0.01458 0.04074
0 0.23177 0.64352 0.01042 0.02407
0 0.16771 0.59537 0.01354 0.02407
0 0.76823 0.50185 0.01146 0.02685
0 0.46406 0.9713 0.01458 0.03796
0 0.21615 0.70556 0.0125 0.02407
0 0.24479 0.56019 0.00937 0.02593
0 0.65208 0.93889 0.01146 0.0213
0 0.63542 0.26296 0.01146 0.01667
0 0.18125 0.52778 0.01146 0.03148
0 0.28177 0.58148 0.00937 0.02778
0 0.46302 0.98796 0.0125 0.01944
0 0.81875 0.74815 0.0125 0.02407
0 0.25729 0.66574 0.01146 0.03148
0 0.90365 0.31204 0.01719 0.01389
0 0.63698 0.07315 0.00781 0.02407
0 0.14323 0.50926 0.00781 0.02593
0 0.13437 0.55741 0.01354 0.02222
0 0.08438 0.66574 0.01146 0.02315
0 0.27135 0.67407 0.01042 0.025
0 0.77708 0.53519 0.00937 0.02315
0 0.2625 0.6713 0.01146 0.03241
0 0.12969 0.54907 0.01354 0.02222
0 0.8651 0.73704 0.01042 0.02593
0 0.25052 0.76667 0.01354 0.02407
0 0.78125 0.275 0.00677 0.02037
0 0.65573 0.31759 0.01458 0.01574
0 0.12135 0.4963 0.01458 0.01852
0 0.2724 0.57778 0.01042 0.02315
0 0.25573 0.56574 0.01042 0.025
0 0.24792 0.65648 0.01042 0.02685
0 0.14896 0.51111 0.01146 0.03148
0 0.35729 0.95741 0.03177 0.0287
0 0.29375 0.58333 0.00937 0.02593
0 0.21146 0.26852 0.01719 0.01574
0 0.16458 0.5213 0.01146 0.03241
0 0.65365 0.15648 0.0125 0.01574
0 0.19167 0.53333 0.01042 0.02685
0 0.13542 0.50833 0.00937 0.02778
0 0.23385 0.55556 0.00781 0.02407
0 0.06771 0.46944 0.01458 0.01574
0 0.14062 0.60926 0.01458 0.02315
0 0.12708 0.58056 0.01458 0.025
0 0.17969 0.68426 0.0125 0.02407
0 0.49844 0.2463 0.0125 0.0213
0 0.04844 0.80741 0.01615 0.04259
0 0.2125 0.54722 0.01146 0.03241
0 0.87969 0.78519 0.01146 0.02407
