0 0.542969 0.277778 0.014063 0.024074
0 0.367448 0.449537 0.017188 0.015741
0 0.136979 0.668519 0.012500 0.022222
0 0.564063 0.274537 0.014583 0.025000
0 0.530990 0.313889 0.014063 0.022222
0 0.557292 0.252315 0.014583 0.026852
0 0.336198 0.407870 0.019271 0.015741
0 0.870313 0.835185 0.013542 0.033333
0 0.414323 0.427778 0.016146 0.018519
0 0.168490 0.299537 0.016146 0.017593
0 0.672917 0.441667 0.014583 0.018519
0 0.274219 0.385648 0.017188 0.017593
0 0.582292 0.452778 0.012500 0.040741
0 0.859635 0.413889 0.016146 0.016667
0 0.879687 0.407870 0.020833 0.017593
0 0.298177 0.331019 0.018229 0.015741
0 0.626563 0.089352 0.010417 0.026852
0 0.276302 0.360648 0.017188 0.017593
0 0.550781 0.296296 0.014063 0.024074
0 0.120573 0.323148 0.016146 0.018519
0 0.346094 0.918056 0.016146 0.015741
0 0.437240 0.418519 0.016146 0.020370
0 0.617448 0.393519 0.015104 0.033333
0 0.644531 0.785648 0.014063 0.036111
0 0.619010 0.129167 0.010937 0.025000
0 0.598437 0.191667 0.011458 0.027778
0 0.239583 0.369907 0.015625 0.019444
0 0.408594 0.405093 0.016146 0.015741
0 0.400521 0.856019 0.011458 0.028704
0 0.395052 0.427315 0.015104 0.015741
0 0.198958 0.737500 0.011458 0.023148
0 0.182292 0.654167 0.014583 0.021296
0 0.481771 0.510648 0.013542 0.026852
0 0.667188 0.253241 0.010417 0.025000
0 0.187760 0.716667 0.013021 0.024074
0 0.534115 0.596296 0.017188 0.029630
0 0.161198 0.260185 0.017188 0.018519
0 0.244271 0.755556 0.011458 0.025926
0 0.469531 0.457407 0.010937 0.027778
0 0.207552 0.315278 0.018229 0.019444
0 0.173437 0.324537 0.015625 0.015741
0 0.180469 0.762500 0.014063 0.025000
0 0.748437 0.438889 0.014583 0.016667
0 0.336198 0.385185 0.019271 0.016667
0 0.491667 0.244907 0.014583 0.025000
0 0.419271 0.248148 0.011458 0.027778
0 0.962760 0.325926 0.019271 0.016667
0 0.618490 0.700463 0.013021 0.036111
0 0.605469 0.626389 0.010937 0.032407
0 0.292448 0.916667 0.015104 0.022222
0 0.636719 0.235185 0.014063 0.018519
0 0.190885 0.344907 0.016146 0.019444
0 0.869531 0.376389 0.018229 0.015741
0 0.449740 0.214815 0.011979 0.025926
0 0.018750 0.176389 0.011458 0.023148
0 0.894531 0.902315 0.014063 0.032407
0 0.434635 0.393519 0.019271 0.024074
0 0.341406 0.340278 0.020313 0.021296
0 0.640625 0.047685 0.011458 0.025000
0 0.221354 0.612500 0.010417 0.025000
0 0.149219 0.696296 0.010937 0.020370
0 0.466146 0.344907 0.009375 0.028704
0 0.752083 0.744907 0.013542 0.026852
0 0.227604 0.736574 0.011458 0.025000
0 0.278646 0.688889 0.012500 0.031481
0 0.573958 0.235185 0.013542 0.024074
0 0.143490 0.254167 0.014063 0.019444
0 0.800260 0.860648 0.013021 0.021296
0 0.113542 0.531944 0.013542 0.023148
0 0.213542 0.816667 0.014583 0.024074
0 0.234896 0.747685 0.011458 0.026852
0 0.140365 0.312037 0.016146 0.016667
0 0.244531 0.564352 0.008854 0.026852
0 0.242969 0.281019 0.017188 0.015741
0 0.167969 0.340278 0.017188 0.017593
0 0.368490 0.306944 0.018229 0.013889
0 0.030208 0.150463 0.012500 0.025000
0 0.265365 0.321296 0.016146 0.016667
0 0.312760 0.681944 0.007812 0.026852
0 0.538802 0.641204 0.015104 0.025000
0 0.039583 0.121296 0.012500 0.025926
0 0.577604 0.652315 0.014583 0.030556
0 0.277083 0.648148 0.010417 0.031481
0 0.216927 0.360648 0.019271 0.021296
0 0.319010 0.335648 0.016146 0.013889
0 0.152604 0.594444 0.015625 0.022222
0 0.247917 0.658796 0.010417 0.025000
0 0.214062 0.766204 0.013542 0.023148
0 0.652604 0.143519 0.013542 0.016667
0 0.813281 0.618519 0.014063 0.037037
0 0.586458 0.218519 0.011458 0.024074
2 0.666406 0.859722 0.014063 0.037963
0 0.254948 0.626389 0.008854 0.026852
0 0.612760 0.165278 0.008854 0.023148
0 0.651042 0.168519 0.012500 0.016667
0 0.261458 0.673148 0.011458 0.031481
0 0.294010 0.660185 0.007812 0.025926
0 0.443490 0.640278 0.008854 0.026852
0 0.469531 0.285648 0.010937 0.026852
0 0.757031 0.281019 0.007812 0.023148
0 0.262760 0.633796 0.010937 0.025000
0 0.369271 0.902778 0.011458 0.025926
0 0.742188 0.710648 0.010417 0.026852
0 0.917708 0.971759 0.013542 0.036111
0 0.906250 0.933796 0.013542 0.032407
0 0.488021 0.932407 0.010417 0.029630
0 0.638021 0.221296 0.013542 0.016667
0 0.250260 0.315741 0.010937 0.012963
0 0.351823 0.307407 0.016146 0.014815
0 0.795833 0.846296 0.014583 0.020370
0 0.957292 0.887037 0.013542 0.016667
0 0.238281 0.654167 0.015104 0.028704
0 0.706250 0.987037 0.012500 0.024074
0 0.447917 0.574537 0.011458 0.036111
0 0.652083 0.157407 0.012500 0.016667
0 0.139583 0.571759 0.013542 0.023148
0 0.933854 0.937500 0.013542 0.032407
0 0.152083 0.517130 0.010417 0.025000
0 0.884375 0.865278 0.011458 0.032407
0 0.237240 0.618519 0.010937 0.024074
0 0.151042 0.637500 0.014583 0.025000
0 0.802604 0.550463 0.011458 0.025000
0 0.216146 0.712500 0.012500 0.023148
0 0.309115 0.398148 0.016146 0.016667
0 0.463542 0.973148 0.014583 0.037037
0 0.250521 0.768056 0.012500 0.025000
0 0.245312 0.621759 0.009375 0.025000
0 0.270313 0.676389 0.010417 0.025000
0 0.424219 0.961574 0.015104 0.021296
0 0.200260 0.539352 0.010937 0.026852
0 0.778385 0.275926 0.007812 0.022222
0 0.904167 0.856019 0.011458 0.026852
2 0.048698 0.806019 0.019271 0.047222
0 0.132812 0.557870 0.013542 0.021296
0 0.794010 0.488426 0.010937 0.025000
0 0.864062 0.736574 0.010417 0.026852
0 0.794531 0.260185 0.010937 0.024074
0 0.764583 0.242130 0.009375 0.026852
0 0.320573 0.301389 0.016146 0.013889
0 0.426563 0.990278 0.012500 0.015741
0 0.597917 0.235648 0.010417 0.025000
0 0.016927 0.877778 0.018229 0.031481
0 0.224219 0.556019 0.010937 0.026852
0 0.818750 0.668056 0.012500 0.036111
0 0.292448 0.587037 0.008854 0.025926
0 0.228646 0.785648 0.014583 0.021296
0 0.810417 0.572685 0.010417 0.025000
0 0.635417 0.266667 0.011458 0.018519
0 0.139063 0.612037 0.013542 0.024074
0 0.270573 0.580093 0.007812 0.021296
0 0.286198 0.652778 0.007812 0.025926
0 0.176563 0.596296 0.014583 0.025926
0 0.304427 0.676389 0.006771 0.026852
0 0.767188 0.502778 0.011458 0.025926
0 0.652604 0.321296 0.015625 0.018519
0 0.879687 0.785185 0.011458 0.024074
0 0.818229 0.750926 0.013542 0.024074
0 0.180208 0.531944 0.011458 0.032407
0 0.207813 0.550463 0.010417 0.025000
0 0.134896 0.508796 0.010417 0.034259
0 0.649479 0.182870 0.012500 0.015741
0 0.778646 0.244907 0.010417 0.025000
0 0.219792 0.727315 0.011458 0.025000
0 0.142969 0.513426 0.007812 0.026852
0 0.347917 0.993519 0.010417 0.009259
0 0.777083 0.537037 0.010417 0.024074
0 0.717708 0.293519 0.020833 0.020370
0 0.163021 0.524537 0.011458 0.032407
0 0.463281 0.991204 0.013021 0.017593
0 0.748177 0.355093 0.007812 0.025000
0 0.820573 0.252315 0.007812 0.023148
0 0.233333 0.557407 0.009375 0.027778
0 0.129167 0.552778 0.012500 0.022222
0 0.255469 0.571296 0.010937 0.024074
0 0.834896 0.647685 0.013542 0.034259
0 0.255469 0.666667 0.010937 0.025926
0 0.955469 0.523611 0.015104 0.015741
0 0.761719 0.341667 0.007812 0.018519
0 0.300781 0.592130 0.007812 0.023148
0 0.810937 0.256944 0.011458 0.030556
0 0.788542 0.273148 0.010417 0.025926
0 0.838021 0.726389 0.013542 0.039815
0 0.731510 0.363426 0.010937 0.025000
0 0.280990 0.325926 0.015104 0.016667
2 0.364063 0.413426 0.028125 0.025000
0 0.934375 0.205556 0.011458 0.027778
0 0.825260 0.183796 0.008854 0.026852
0 0.816667 0.322222 0.012500 0.031481
0 0.903385 0.311574 0.017188 0.015741
0 0.921875 0.305093 0.012500 0.013889
0 0.974219 0.379630 0.013021 0.022222
0 0.809896 0.442130 0.009375 0.015741
0 0.844792 0.675463 0.013542 0.026852
0 0.853646 0.703704 0.012500 0.027778
0 0.827344 0.693056 0.010937 0.025000
0 0.890885 0.818519 0.015104 0.033333
0 0.800781 0.789815 0.018229 0.022222
0 0.946354 0.972685 0.015625 0.036111
0 0.761719 0.878241 0.015104 0.019444
0 0.651823 0.938426 0.010937 0.017593
0 0.544792 0.971759 0.019792 0.023148
0 0.427604 0.943519 0.021875 0.016667
0 0.050000 0.747222 0.013542 0.025926
2 0.045833 0.785648 0.029167 0.063889
0 0.252344 0.819907 0.009896 0.015741
0 0.211198 0.696296 0.014063 0.027778
0 0.159896 0.715741 0.015625 0.022222
0 0.271354 0.643981 0.011458 0.025000
0 0.229948 0.617130 0.009896 0.030556
0 0.232292 0.647685 0.011458 0.025000
0 0.282292 0.585648 0.013542 0.032407
0 0.216927 0.556019 0.009896 0.030556
0 0.192188 0.537963 0.012500 0.029630
0 0.173177 0.531019 0.010937 0.036111
0 0.162760 0.598611 0.015104 0.025000
0 0.148958 0.583333 0.014583 0.025926
0 0.067448 0.476852 0.014063 0.014815
0 0.082292 0.481944 0.015625 0.015741
0 0.122396 0.500000 0.015625 0.018519
2 0.094792 0.565741 0.051042 0.100000
0 0.127865 0.587500 0.014063 0.028704
0 0.718229 0.281944 0.015625 0.017593
0 0.851562 0.284722 0.008333 0.013889
0 0.755469 0.343981 0.007812 0.019444
0 0.641667 0.210648 0.014583 0.015741
0 0.643490 0.196759 0.015104 0.013889
0 0.636979 0.250926 0.015625 0.014815
0 0.484115 0.159722 0.011979 0.032407
0 0.492708 0.193519 0.009375 0.025926
2 0.513802 0.278704 0.026562 0.046296
0 0.422656 0.120370 0.007812 0.024074
0 0.048958 0.105093 0.006250 0.017593
0 0.036979 0.338889 0.015625 0.014815
2 0.009115 0.266667 0.017188 0.020370
2 0.039583 0.234259 0.015625 0.044444
0 0.209896 0.274537 0.015625 0.015741
0 0.226562 0.277315 0.015625 0.015741
0 0.289844 0.295833 0.014063 0.012037
0 0.303646 0.299074 0.013542 0.014815
0 0.239844 0.313426 0.008854 0.013889
0 0.338021 0.309722 0.015625 0.015741
0 0.433594 0.741204 0.014063 0.034259
