0 0.570833 0.257870 0.014583 0.025000
0 0.137240 0.668519 0.011979 0.022222
0 0.535417 0.293056 0.012500 0.023148
0 0.243490 0.346296 0.016146 0.018519
0 0.683073 0.413426 0.018229 0.017593
0 0.509375 0.369907 0.015625 0.021296
0 0.587760 0.448611 0.010937 0.026852
0 0.415365 0.394907 0.016146 0.017593
0 0.366927 0.415278 0.018229 0.017593
0 0.861719 0.415278 0.016146 0.019444
0 0.872917 0.834722 0.013542 0.034259
0 0.351302 0.391204 0.015104 0.015741
0 0.390365 0.398148 0.016146 0.016667
0 0.410938 0.427778 0.015625 0.016667
0 0.571875 0.401389 0.013542 0.026852
0 0.370312 0.398611 0.015625 0.015741
0 0.436198 0.387037 0.016146 0.016667
0 0.381510 0.953241 0.016146 0.039815
0 0.200000 0.736574 0.012500 0.023148
0 0.458854 0.576389 0.011458 0.036111
0 0.515365 0.260185 0.020313 0.029630
0 0.481510 0.649537 0.017188 0.028704
0 0.180990 0.652778 0.013021 0.020370
0 0.188542 0.715278 0.013542 0.023148
0 0.214323 0.355556 0.016146 0.016667
0 0.170573 0.298148 0.018229 0.016667
0 0.618490 0.393519 0.015104 0.033333
0 0.299219 0.330556 0.018229 0.016667
0 0.679688 0.899537 0.015625 0.041667
0 0.150260 0.692130 0.010937 0.021296
0 0.666146 0.855556 0.014583 0.031481
0 0.270573 0.360185 0.017188 0.016667
0 0.181510 0.759722 0.014063 0.025000
0 0.651563 0.806019 0.013542 0.036111
0 0.607292 0.155093 0.012500 0.030556
0 0.429948 0.421759 0.017188 0.019444
0 0.273698 0.378241 0.016146 0.015741
2 0.613281 0.641204 0.014063 0.067593
0 0.595313 0.208796 0.012500 0.028704
0 0.628125 0.016667 0.010417 0.027778
0 0.753646 0.744907 0.013542 0.026852
0 0.640104 0.766667 0.014583 0.037037
0 0.208594 0.313426 0.018229 0.017593
0 0.669010 0.252778 0.010937 0.025926
0 0.581250 0.233796 0.012500 0.025000
0 0.347135 0.916667 0.016146 0.016667
0 0.244271 0.753241 0.011458 0.025000
0 0.642708 0.035648 0.010417 0.026852
0 0.450260 0.668519 0.008854 0.027778
0 0.340885 0.407407 0.017188 0.016667
0 0.908333 0.937500 0.013542 0.030556
0 0.265885 0.319907 0.016146 0.017593
0 0.880469 0.408796 0.018229 0.019444
0 0.342448 0.339352 0.020313 0.021296
0 0.598437 0.583796 0.011458 0.037963
0 0.420312 0.246296 0.012500 0.027778
0 0.080469 0.297685 0.018229 0.025000
0 0.235937 0.746296 0.011458 0.025926
0 0.596875 0.538889 0.010417 0.033333
0 0.144792 0.252315 0.015625 0.015741
0 0.823698 0.209722 0.018229 0.025000
0 0.036719 0.281019 0.015104 0.021296
0 0.469792 0.199537 0.011458 0.023148
0 0.743490 0.712037 0.008854 0.027778
0 0.456510 0.625926 0.008854 0.027778
0 0.389844 0.421296 0.017188 0.018519
0 0.227604 0.735648 0.011458 0.026852
0 0.801562 0.861574 0.014583 0.021296
0 0.222917 0.612500 0.010417 0.025000
0 0.505990 0.555556 0.014063 0.025926
0 0.278646 0.646759 0.010417 0.032407
0 0.213542 0.815278 0.014583 0.023148
0 0.370833 0.900926 0.010417 0.027778
0 0.509896 0.277778 0.014583 0.024074
0 0.805208 0.551389 0.011458 0.026852
0 0.369531 0.306019 0.020313 0.013889
0 0.034635 0.313426 0.016146 0.019444
0 0.279167 0.687037 0.011458 0.031481
0 0.796875 0.846296 0.015625 0.020370
0 0.251302 0.316204 0.015104 0.015741
0 0.321094 0.335648 0.018229 0.017593
0 0.244531 0.277778 0.016146 0.016667
0 0.638021 0.235185 0.013542 0.016667
0 0.822396 0.252778 0.010417 0.025926
0 0.449219 0.212037 0.010937 0.027778
0 0.293490 0.916204 0.015104 0.023148
0 0.476042 0.468981 0.010417 0.026852
0 0.319010 0.400463 0.018229 0.015741
0 0.325781 0.380556 0.018229 0.022222
0 0.426042 0.990278 0.013542 0.015741
0 0.245312 0.562500 0.009375 0.026852
0 0.139583 0.611574 0.013542 0.023148
0 0.051302 0.743056 0.015104 0.032407
0 0.256510 0.629167 0.010937 0.030556
0 0.151562 0.637037 0.013542 0.024074
0 0.489323 0.932407 0.013021 0.029630
0 0.115625 0.532407 0.014583 0.022222
0 0.303906 0.375926 0.017188 0.018519
0 0.620833 0.699537 0.012500 0.028704
0 0.896354 0.905093 0.012500 0.030556
0 0.655208 0.143056 0.013542 0.017593
0 0.919271 0.973611 0.013542 0.037963
0 0.214062 0.765278 0.013542 0.023148
0 0.141667 0.571296 0.012500 0.024074
0 0.237760 0.618056 0.008854 0.026852
0 0.935937 0.940278 0.014583 0.032407
0 0.442708 0.710185 0.010417 0.033333
0 0.238542 0.650463 0.011458 0.025000
0 0.886458 0.867130 0.011458 0.032407
0 0.211198 0.269907 0.016146 0.015741
0 0.424219 0.961574 0.016146 0.021296
0 0.281771 0.324537 0.014583 0.017593
0 0.639583 0.219907 0.013542 0.017593
0 0.270833 0.676389 0.010417 0.026852
0 0.404687 0.276389 0.014583 0.021296
0 0.352344 0.306944 0.017188 0.013889
0 0.246875 0.622685 0.009375 0.026852
0 0.759115 0.281019 0.007812 0.023148
0 0.163281 0.257407 0.017188 0.016667
0 0.652083 0.168981 0.012500 0.015741
0 0.262760 0.673148 0.010937 0.031481
0 0.904687 0.858796 0.011458 0.026852
0 0.976302 0.331019 0.018229 0.013889
0 0.232031 0.644907 0.010937 0.023148
0 0.250521 0.767130 0.012500 0.025000
0 0.247917 0.657870 0.010417 0.026852
0 0.312760 0.682407 0.008854 0.025926
0 0.462500 0.988889 0.012500 0.018519
0 0.198958 0.538426 0.011458 0.032407
0 0.234896 0.555093 0.009375 0.026852
0 0.302083 0.590278 0.010417 0.025000
0 0.295052 0.657870 0.007812 0.026852
0 0.629167 0.729167 0.012500 0.034259
0 0.835417 0.646296 0.013542 0.031481
0 0.789583 0.273148 0.010417 0.024074
0 0.153125 0.592130 0.013542 0.025000
0 0.217188 0.707870 0.012500 0.023148
0 0.723698 0.150926 0.017188 0.020370
0 0.182292 0.532407 0.010417 0.027778
0 0.153646 0.516667 0.010417 0.025926
0 0.464583 0.971296 0.014583 0.037037
0 0.167187 0.596296 0.012500 0.024074
0 0.879687 0.783796 0.011458 0.026852
0 0.794010 0.488889 0.008854 0.025926
0 0.653646 0.156944 0.012500 0.015741
0 0.617448 0.515278 0.017188 0.026852
0 0.295312 0.390278 0.023958 0.021296
0 0.083333 0.479167 0.015625 0.015741
0 0.041667 0.121296 0.013542 0.025926
0 0.220312 0.722685 0.012500 0.023148
0 0.947396 0.975463 0.014583 0.036111
0 0.764062 0.340278 0.008333 0.019444
0 0.135937 0.508796 0.010417 0.032407
0 0.622135 0.562037 0.015104 0.025926
0 0.957031 0.525926 0.014063 0.014815
0 0.133854 0.557407 0.013542 0.022222
0 0.144792 0.512037 0.011458 0.031481
0 0.287240 0.651389 0.007812 0.026852
0 0.229167 0.785185 0.015625 0.022222
0 0.256510 0.666667 0.010937 0.031481
0 0.485417 0.160648 0.010417 0.026852
0 0.321094 0.300926 0.017188 0.014815
0 0.163021 0.521759 0.011458 0.032407
0 0.796875 0.260185 0.010417 0.025926
0 0.148958 0.580556 0.011458 0.022222
0 0.262760 0.632870 0.008854 0.026852
0 0.120833 0.499537 0.014583 0.019444
0 0.544271 0.971296 0.019792 0.024074
0 0.210417 0.549537 0.011458 0.030556
0 0.254948 0.567130 0.008854 0.025000
0 0.176042 0.596296 0.013542 0.025926
0 0.130208 0.550463 0.012500 0.023148
0 0.293490 0.587037 0.008854 0.025926
0 0.271615 0.579167 0.007812 0.021296
0 0.629167 0.107407 0.012500 0.020370
0 0.225521 0.554630 0.011458 0.029630
0 0.769010 0.501389 0.011979 0.025000
0 0.747917 0.356019 0.008333 0.026852
0 0.651563 0.184722 0.010417 0.019444
0 0.645312 0.195833 0.014583 0.013889
0 0.643750 0.210648 0.016667 0.017593
0 0.637760 0.252778 0.013021 0.018519
0 0.637240 0.268519 0.009896 0.012963
0 0.657031 0.319907 0.019271 0.021296
0 0.719271 0.281481 0.012500 0.014815
0 0.719271 0.296296 0.019792 0.020370
1 0.610938 0.749074 0.032292 0.075926
0 0.659635 0.909722 0.010937 0.028704
0 0.652344 0.939815 0.009896 0.016667
0 0.696615 0.957407 0.016146 0.035185
0 0.958854 0.890741 0.013542 0.014815
0 0.892448 0.819907 0.014063 0.032407
0 0.866927 0.739815 0.013021 0.029630
0 0.840365 0.727315 0.013021 0.034259
0 0.829688 0.695370 0.012500 0.029630
0 0.821354 0.668056 0.013542 0.032407
0 0.845833 0.679167 0.012500 0.032407
0 0.854167 0.706481 0.011458 0.029630
0 0.801562 0.789815 0.017708 0.022222
0 0.811979 0.574537 0.011458 0.023148
0 0.777344 0.533333 0.011979 0.027778
0 0.810937 0.442593 0.008333 0.012963
0 0.784375 0.553704 0.007292 0.009259
0 0.905990 0.314352 0.014063 0.017593
0 0.923177 0.305556 0.013021 0.009259
0 0.817969 0.321759 0.011979 0.030556
0 0.733333 0.365278 0.009375 0.026852
0 0.780729 0.245370 0.009375 0.027778
0 0.827865 0.184259 0.009896 0.027778
0 0.780990 0.277315 0.008854 0.023148
0 0.756771 0.344907 0.008333 0.019444
0 0.477865 0.388889 0.011979 0.022222
0 0.492708 0.192130 0.009375 0.023148
2 0.458854 0.716667 0.025000 0.059259
0 0.433594 0.752778 0.013021 0.033333
0 0.441667 0.655556 0.008333 0.022222
0 0.426563 0.944907 0.021875 0.019444
0 0.007292 0.906019 0.013542 0.056481
2 0.052604 0.806019 0.019792 0.043519
0 0.050781 0.101389 0.005729 0.013889
0 0.039583 0.337963 0.016667 0.012963
0 0.228385 0.275926 0.015104 0.018519
0 0.290625 0.293981 0.013542 0.013889
0 0.304167 0.298611 0.015625 0.015741
0 0.336719 0.306481 0.016146 0.014815
0 0.415885 0.098148 0.011979 0.029630
0 0.420312 0.049537 0.010417 0.026852
0 0.935937 0.206481 0.012500 0.027778
2 0.095573 0.564352 0.051562 0.100926
0 0.211979 0.695370 0.011458 0.027778
0 0.253906 0.820833 0.010937 0.025000
0 0.161198 0.714352 0.014063 0.030556
0 0.068490 0.474537 0.011979 0.013889
0 0.128385 0.586111 0.015104 0.025926
