0 0.637760 0.457407 0.014063 0.018519
0 0.570312 0.249537 0.013542 0.023148
0 0.660417 0.442130 0.014583 0.019444
0 0.437760 0.423611 0.016146 0.019444
0 0.135937 0.668056 0.012500 0.021296
0 0.424740 0.400926 0.017188 0.018519
0 0.457813 0.573148 0.010417 0.037037
2 0.409115 0.425463 0.022396 0.021296
0 0.699740 0.974537 0.013021 0.036111
0 0.166927 0.299537 0.017188 0.017593
0 0.870313 0.833796 0.013542 0.034259
0 0.534896 0.293519 0.015625 0.024074
0 0.236198 0.346296 0.017188 0.016667
0 0.377083 0.396296 0.015625 0.016667
0 0.859635 0.416667 0.016146 0.018519
0 0.359635 0.413889 0.017188 0.016667
0 0.331510 0.384722 0.015104 0.015741
0 0.206510 0.315278 0.018229 0.019444
0 0.451823 0.379167 0.018229 0.025000
0 0.398698 0.404167 0.017188 0.019444
0 0.878385 0.410185 0.018229 0.018519
0 0.613281 0.468056 0.014063 0.019444
0 0.636719 0.237037 0.014063 0.018519
0 0.617448 0.394907 0.015104 0.036111
0 0.182552 0.346296 0.017188 0.018519
0 0.638281 0.012963 0.010937 0.024074
0 0.667188 0.252778 0.010417 0.025926
0 0.161198 0.260185 0.017188 0.018519
0 0.270052 0.360648 0.020313 0.021296
0 0.622917 0.104167 0.010417 0.025000
0 0.652604 0.143519 0.013542 0.016667
0 0.346094 0.918981 0.016146 0.015741
0 0.127083 0.307870 0.015625 0.015741
0 0.298177 0.331019 0.018229 0.017593
0 0.383594 0.423148 0.018229 0.018519
0 0.198958 0.738889 0.011458 0.024074
0 0.419792 0.248148 0.012500 0.027778
0 0.612240 0.627778 0.010937 0.037037
0 0.641667 0.478241 0.014583 0.019444
0 0.641146 0.040278 0.009375 0.025000
0 0.606771 0.656944 0.011458 0.037963
0 0.593229 0.204167 0.013542 0.030556
0 0.292969 0.916667 0.014063 0.022222
0 0.178125 0.664352 0.015625 0.021296
0 0.604167 0.568519 0.011458 0.037037
0 0.244010 0.754167 0.010937 0.025000
0 0.335677 0.408796 0.016146 0.017593
0 0.753125 0.744907 0.012500 0.026852
0 0.156510 0.328241 0.015104 0.019444
0 0.548438 0.302778 0.013542 0.024074
0 0.143490 0.252778 0.014063 0.016667
0 0.479687 0.415278 0.012500 0.026852
0 0.134635 0.328241 0.017188 0.019444
0 0.208333 0.356944 0.015625 0.019444
0 0.470833 0.214815 0.015625 0.031481
0 0.113542 0.532870 0.013542 0.023148
0 0.464062 0.513426 0.011458 0.034259
0 0.283073 0.387037 0.017188 0.016667
0 0.638021 0.221296 0.013542 0.016667
0 0.609896 0.171296 0.009375 0.025926
0 0.187760 0.716667 0.013021 0.024074
0 0.241406 0.373148 0.017188 0.018519
0 0.180208 0.763426 0.013542 0.026852
0 0.451562 0.238426 0.012500 0.036111
0 0.226562 0.736574 0.011458 0.025000
0 0.450260 0.651389 0.008854 0.026852
0 0.581510 0.471296 0.007812 0.025926
0 0.244531 0.564352 0.008854 0.026852
0 0.039062 0.119907 0.013542 0.025000
0 0.221354 0.613426 0.010417 0.025000
0 0.648958 0.808796 0.013542 0.032407
0 0.368490 0.307870 0.018229 0.013889
0 0.212760 0.816667 0.014063 0.024074
0 0.151562 0.593519 0.013542 0.024074
0 0.278646 0.688889 0.012500 0.031481
0 0.894531 0.902315 0.014063 0.032407
0 0.029167 0.151389 0.013542 0.023148
0 0.638542 0.767130 0.012500 0.036111
0 0.341406 0.341667 0.020313 0.020370
0 0.632031 0.074537 0.008854 0.028704
0 0.369792 0.902315 0.010417 0.026852
0 0.049740 0.746759 0.015104 0.032407
0 0.213021 0.766667 0.013542 0.024074
0 0.277083 0.648148 0.010417 0.031481
0 0.242448 0.281019 0.017188 0.017593
0 0.484375 0.657870 0.014583 0.023148
0 0.254688 0.630556 0.011458 0.031481
0 0.148958 0.694907 0.011458 0.021296
0 0.294010 0.658796 0.007812 0.025000
0 0.262760 0.633796 0.010937 0.025000
0 0.757031 0.282407 0.007812 0.022222
0 0.600000 0.725463 0.012500 0.032407
0 0.247396 0.658796 0.010417 0.025000
0 0.917708 0.973148 0.013542 0.037037
0 0.357031 0.393519 0.018229 0.018519
0 0.651042 0.168519 0.012500 0.016667
0 0.907031 0.934722 0.014063 0.032407
0 0.742188 0.709722 0.010417 0.030556
0 0.652083 0.157407 0.012500 0.016667
0 0.249740 0.316667 0.016146 0.016667
0 0.673177 0.885648 0.016146 0.043519
2 0.507552 0.270833 0.026562 0.043519
0 0.151042 0.638426 0.014583 0.023148
0 0.261458 0.673148 0.011458 0.031481
0 0.265365 0.321296 0.016146 0.016667
0 0.488021 0.934259 0.010417 0.029630
0 0.351823 0.307407 0.016146 0.014815
0 0.800781 0.860648 0.014063 0.021296
0 0.318490 0.336574 0.017188 0.015741
0 0.617188 0.140278 0.010417 0.026852
0 0.311719 0.681944 0.007812 0.026852
0 0.794010 0.488889 0.010937 0.024074
0 0.244531 0.625926 0.008854 0.025926
0 0.424219 0.963889 0.015104 0.020370
0 0.463542 0.973148 0.014583 0.037037
0 0.571875 0.652315 0.013542 0.032407
0 0.234896 0.747685 0.011458 0.026852
0 0.834896 0.647685 0.013542 0.032407
0 0.236458 0.619907 0.010417 0.023148
0 0.199219 0.540278 0.010937 0.026852
0 0.250521 0.768056 0.012500 0.025000
0 0.152083 0.517130 0.010417 0.025000
0 0.795833 0.845833 0.014583 0.019444
0 0.216146 0.713426 0.012500 0.023148
0 0.884375 0.866667 0.011458 0.033333
0 0.652604 0.319907 0.015625 0.019444
0 0.223958 0.556019 0.010417 0.026852
0 0.300260 0.593519 0.007812 0.024074
0 0.765104 0.243981 0.009375 0.026852
0 0.239063 0.656019 0.012500 0.025000
0 0.320052 0.301389 0.016146 0.015741
0 0.934896 0.938426 0.012500 0.032407
0 0.645312 0.875926 0.012500 0.033333
0 0.292448 0.587037 0.008854 0.025926
0 0.904948 0.858796 0.010937 0.026852
0 0.270573 0.580556 0.007812 0.022222
0 0.176563 0.596759 0.014583 0.025000
0 0.650781 0.010648 0.008854 0.019444
0 0.209896 0.273148 0.015625 0.016667
0 0.139063 0.613426 0.013542 0.023148
0 0.005990 0.950926 0.010937 0.025926
0 0.864062 0.736574 0.010417 0.026852
0 0.802604 0.550463 0.011458 0.025000
0 0.207292 0.550463 0.011458 0.025000
0 0.253906 0.573148 0.007812 0.022222
0 0.269271 0.677778 0.010417 0.025926
0 0.228646 0.785648 0.014583 0.023148
0 0.264844 0.379167 0.017188 0.017593
0 0.135417 0.561574 0.013542 0.021296
0 0.180469 0.532870 0.010937 0.028704
0 0.426563 0.990278 0.012500 0.013889
0 0.219010 0.727778 0.011979 0.025926
0 0.794531 0.258796 0.010937 0.025000
0 0.134115 0.510185 0.007812 0.027778
0 0.779427 0.275463 0.007812 0.021296
0 0.285156 0.652778 0.007812 0.025926
0 0.818750 0.667130 0.012500 0.034259
0 0.139583 0.572685 0.013542 0.023148
0 0.778646 0.244907 0.010417 0.025000
0 0.143490 0.512037 0.010937 0.031481
0 0.625000 0.722685 0.012500 0.041667
0 0.255208 0.668056 0.010417 0.026852
0 0.788542 0.272685 0.010417 0.025000
0 0.163021 0.525926 0.011458 0.031481
0 0.223177 0.275463 0.018229 0.015741
0 0.347396 0.993981 0.011458 0.008333
0 0.716667 0.293519 0.018750 0.022222
0 0.190104 0.538426 0.010417 0.026852
0 0.746094 0.352315 0.007812 0.019444
0 0.955469 0.525463 0.015104 0.015741
0 0.119792 0.499537 0.014583 0.019444
0 0.879687 0.785185 0.011458 0.024074
0 0.761719 0.343056 0.007812 0.019444
0 0.838021 0.726389 0.013542 0.037963
0 0.767708 0.501389 0.010417 0.025000
0 0.145313 0.580556 0.012500 0.022222
2 0.304167 0.392130 0.027083 0.030556
0 0.825781 0.185185 0.009896 0.025926
0 0.821354 0.254167 0.008333 0.030556
0 0.813021 0.259259 0.012500 0.029630
0 0.816406 0.322222 0.013021 0.029630
0 0.903385 0.313889 0.016146 0.014815
0 0.731250 0.365741 0.009375 0.025926
0 0.754948 0.344444 0.007812 0.020370
0 0.718490 0.281019 0.014063 0.015741
0 0.809375 0.442130 0.009375 0.012037
0 0.811198 0.575463 0.008854 0.019444
0 0.844531 0.677778 0.013021 0.025926
0 0.827344 0.694444 0.013021 0.027778
0 0.854167 0.704630 0.012500 0.025926
0 0.890885 0.818519 0.015104 0.033333
0 0.958854 0.887500 0.018750 0.017593
0 0.800000 0.788889 0.017708 0.022222
0 0.775521 0.531944 0.010417 0.028704
0 0.921615 0.306944 0.011979 0.008333
0 0.934375 0.206481 0.010417 0.027778
0 0.851302 0.285648 0.006771 0.012037
0 0.635417 0.268056 0.010417 0.012037
0 0.635417 0.251852 0.012500 0.011111
0 0.601042 0.271296 0.007292 0.022222
0 0.642448 0.209259 0.015104 0.020370
0 0.644792 0.197222 0.013542 0.016667
0 0.649479 0.183796 0.012500 0.017593
0 0.484635 0.161574 0.010937 0.030556
0 0.491927 0.192593 0.008854 0.025926
0 0.336458 0.309259 0.015625 0.016667
0 0.289062 0.296296 0.012500 0.016667
0 0.302865 0.300000 0.015104 0.014815
0 0.037240 0.337963 0.015104 0.011111
2 0.039583 0.231944 0.016667 0.047222
0 0.049479 0.105093 0.006250 0.017593
0 0.004687 0.214815 0.008333 0.022222
0 0.074479 0.189815 0.008333 0.024074
0 0.946615 0.973611 0.013021 0.030556
0 0.651563 0.939815 0.009375 0.012963
0 0.619271 0.491204 0.014583 0.017593
0 0.067187 0.477778 0.014583 0.014815
0 0.083073 0.482407 0.016146 0.018519
2 0.093750 0.563426 0.045833 0.097222
0 0.125000 0.586111 0.017708 0.033333
0 0.159896 0.717593 0.013542 0.025926
0 0.210938 0.696296 0.012500 0.027778
2 0.050521 0.809722 0.017708 0.045370
0 0.253385 0.822685 0.014063 0.023148
0 0.427083 0.945833 0.020833 0.017593
0 0.461719 0.992593 0.009896 0.014815
0 0.281771 0.329630 0.014583 0.018519
0 0.162240 0.597222 0.013021 0.025926
0 0.129427 0.552315 0.010937 0.019444
2 0.007031 0.906481 0.013021 0.046296
0 0.303646 0.677315 0.007292 0.025000
0 0.271094 0.643981 0.010937 0.026852
0 0.230208 0.618981 0.009375 0.026852
0 0.231771 0.647685 0.012500 0.026852
0 0.233854 0.560648 0.010417 0.030556
0 0.282292 0.586574 0.011458 0.030556
0 0.215625 0.556944 0.010417 0.028704
