0 0.570833 0.259722 0.014583 0.025000
0 0.737240 0.418056 0.017188 0.015741
0 0.557813 0.377778 0.015625 0.022222
0 0.136458 0.668056 0.011458 0.021296
0 0.353385 0.446296 0.017188 0.020370
0 0.434115 0.388426 0.016146 0.017593
0 0.349740 0.391667 0.014063 0.014815
0 0.580729 0.234722 0.011458 0.025000
0 0.861719 0.416667 0.016146 0.016667
0 0.526563 0.578241 0.013542 0.023148
0 0.613542 0.132870 0.011458 0.028704
0 0.589063 0.163889 0.011458 0.027778
0 0.298177 0.331019 0.018229 0.017593
0 0.366927 0.416667 0.018229 0.018519
0 0.594792 0.210648 0.011458 0.028704
0 0.771615 0.181019 0.020313 0.017593
0 0.526563 0.315278 0.013542 0.025000
0 0.253385 0.371296 0.016146 0.018519
0 0.469531 0.485185 0.010937 0.029630
0 0.207031 0.315278 0.017188 0.019444
0 0.591146 0.485648 0.010417 0.032407
0 0.676302 0.894907 0.016146 0.039815
0 0.389323 0.400463 0.016146 0.015741
0 0.594010 0.557870 0.011979 0.037963
0 0.413802 0.398148 0.016146 0.018519
0 0.410938 0.429167 0.015625 0.017593
0 0.188542 0.716667 0.013542 0.024074
0 0.523698 0.629167 0.015104 0.023148
0 0.618490 0.394907 0.016146 0.036111
0 0.871875 0.838426 0.013542 0.032407
0 0.388802 0.423148 0.017188 0.018519
0 0.199740 0.738426 0.011979 0.023148
0 0.599479 0.179630 0.013542 0.029630
0 0.288802 0.370833 0.018229 0.015741
0 0.340365 0.407407 0.016146 0.016667
0 0.169010 0.298148 0.017188 0.016667
0 0.662760 0.845833 0.013021 0.032407
0 0.214844 0.340278 0.017188 0.019444
0 0.346094 0.918519 0.016146 0.016667
1 0.500260 0.246759 0.019271 0.030556
0 0.879948 0.410185 0.017188 0.018519
0 0.266146 0.321296 0.015625 0.018519
0 0.244271 0.754167 0.011458 0.025000
0 0.369531 0.400463 0.015104 0.015741
0 0.320573 0.337037 0.017188 0.016667
0 0.625781 0.100926 0.010937 0.027778
0 0.637240 0.235648 0.013021 0.017593
0 0.652083 0.807407 0.014583 0.033333
0 0.502344 0.271296 0.016146 0.027778
0 0.669010 0.255556 0.009896 0.029630
0 0.182552 0.762963 0.016146 0.027778
0 0.564063 0.634722 0.014583 0.026852
0 0.369010 0.307870 0.019271 0.013889
0 0.292969 0.916667 0.014063 0.022222
0 0.380729 0.939352 0.011458 0.026852
0 0.222917 0.612500 0.010417 0.025000
0 0.619271 0.698148 0.013542 0.031481
0 0.628125 0.732407 0.012500 0.031481
0 0.450260 0.547685 0.008854 0.032407
0 0.464583 0.434722 0.010417 0.025000
0 0.428906 0.422685 0.017188 0.019444
0 0.420312 0.248148 0.012500 0.027778
0 0.621094 0.510648 0.019271 0.028704
0 0.162760 0.317130 0.015104 0.015741
0 0.342448 0.341667 0.020313 0.020370
0 0.908333 0.938426 0.013542 0.030556
0 0.244531 0.566667 0.008854 0.025926
0 0.453646 0.651389 0.009375 0.028704
0 0.152344 0.360185 0.017188 0.018519
0 0.278125 0.688889 0.011458 0.031481
0 0.322656 0.384259 0.018229 0.018519
0 0.051823 0.322685 0.017188 0.019444
0 0.318490 0.401389 0.017188 0.015741
0 0.144531 0.252778 0.014063 0.016667
0 0.244531 0.281019 0.016146 0.015741
0 0.251302 0.316667 0.015104 0.016667
0 0.227604 0.736574 0.011458 0.025000
0 0.450781 0.246296 0.010937 0.027778
2 0.614583 0.628704 0.015625 0.064815
0 0.466667 0.332407 0.008333 0.027778
0 0.213542 0.816667 0.014583 0.024074
0 0.457813 0.604167 0.009375 0.032407
0 0.639062 0.768519 0.012500 0.033333
0 0.162240 0.259259 0.017188 0.018519
0 0.352865 0.307870 0.016146 0.013889
0 0.654687 0.146296 0.012500 0.020370
0 0.150260 0.696296 0.010937 0.020370
0 0.834896 0.647685 0.013542 0.032407
0 0.370833 0.902778 0.010417 0.025926
0 0.235937 0.746759 0.011458 0.026852
0 0.801042 0.862500 0.013542 0.021296
0 0.742448 0.713889 0.008854 0.027778
0 0.895312 0.907870 0.012500 0.030556
0 0.277083 0.648148 0.010417 0.031481
0 0.116146 0.318519 0.015625 0.020370
0 0.754167 0.746759 0.012500 0.026852
0 0.796875 0.848611 0.015625 0.019444
0 0.255469 0.626389 0.010937 0.026852
0 0.404167 0.278241 0.013542 0.021296
0 0.789583 0.273148 0.010417 0.024074
0 0.153125 0.593056 0.013542 0.025000
0 0.178646 0.657407 0.013542 0.020370
0 0.935417 0.940278 0.013542 0.032407
0 0.434896 0.754167 0.010417 0.032407
0 0.822396 0.252778 0.010417 0.024074
0 0.040625 0.121296 0.013542 0.025926
0 0.114583 0.532407 0.013542 0.022222
0 0.050260 0.743519 0.015104 0.033333
0 0.645052 0.065278 0.008854 0.028704
0 0.262240 0.673148 0.011979 0.031481
0 0.214062 0.765278 0.013542 0.023148
0 0.247917 0.660185 0.010417 0.025926
0 0.320573 0.301389 0.016146 0.015741
0 0.768229 0.501389 0.011458 0.025000
0 0.424219 0.963889 0.015104 0.020370
0 0.758073 0.281944 0.007812 0.023148
0 0.237240 0.617130 0.010937 0.025000
0 0.762760 0.346296 0.007812 0.020370
0 0.488021 0.934259 0.010417 0.029630
2 0.295573 0.390278 0.022396 0.023148
0 0.794531 0.491204 0.010937 0.026852
0 0.805208 0.552778 0.011458 0.025926
0 0.919010 0.974537 0.014063 0.037963
0 0.270313 0.676389 0.010417 0.026852
0 0.151562 0.637037 0.013542 0.024074
0 0.142448 0.571759 0.016146 0.023148
0 0.444531 0.699537 0.007812 0.025000
0 0.262760 0.633796 0.008854 0.025000
0 0.295052 0.658796 0.007812 0.026852
0 0.201823 0.542593 0.010937 0.027778
0 0.652083 0.169907 0.012500 0.019444
0 0.153646 0.516667 0.010417 0.025926
0 0.639583 0.223148 0.013542 0.016667
0 0.237760 0.651389 0.011979 0.025000
0 0.654948 0.321296 0.015104 0.018519
0 0.245312 0.621759 0.009375 0.025000
0 0.426563 0.991667 0.014583 0.012963
0 0.250521 0.768056 0.012500 0.025000
0 0.347917 0.993981 0.010417 0.008333
0 0.139583 0.612037 0.013542 0.024074
0 0.884896 0.868519 0.012500 0.033333
0 0.233073 0.647685 0.010937 0.023148
0 0.653646 0.159259 0.012500 0.018519
0 0.233333 0.556019 0.009375 0.026852
0 0.182292 0.531944 0.010417 0.028704
0 0.281510 0.325926 0.015104 0.018519
0 0.428646 0.077315 0.010417 0.025000
0 0.463542 0.973611 0.014583 0.036111
0 0.904687 0.859722 0.011458 0.026852
0 0.293490 0.587500 0.008854 0.026852
0 0.989583 0.392130 0.010417 0.032407
0 0.135937 0.563889 0.014583 0.022222
0 0.638802 0.040278 0.011979 0.028704
0 0.177083 0.596296 0.013542 0.025926
0 0.748177 0.352315 0.007812 0.019444
0 0.135937 0.510185 0.010417 0.033333
0 0.301302 0.591667 0.008854 0.025926
0 0.796875 0.262037 0.010417 0.025926
0 0.880729 0.785648 0.011458 0.023148
0 0.219792 0.727315 0.011458 0.025000
0 0.228646 0.785648 0.014583 0.021296
0 0.312760 0.682407 0.008854 0.025926
0 0.255469 0.571296 0.010937 0.024074
0 0.224740 0.555093 0.011979 0.030556
0 0.621354 0.050926 0.009375 0.025926
0 0.255729 0.665278 0.011458 0.030556
0 0.271615 0.580093 0.007812 0.021296
0 0.209375 0.550926 0.011458 0.031481
0 0.144010 0.512037 0.011979 0.031481
0 0.287760 0.652778 0.007812 0.025926
0 0.650521 0.187963 0.012500 0.018519
0 0.211198 0.271759 0.017188 0.015741
0 0.163021 0.523611 0.011458 0.032407
0 0.545052 0.974074 0.020313 0.022222
0 0.777604 0.539352 0.011458 0.025000
0 0.622396 0.562500 0.010417 0.023148
0 0.166146 0.596296 0.012500 0.024074
0 0.217188 0.712037 0.012500 0.024074
2 0.051042 0.809259 0.021875 0.046296
0 0.463021 0.988889 0.013542 0.018519
0 0.825521 0.185185 0.011458 0.024074
2 0.497396 0.635185 0.026042 0.053704
0 0.050781 0.102315 0.008854 0.017593
0 0.068490 0.474537 0.014063 0.015741
0 0.084115 0.483333 0.015104 0.016667
0 0.122135 0.499074 0.017188 0.024074
2 0.095052 0.565278 0.050521 0.102778
0 0.150521 0.582870 0.014583 0.023148
0 0.129948 0.552778 0.013021 0.022222
0 0.173698 0.531481 0.007812 0.031481
0 0.192969 0.537500 0.009896 0.030556
0 0.282813 0.586111 0.011458 0.031481
0 0.231771 0.617130 0.010417 0.028704
0 0.272396 0.644907 0.011458 0.025000
0 0.211719 0.694907 0.014063 0.028704
0 0.217188 0.555556 0.010417 0.031481
0 0.127604 0.586111 0.017708 0.025926
0 0.159115 0.714352 0.015104 0.023148
2 0.007292 0.906019 0.013542 0.049074
0 0.254427 0.821296 0.010937 0.024074
0 0.039062 0.337963 0.013542 0.011111
0 0.227604 0.276852 0.015625 0.014815
0 0.290625 0.295370 0.012500 0.012963
0 0.303906 0.299074 0.015104 0.014815
0 0.338281 0.308796 0.014063 0.013889
0 0.485156 0.163426 0.010937 0.028704
0 0.494271 0.195370 0.008333 0.024074
0 0.635938 0.250926 0.015625 0.018519
0 0.635938 0.268519 0.012500 0.012963
0 0.652604 0.941667 0.009375 0.014815
1 0.669271 0.941204 0.033333 0.084259
0 0.690625 0.940741 0.012500 0.033333
0 0.705729 0.990741 0.007292 0.018519
0 0.733073 0.366667 0.009896 0.024074
0 0.756250 0.346759 0.007292 0.019444
0 0.718750 0.297222 0.018750 0.018519
0 0.720052 0.283333 0.016146 0.016667
0 0.644792 0.211574 0.016667 0.012037
0 0.645833 0.198611 0.015625 0.017593
0 0.705990 0.136111 0.017188 0.020370
0 0.781250 0.247222 0.010417 0.025926
0 0.780990 0.278241 0.007812 0.019444
0 0.817448 0.325463 0.011979 0.030556
0 0.810937 0.444444 0.009375 0.012963
0 0.812240 0.575463 0.009896 0.019444
0 0.820312 0.667593 0.011458 0.029630
0 0.828646 0.696296 0.011458 0.029630
0 0.839583 0.728241 0.012500 0.032407
0 0.845833 0.678241 0.011458 0.030556
0 0.854948 0.706481 0.011979 0.029630
0 0.866667 0.741204 0.013542 0.032407
0 0.801562 0.791204 0.017708 0.023148
0 0.892448 0.824537 0.014063 0.034259
0 0.946875 0.976389 0.014583 0.034259
0 0.959896 0.891204 0.016667 0.015741
0 0.957031 0.528704 0.017188 0.014815
0 0.905208 0.312500 0.015625 0.015741
0 0.923698 0.308333 0.009896 0.007407
0 0.935937 0.207870 0.012500 0.026852
0 0.428646 0.944444 0.018750 0.018519
