0 0.383073 0.424537 0.017188 0.019444
0 0.137240 0.666667 0.011979 0.022222
0 0.399740 0.399537 0.016146 0.017593
0 0.861719 0.416667 0.015104 0.016667
0 0.444792 0.695833 0.012500 0.036111
0 0.357031 0.413426 0.016146 0.017593
0 0.150260 0.691667 0.010937 0.022222
0 0.755208 0.312037 0.014583 0.016667
0 0.838802 0.382407 0.017188 0.016667
0 0.197135 0.348148 0.017188 0.016667
0 0.289062 0.385185 0.015625 0.018519
0 0.904948 0.313426 0.016146 0.013889
0 0.432031 0.388426 0.015104 0.019444
0 0.899740 0.402778 0.015104 0.016667
0 0.346094 0.916667 0.016146 0.018519
0 0.312760 0.359722 0.017188 0.015741
0 0.200000 0.737037 0.012500 0.024074
0 0.411719 0.425463 0.016146 0.019444
0 0.878906 0.410185 0.017188 0.018519
0 0.445573 0.415278 0.017188 0.019444
0 0.870313 0.837500 0.013542 0.036111
0 0.313281 0.375463 0.017188 0.015741
0 0.188542 0.712500 0.013542 0.025000
0 0.545833 0.304167 0.014583 0.025000
0 0.167448 0.337037 0.018229 0.016667
0 0.619531 0.393056 0.015104 0.034259
0 0.221615 0.360648 0.017188 0.017593
0 0.172656 0.315278 0.018229 0.017593
0 0.299219 0.327778 0.018229 0.016667
0 0.195573 0.327778 0.017188 0.018519
0 0.181510 0.760185 0.014063 0.025926
0 0.642188 0.477315 0.013542 0.019444
0 0.278646 0.724537 0.012500 0.019444
0 0.253906 0.371296 0.017188 0.016667
0 0.238802 0.346296 0.018229 0.018519
0 0.293490 0.915278 0.015104 0.021296
0 0.343490 0.339352 0.020313 0.021296
0 0.639062 0.049537 0.010417 0.028704
0 0.395313 0.905556 0.012500 0.029630
0 0.869531 0.360648 0.016146 0.013889
0 0.589583 0.458796 0.010417 0.032407
0 0.342969 0.387037 0.017188 0.016667
0 0.457813 0.274537 0.009375 0.026852
0 0.656250 0.830556 0.013542 0.033333
0 0.086198 0.288889 0.017188 0.016667
0 0.432292 0.246296 0.010417 0.025926
0 0.144792 0.250926 0.015625 0.018519
0 0.116927 0.299537 0.016146 0.019444
0 0.612760 0.737037 0.013021 0.031481
0 0.139844 0.307407 0.017188 0.018519
0 0.497656 0.260185 0.016146 0.029630
0 0.214062 0.762500 0.013542 0.025000
0 0.244271 0.752778 0.011458 0.025926
0 0.011198 0.302778 0.015104 0.020370
0 0.604948 0.476389 0.008854 0.034259
0 0.967187 0.385185 0.014583 0.020370
0 0.222396 0.612037 0.011458 0.025926
0 0.754167 0.745833 0.012500 0.026852
0 0.213281 0.812500 0.015104 0.025000
0 0.234896 0.744907 0.011458 0.026852
0 0.907031 0.938889 0.014063 0.031481
0 0.490104 0.359722 0.014583 0.025000
0 0.917969 0.973148 0.014063 0.037037
0 0.484896 0.547685 0.015625 0.023148
0 0.669010 0.253241 0.010937 0.025000
0 0.638802 0.827315 0.011979 0.028704
0 0.245573 0.277778 0.016146 0.016667
0 0.208073 0.310185 0.017188 0.016667
0 0.153646 0.633796 0.014583 0.025000
0 0.321094 0.337037 0.018229 0.018519
0 0.426563 0.989352 0.012500 0.015741
0 0.767969 0.276389 0.008854 0.026852
0 0.335156 0.402778 0.017188 0.016667
0 0.894010 0.906019 0.013021 0.030556
0 0.834896 0.647685 0.013542 0.032407
0 0.265885 0.318519 0.017188 0.016667
0 0.278646 0.646296 0.010417 0.033333
0 0.771354 0.246296 0.009375 0.025926
0 0.227604 0.735185 0.011458 0.027778
0 0.163802 0.255556 0.018229 0.018519
0 0.646354 0.012500 0.009375 0.023148
0 0.742969 0.711574 0.010937 0.026852
0 0.784375 0.516667 0.012500 0.033333
0 0.805208 0.551389 0.011458 0.026852
0 0.253385 0.315741 0.014063 0.016667
0 0.369010 0.306019 0.019271 0.013889
0 0.025521 0.271759 0.018750 0.019444
0 0.312760 0.681019 0.007812 0.026852
0 0.153125 0.590278 0.013542 0.023148
0 0.768750 0.504167 0.012500 0.030556
0 0.488021 0.932407 0.010417 0.029630
0 0.933854 0.941667 0.013542 0.033333
0 0.139583 0.610648 0.013542 0.023148
0 0.245312 0.620833 0.009375 0.025000
0 0.660156 0.498148 0.019271 0.027778
0 0.757812 0.282407 0.009375 0.025926
0 0.763281 0.343981 0.010937 0.021296
0 0.800781 0.861574 0.014063 0.023148
0 0.211198 0.268519 0.016146 0.016667
0 0.795833 0.846759 0.014583 0.019444
0 0.655469 0.321296 0.014063 0.018519
0 0.321094 0.299537 0.017188 0.013889
0 0.255469 0.625463 0.010937 0.026852
0 0.114583 0.529167 0.013542 0.021296
0 0.864062 0.738426 0.010417 0.026852
0 0.370833 0.901389 0.010417 0.026852
0 0.637240 0.234722 0.013021 0.015741
0 0.245312 0.562500 0.009375 0.026852
0 0.821875 0.254167 0.009375 0.023148
0 0.636458 0.519907 0.013542 0.021296
0 0.465365 0.969907 0.014063 0.036111
0 0.238542 0.650463 0.011458 0.025000
0 0.454688 0.639352 0.009375 0.030556
0 0.655208 0.143519 0.012500 0.016667
0 0.081250 0.679167 0.012500 0.025000
0 0.579167 0.657407 0.014583 0.033333
0 0.042188 0.116667 0.012500 0.025926
0 0.020833 0.172685 0.011458 0.023148
0 0.224740 0.777315 0.021354 0.036111
0 0.142708 0.567130 0.012500 0.023148
0 0.421875 0.244907 0.010417 0.026852
0 0.424219 0.960648 0.016146 0.021296
0 0.050260 0.740278 0.018229 0.030556
0 0.170052 0.295833 0.017188 0.015741
0 0.789583 0.272685 0.010417 0.025000
0 0.033333 0.148148 0.012500 0.025926
0 0.352344 0.307407 0.017188 0.014815
0 0.295052 0.657407 0.007812 0.025926
0 0.794271 0.491667 0.011458 0.029630
0 0.456771 0.167130 0.010417 0.026852
0 0.904948 0.859722 0.010937 0.026852
0 0.250260 0.766204 0.013021 0.025000
0 0.232031 0.643519 0.010937 0.024074
0 0.302083 0.589352 0.010417 0.025000
0 0.237240 0.613889 0.010937 0.024074
0 0.197917 0.536574 0.011458 0.032407
0 0.305469 0.672685 0.006771 0.025000
0 0.281510 0.323148 0.015104 0.016667
0 0.639583 0.285648 0.013542 0.017593
0 0.813281 0.256944 0.010937 0.026852
2 0.119271 0.623611 0.036458 0.025000
0 0.219271 0.723148 0.012500 0.024074
0 0.234635 0.556019 0.007812 0.026852
0 0.391667 0.021296 0.012500 0.040741
0 0.270833 0.675463 0.010417 0.025000
0 0.777083 0.533333 0.013542 0.029630
0 0.247917 0.657407 0.010417 0.025926
0 0.956510 0.891667 0.013021 0.016667
0 0.217188 0.707407 0.012500 0.024074
0 0.287240 0.650463 0.007812 0.026852
0 0.153646 0.516667 0.010417 0.025926
0 0.797917 0.259722 0.010417 0.026852
0 0.451042 0.224537 0.010417 0.030556
0 0.756250 0.418519 0.012500 0.018519
0 0.956510 0.527315 0.015104 0.015741
0 0.144010 0.510185 0.008854 0.025926
0 0.126042 0.581019 0.013542 0.023148
0 0.462500 0.988889 0.012500 0.018519
0 0.636458 0.266204 0.011458 0.015741
0 0.640104 0.221759 0.012500 0.015741
0 0.255990 0.665278 0.011979 0.030556
0 0.878646 0.783796 0.011458 0.023148
0 0.263281 0.632407 0.010937 0.025926
0 0.263021 0.673148 0.011458 0.031481
0 0.043490 0.800926 0.015104 0.038889
0 0.255469 0.565278 0.010937 0.025000
0 0.279687 0.685648 0.012500 0.030556
0 0.210938 0.547685 0.012500 0.032407
0 0.134896 0.555093 0.014583 0.021296
0 0.135937 0.508796 0.010417 0.028704
0 0.543229 0.632407 0.023958 0.042593
0 0.271615 0.578241 0.007812 0.021296
0 0.192708 0.535185 0.010417 0.025926
0 0.180990 0.527778 0.011979 0.031481
0 0.884115 0.871759 0.011979 0.032407
0 0.282552 0.581019 0.008854 0.026852
0 0.545052 0.971759 0.018229 0.021296
0 0.652604 0.168981 0.011458 0.015741
2 0.204687 0.780556 0.025000 0.040741
0 0.175260 0.593056 0.015104 0.025000
0 0.834896 0.252315 0.010417 0.023148
0 0.293490 0.581944 0.008854 0.025000
0 0.347917 0.993056 0.010417 0.010185
2 0.597396 0.535185 0.014583 0.046296
0 0.827083 0.185185 0.008333 0.025926
0 0.950521 0.342130 0.025000 0.021296
0 0.923698 0.309722 0.014063 0.010185
0 0.719271 0.297685 0.017708 0.019444
0 0.719531 0.282407 0.013021 0.014815
0 0.732812 0.365741 0.008333 0.024074
0 0.748698 0.354630 0.007812 0.020370
0 0.651302 0.185185 0.011979 0.014815
0 0.647396 0.197685 0.012500 0.012037
0 0.644531 0.212037 0.015104 0.016667
0 0.637500 0.250463 0.013542 0.015741
0 0.603646 0.239352 0.006250 0.017593
0 0.757292 0.344907 0.007292 0.017593
0 0.811719 0.575926 0.009896 0.018519
0 0.810937 0.443981 0.009375 0.012037
0 0.790104 0.400000 0.016667 0.014815
0 0.817969 0.322222 0.011979 0.027778
0 0.781510 0.278241 0.007812 0.019444
0 0.781510 0.247222 0.009896 0.025926
0 0.853125 0.288426 0.007292 0.010185
0 0.820312 0.668056 0.011458 0.026852
0 0.846094 0.679167 0.011979 0.028704
0 0.828125 0.694907 0.011458 0.028704
0 0.839583 0.729167 0.013542 0.030556
0 0.854427 0.705093 0.013021 0.026852
0 0.801302 0.789815 0.017188 0.024074
0 0.804948 0.881019 0.017188 0.012037
0 0.892188 0.820370 0.014583 0.033333
0 0.946615 0.975926 0.016146 0.033333
0 0.650521 0.939352 0.008333 0.015741
0 0.427344 0.942593 0.021354 0.014815
0 0.396875 0.840278 0.009375 0.034259
0 0.434115 0.747685 0.010937 0.025000
0 0.459115 0.597685 0.007812 0.025000
2 0.372917 0.395370 0.026042 0.020370
0 0.338802 0.307407 0.014063 0.012963
0 0.291927 0.294907 0.013021 0.013889
0 0.305208 0.297222 0.014583 0.014815
0 0.240625 0.310648 0.011458 0.013889
0 0.227604 0.275000 0.016667 0.016667
0 0.038542 0.333333 0.014583 0.011111
2 0.042188 0.228241 0.014583 0.045370
0 0.018490 0.156944 0.008854 0.017593
0 0.051823 0.099074 0.006771 0.018519
0 0.069271 0.472685 0.012500 0.012037
0 0.085156 0.480556 0.016146 0.014815
0 0.122656 0.496759 0.015104 0.017593
2 0.083073 0.538889 0.028646 0.053704
0 0.159375 0.711574 0.014583 0.023148
0 0.163802 0.592593 0.013021 0.020370
0 0.151562 0.579167 0.013542 0.021296
0 0.165625 0.523611 0.009375 0.025000
0 0.174479 0.527778 0.010417 0.029630
2 0.051823 0.803704 0.018229 0.044444
0 0.212240 0.692593 0.013021 0.027778
0 0.252083 0.814815 0.007292 0.014815
0 0.272135 0.641204 0.010937 0.025000
0 0.217708 0.552778 0.009375 0.029630
0 0.226823 0.554167 0.010937 0.028704
0 0.231510 0.613426 0.010937 0.030556
0 0.486458 0.162037 0.011458 0.029630
0 0.495833 0.193981 0.007292 0.023148
0 0.430208 0.139815 0.010417 0.022222
0 0.935937 0.208796 0.010417 0.030556
