0 0.534115 0.306019 0.017188 0.026852
0 0.563542 0.263426 0.013542 0.026852
0 0.441667 0.393519 0.014583 0.018519
0 0.167448 0.298148 0.018229 0.016667
0 0.351562 0.387500 0.015625 0.015741
0 0.204948 0.315278 0.017188 0.019444
0 0.870313 0.833796 0.013542 0.032407
0 0.617188 0.393519 0.015625 0.033333
0 0.442708 0.418056 0.014583 0.019444
0 0.608594 0.153241 0.011979 0.025000
0 0.509896 0.355093 0.014583 0.025000
0 0.135937 0.668056 0.012500 0.021296
0 0.349219 0.410648 0.015104 0.015741
0 0.417708 0.813426 0.013542 0.032407
0 0.630729 0.743519 0.013542 0.033333
0 0.373698 0.397685 0.016146 0.015741
0 0.228906 0.343519 0.018229 0.018519
0 0.421615 0.425926 0.016146 0.016667
0 0.259635 0.379167 0.017188 0.019444
0 0.297656 0.331019 0.018229 0.017593
0 0.198958 0.738426 0.011458 0.023148
0 0.644010 0.450926 0.013021 0.016667
0 0.682031 0.912037 0.015104 0.038889
0 0.179427 0.346296 0.018229 0.018519
0 0.621354 0.464352 0.013542 0.019444
0 0.859635 0.413889 0.016146 0.018519
0 0.612240 0.593519 0.010937 0.040741
0 0.603646 0.631944 0.010417 0.036111
0 0.894531 0.904167 0.014063 0.032407
0 0.400781 0.405556 0.018229 0.014815
0 0.878385 0.407407 0.018229 0.018519
0 0.422135 0.396296 0.017188 0.016667
0 0.373698 0.416667 0.015104 0.016667
0 0.160156 0.260185 0.017188 0.018519
0 0.242708 0.754167 0.011458 0.025000
0 0.345052 0.918519 0.016146 0.016667
0 0.476042 0.427778 0.010417 0.027778
0 0.418750 0.248148 0.012500 0.027778
0 0.406771 0.860185 0.014583 0.033333
0 0.267448 0.358796 0.019271 0.015741
0 0.401562 0.829167 0.011458 0.032407
0 0.666406 0.254167 0.009896 0.030556
0 0.187760 0.715278 0.013021 0.025000
0 0.570833 0.408796 0.014583 0.028704
0 0.006771 0.275926 0.012500 0.022222
0 0.462760 0.480556 0.010937 0.027778
0 0.615365 0.678704 0.011979 0.029630
0 0.884115 0.371296 0.016146 0.016667
0 0.386979 0.897222 0.012500 0.033333
0 0.802604 0.285648 0.014583 0.017593
0 0.212760 0.816667 0.014063 0.024074
0 0.041406 0.289352 0.016146 0.019444
0 0.147917 0.694907 0.011458 0.021296
0 0.751042 0.743519 0.013542 0.027778
0 0.180208 0.763426 0.013542 0.026852
0 0.395833 0.903241 0.013542 0.032407
0 0.651563 0.143056 0.013542 0.015741
0 0.319010 0.337037 0.016146 0.016667
0 0.286458 0.613889 0.012500 0.018519
0 0.112760 0.532870 0.013021 0.023148
0 0.461719 0.343981 0.010937 0.032407
0 0.369271 0.900463 0.011458 0.026852
0 0.048177 0.746296 0.015104 0.033333
0 0.576042 0.487037 0.009375 0.029630
0 0.907031 0.932870 0.014063 0.032407
0 0.304948 0.374537 0.015104 0.015741
0 0.339844 0.341667 0.019271 0.018519
0 0.594531 0.518519 0.010937 0.037037
0 0.654167 0.818981 0.013542 0.032407
0 0.226562 0.736574 0.011458 0.025000
0 0.220312 0.613889 0.010417 0.025926
0 0.142187 0.252778 0.015625 0.016667
0 0.277083 0.688889 0.012500 0.031481
0 0.697917 0.966667 0.013542 0.033333
0 0.635938 0.233796 0.014583 0.015741
0 0.637240 0.219907 0.013021 0.013889
0 0.242969 0.281019 0.018229 0.017593
0 0.262760 0.633796 0.010937 0.025000
0 0.450260 0.237500 0.010937 0.028704
0 0.205469 0.359259 0.016146 0.018519
0 0.247396 0.658796 0.010417 0.025000
0 0.292187 0.916667 0.014583 0.022222
0 0.575260 0.376389 0.014063 0.025000
0 0.625000 0.486574 0.013542 0.021296
0 0.243490 0.565278 0.008854 0.028704
0 0.649740 0.168056 0.013021 0.013889
0 0.069792 0.719907 0.010417 0.028704
0 0.044531 0.322685 0.015104 0.021296
0 0.638542 0.043056 0.009375 0.023148
0 0.151562 0.593519 0.013542 0.024074
0 0.234896 0.747685 0.011458 0.026852
0 0.264323 0.320833 0.016146 0.015741
0 0.276042 0.648148 0.010417 0.031481
0 0.514844 0.265278 0.019271 0.028704
0 0.254688 0.630556 0.011458 0.031481
0 0.294010 0.659722 0.007812 0.025000
0 0.800781 0.860185 0.014063 0.022222
0 0.884375 0.864352 0.011458 0.034259
0 0.823958 0.181944 0.011458 0.025000
0 0.024479 0.162037 0.012500 0.025926
0 0.795312 0.843981 0.015625 0.021296
0 0.260417 0.673148 0.011458 0.031481
0 0.249219 0.317130 0.014063 0.015741
0 0.508594 0.280556 0.018229 0.029630
0 0.454167 0.629167 0.010417 0.036111
0 0.820052 0.368056 0.016146 0.019444
0 0.463542 0.973148 0.014583 0.037037
0 0.608594 0.540278 0.007812 0.026852
0 0.487240 0.932407 0.010937 0.029630
0 0.213021 0.766667 0.013542 0.024074
0 0.742188 0.709259 0.010417 0.029630
0 0.255208 0.668056 0.010417 0.026852
0 0.235937 0.617130 0.009375 0.025000
0 0.151042 0.517130 0.010417 0.025000
0 0.151042 0.637500 0.014583 0.025000
0 0.647917 0.012037 0.009375 0.022222
0 0.236719 0.652778 0.011979 0.024074
0 0.138021 0.612037 0.013542 0.024074
0 0.794271 0.256944 0.011458 0.023148
0 0.650521 0.157407 0.013542 0.014815
0 0.425521 0.990278 0.012500 0.015741
0 0.786198 0.269907 0.008854 0.021296
0 0.314583 0.402778 0.015625 0.018519
0 0.766146 0.500463 0.011458 0.025000
0 0.196354 0.539352 0.011458 0.032407
0 0.592969 0.573611 0.007812 0.026852
0 0.223958 0.555093 0.010417 0.026852
0 0.270573 0.580556 0.007812 0.022222
0 0.207292 0.551389 0.011458 0.026852
0 0.424740 0.962500 0.016146 0.023148
0 0.804688 0.552778 0.012500 0.033333
0 0.291667 0.586574 0.009375 0.026852
0 0.367969 0.306944 0.018229 0.013889
0 0.905208 0.857870 0.012500 0.032407
0 0.398698 0.423611 0.021354 0.021296
0 0.038802 0.122222 0.013021 0.025926
0 0.634375 0.265278 0.011458 0.017593
0 0.223177 0.273611 0.018229 0.015741
0 0.917708 0.970833 0.013542 0.036111
0 0.777604 0.244907 0.009375 0.026852
0 0.285938 0.652315 0.009375 0.026852
0 0.268490 0.677778 0.010937 0.025926
0 0.778385 0.274537 0.007812 0.019444
0 0.230990 0.648148 0.011979 0.024074
0 0.933854 0.937500 0.013542 0.034259
0 0.248958 0.769444 0.014583 0.031481
0 0.253906 0.570833 0.007812 0.023148
0 0.175781 0.597685 0.014063 0.026852
0 0.956510 0.887037 0.013021 0.016667
0 0.328906 0.384259 0.018229 0.018519
0 0.347135 0.993981 0.009896 0.012037
0 0.792969 0.487500 0.010937 0.025000
0 0.716927 0.293519 0.018229 0.020370
0 0.216146 0.713426 0.012500 0.023148
0 0.243490 0.625926 0.008854 0.025926
0 0.819531 0.252778 0.007812 0.022222
0 0.833333 0.644907 0.011458 0.026852
0 0.728906 0.362037 0.007812 0.022222
0 0.180208 0.535185 0.011458 0.031481
0 0.649740 0.938889 0.011979 0.020370
0 0.755990 0.280556 0.007812 0.022222
0 0.133333 0.558796 0.012500 0.021296
0 0.864062 0.737037 0.010417 0.025926
0 0.207292 0.271296 0.015625 0.016667
0 0.141927 0.512500 0.007812 0.026852
0 0.133333 0.510648 0.010417 0.032407
0 0.350260 0.307870 0.016146 0.013889
0 0.300260 0.591667 0.007812 0.024074
0 0.761198 0.341667 0.007812 0.018519
0 0.220312 0.775926 0.023958 0.037037
0 0.163542 0.525926 0.012500 0.031481
0 0.776042 0.534722 0.010417 0.025000
0 0.127604 0.551389 0.012500 0.021296
0 0.081510 0.480093 0.016146 0.015741
0 0.837760 0.726389 0.014063 0.037963
0 0.765104 0.244907 0.009375 0.026852
0 0.747396 0.403241 0.014583 0.015741
0 0.648438 0.182407 0.012500 0.014815
0 0.482031 0.160648 0.010937 0.025000
0 0.879167 0.787037 0.014583 0.037037
0 0.463021 0.991204 0.012500 0.017593
0 0.119010 0.500926 0.014063 0.020370
0 0.139063 0.571759 0.012500 0.023148
2 0.283333 0.383796 0.027083 0.030556
2 0.459115 0.188889 0.023438 0.055556
0 0.048177 0.104630 0.005729 0.016667
2 0.034896 0.206944 0.011458 0.049074
0 0.065365 0.477315 0.014063 0.015741
2 0.093490 0.565278 0.054688 0.100926
2 0.007031 0.910648 0.013021 0.054630
2 0.049479 0.812037 0.021875 0.048148
0 0.036719 0.337500 0.014063 0.010185
0 0.288021 0.295833 0.011458 0.015741
0 0.302344 0.299074 0.015104 0.014815
0 0.320312 0.305093 0.015625 0.015741
0 0.335417 0.308333 0.015625 0.014815
0 0.282292 0.328704 0.015625 0.016667
0 0.313021 0.685185 0.009375 0.029630
0 0.271615 0.643519 0.009896 0.029630
0 0.280990 0.586574 0.014063 0.030556
0 0.215104 0.556481 0.011458 0.031481
0 0.233594 0.559722 0.008854 0.032407
0 0.229687 0.617593 0.010417 0.029630
0 0.220573 0.728704 0.011979 0.024074
0 0.252344 0.820833 0.009896 0.025000
0 0.158594 0.715741 0.014063 0.024074
0 0.210156 0.697222 0.011979 0.024074
0 0.161979 0.599074 0.012500 0.027778
0 0.148438 0.583796 0.014583 0.023148
0 0.171875 0.530556 0.007292 0.029630
0 0.642448 0.194907 0.016146 0.019444
0 0.639844 0.210185 0.020313 0.014815
0 0.633594 0.248148 0.014063 0.022222
0 0.654167 0.318981 0.019792 0.019444
0 0.716406 0.280093 0.015104 0.015741
0 0.746354 0.353704 0.008333 0.025926
0 0.754167 0.344444 0.007292 0.020370
0 0.808073 0.442130 0.009896 0.013889
0 0.811198 0.574074 0.009896 0.022222
0 0.817969 0.666204 0.013021 0.028704
0 0.827083 0.692130 0.011458 0.026852
0 0.844010 0.675926 0.011979 0.031481
0 0.852865 0.702778 0.010937 0.027778
0 0.891146 0.818519 0.012500 0.037037
0 0.954948 0.526389 0.019271 0.015741
0 0.902344 0.310648 0.015104 0.015741
0 0.921094 0.303704 0.014063 0.009259
0 0.815885 0.320833 0.013021 0.028704
0 0.933854 0.206944 0.011458 0.030556
0 0.811719 0.257870 0.010937 0.026852
0 0.800521 0.789352 0.019792 0.023148
0 0.945312 0.972685 0.014583 0.036111
0 0.950521 0.303704 0.007292 0.011111
0 0.851302 0.284259 0.005729 0.009259
0 0.543229 0.972222 0.020833 0.022222
0 0.425781 0.943056 0.023438 0.015741
0 0.437500 0.731019 0.010417 0.028704
0 0.462500 0.697222 0.010417 0.018519
0 0.491146 0.192593 0.012500 0.024074
0 0.126302 0.587963 0.018229 0.029630
