0 0.689844 0.937963 0.016146 0.040741
0 0.441667 0.392130 0.014583 0.019444
0 0.579167 0.231019 0.012500 0.026852
0 0.167448 0.300463 0.018229 0.019444
0 0.351042 0.387037 0.015625 0.016667
0 0.442188 0.418981 0.014583 0.019444
0 0.617448 0.393519 0.015104 0.033333
0 0.870313 0.831944 0.014583 0.034259
2 0.612240 0.596759 0.010937 0.041667
0 0.374740 0.418981 0.016146 0.019444
0 0.353125 0.409722 0.015625 0.015741
0 0.579167 0.431019 0.012500 0.032407
0 0.374219 0.397685 0.017188 0.017593
0 0.620833 0.463889 0.013542 0.018519
0 0.488021 0.393981 0.014583 0.026852
0 0.525000 0.332870 0.012500 0.023148
0 0.205469 0.313426 0.018229 0.019444
0 0.663021 0.849074 0.013542 0.031481
0 0.421615 0.425463 0.016146 0.017593
0 0.551562 0.281019 0.017708 0.026852
0 0.135417 0.668056 0.012500 0.021296
0 0.259115 0.377315 0.017188 0.019444
0 0.421615 0.395370 0.017188 0.016667
0 0.198437 0.738889 0.011458 0.024074
0 0.642969 0.452778 0.014063 0.016667
0 0.395313 0.897685 0.013542 0.032407
0 0.297135 0.331019 0.018229 0.015741
0 0.401823 0.405556 0.018229 0.014815
0 0.876563 0.406481 0.017708 0.016667
0 0.894010 0.900926 0.014063 0.031481
0 0.213542 0.361574 0.017708 0.019444
0 0.080469 0.682870 0.010937 0.026852
0 0.408333 0.847222 0.012500 0.031481
0 0.419792 0.800926 0.012500 0.031481
0 0.159635 0.259722 0.017188 0.019444
0 0.859115 0.413426 0.016146 0.019444
0 0.418750 0.245370 0.012500 0.027778
0 0.397396 0.852778 0.012500 0.033333
0 0.639323 0.771759 0.011979 0.028704
0 0.617188 0.125463 0.011458 0.028704
0 0.457813 0.289352 0.010417 0.028704
0 0.564063 0.522685 0.012500 0.026852
0 0.371615 0.990278 0.010937 0.017593
0 0.243490 0.754167 0.010937 0.025000
0 0.344792 0.916667 0.016667 0.016667
0 0.508594 0.280556 0.018229 0.029630
0 0.188021 0.715278 0.012500 0.025000
0 0.307292 0.374074 0.015625 0.016667
0 0.268490 0.357870 0.019271 0.015741
0 0.066667 0.300000 0.015625 0.018519
0 0.666146 0.251389 0.010417 0.025000
0 0.186719 0.349074 0.017188 0.018519
0 0.234115 0.345370 0.018229 0.018519
0 0.212240 0.816667 0.014063 0.024074
0 0.653646 0.143056 0.014583 0.015741
0 0.318490 0.336111 0.017188 0.016667
0 0.049740 0.748148 0.014063 0.031481
0 0.141667 0.252778 0.015625 0.016667
0 0.181250 0.764352 0.015625 0.028704
0 0.339844 0.340278 0.019271 0.017593
0 0.792188 0.290278 0.014583 0.019444
0 0.515365 0.266204 0.019271 0.028704
0 0.112240 0.531944 0.013021 0.023148
0 0.585417 0.399074 0.013542 0.031481
0 0.622396 0.709722 0.010417 0.030556
0 0.226042 0.735648 0.011458 0.025000
0 0.751563 0.743519 0.013542 0.027778
0 0.595313 0.531481 0.010417 0.037037
0 0.219792 0.613889 0.010417 0.025926
0 0.624740 0.483796 0.014063 0.021296
0 0.026042 0.156481 0.012500 0.025926
0 0.243490 0.564352 0.008854 0.026852
0 0.242188 0.281019 0.017708 0.017593
0 0.905990 0.932870 0.014063 0.032407
0 0.262240 0.635648 0.010937 0.025000
0 0.148438 0.693981 0.011458 0.021296
0 0.247396 0.657870 0.010417 0.025000
0 0.276562 0.688426 0.012500 0.030556
0 0.605990 0.648148 0.011979 0.033333
0 0.635938 0.232870 0.014583 0.015741
0 0.151042 0.593056 0.013542 0.025000
0 0.276562 0.647685 0.010417 0.030556
0 0.234896 0.746759 0.011458 0.026852
0 0.426563 0.992130 0.012500 0.015741
0 0.638021 0.218981 0.013542 0.013889
0 0.293490 0.657870 0.007812 0.025000
0 0.264062 0.319907 0.016667 0.015741
0 0.800260 0.859259 0.014063 0.022222
0 0.638542 0.043056 0.009375 0.023148
0 0.649740 0.168056 0.013021 0.013889
0 0.439063 0.191667 0.012500 0.038889
0 0.849740 0.383333 0.016146 0.018519
0 0.254688 0.630556 0.011458 0.031481
0 0.291667 0.916667 0.014583 0.022222
0 0.024740 0.281481 0.019271 0.024074
0 0.424219 0.962037 0.018229 0.022222
0 0.592969 0.581019 0.008854 0.032407
0 0.321875 0.402778 0.015625 0.016667
0 0.647917 0.011574 0.009375 0.021296
0 0.468490 0.434722 0.011979 0.028704
0 0.767188 0.500926 0.011458 0.025926
0 0.260937 0.672685 0.011458 0.030556
0 0.138021 0.611111 0.013542 0.022222
0 0.236719 0.652778 0.011979 0.024074
0 0.742188 0.708333 0.010417 0.029630
0 0.487240 0.931019 0.010937 0.028704
0 0.368490 0.306019 0.019271 0.013889
0 0.794792 0.843519 0.015625 0.020370
0 0.213021 0.766667 0.013542 0.024074
0 0.463542 0.972222 0.014583 0.037037
0 0.398698 0.423148 0.021354 0.020370
0 0.249740 0.316667 0.016146 0.014815
0 0.235417 0.618519 0.009375 0.024074
0 0.254688 0.666667 0.010417 0.025926
0 0.151042 0.518056 0.010417 0.026852
0 0.792969 0.488426 0.010937 0.026852
0 0.884115 0.865278 0.010937 0.032407
0 0.149740 0.633796 0.019271 0.034259
0 0.634115 0.266667 0.010937 0.018519
0 0.458333 0.602315 0.012500 0.037963
0 0.270313 0.580556 0.007292 0.022222
0 0.329167 0.383333 0.017708 0.018519
0 0.199219 0.539352 0.010937 0.026852
0 0.207813 0.551389 0.010417 0.026852
0 0.794010 0.256944 0.010937 0.023148
0 0.223438 0.555093 0.010417 0.026852
0 0.650521 0.156019 0.013542 0.015741
0 0.369271 0.900463 0.011458 0.028704
0 0.785937 0.270370 0.008333 0.022222
0 0.804688 0.552778 0.012500 0.033333
0 0.222917 0.273148 0.017708 0.016667
0 0.823438 0.181481 0.011458 0.024074
0 0.038021 0.118981 0.013542 0.026852
0 0.291667 0.586574 0.009375 0.026852
0 0.207292 0.270370 0.015625 0.016667
0 0.253646 0.569907 0.007292 0.023148
0 0.728646 0.363889 0.007292 0.022222
0 0.174740 0.594907 0.013021 0.025000
0 0.347917 0.993056 0.010417 0.010185
0 0.468750 0.211574 0.025000 0.047222
0 0.903646 0.854167 0.012500 0.034259
0 0.269010 0.677778 0.010937 0.025926
0 0.607812 0.550463 0.009375 0.028704
0 0.299740 0.591667 0.007812 0.024074
0 0.650521 0.937963 0.011458 0.018519
0 0.810417 0.255556 0.011458 0.029630
0 0.832812 0.643056 0.011458 0.025000
0 0.285938 0.652315 0.009375 0.026852
0 0.819271 0.252778 0.007292 0.022222
0 0.243490 0.625926 0.008854 0.025926
0 0.755990 0.280556 0.007812 0.022222
0 0.933333 0.937963 0.013542 0.031481
0 0.230990 0.647222 0.011979 0.024074
0 0.777083 0.242130 0.009375 0.026852
0 0.761719 0.341667 0.007812 0.018519
0 0.706771 0.988426 0.015625 0.023148
0 0.249740 0.768981 0.011979 0.025000
0 0.014844 0.310648 0.017188 0.025000
0 0.132812 0.556944 0.012500 0.021296
0 0.141667 0.512037 0.007292 0.027778
0 0.349740 0.306019 0.016146 0.013889
0 0.163542 0.525463 0.012500 0.030556
0 0.132812 0.510185 0.010417 0.031481
0 0.179688 0.534722 0.011458 0.030556
0 0.917188 0.970833 0.013542 0.036111
0 0.288542 0.612963 0.011458 0.018519
0 0.541667 0.968981 0.017708 0.019444
0 0.128646 0.552778 0.011458 0.022222
0 0.717969 0.293056 0.019271 0.019444
0 0.957292 0.885185 0.013542 0.018519
0 0.462500 0.991204 0.012500 0.017593
0 0.145313 0.580556 0.012500 0.022222
0 0.863542 0.734722 0.010417 0.025000
0 0.139063 0.570833 0.012500 0.023148
0 0.764583 0.241204 0.007292 0.026852
0 0.216146 0.713426 0.012500 0.023148
0 0.118490 0.499074 0.014063 0.018519
0 0.227344 0.784722 0.017188 0.025000
0 0.776042 0.534722 0.010417 0.026852
0 0.279948 0.324074 0.015104 0.018519
0 0.648438 0.181019 0.012500 0.013889
0 0.082292 0.480093 0.016667 0.015741
0 0.319271 0.300000 0.017708 0.016667
0 0.777865 0.273148 0.007812 0.018519
2 0.282292 0.382870 0.027083 0.030556
2 0.466667 0.212963 0.027083 0.057407
0 0.609115 0.082870 0.007812 0.021296
0 0.643490 0.193981 0.015104 0.013889
0 0.642448 0.207870 0.018229 0.021296
0 0.654687 0.318056 0.015625 0.015741
0 0.634115 0.249537 0.015104 0.013889
0 0.442188 0.712963 0.010417 0.029630
0 0.449740 0.746296 0.010937 0.029630
0 0.426823 0.943981 0.021354 0.017593
0 0.252865 0.819907 0.009896 0.021296
0 0.220312 0.728704 0.011458 0.024074
0 0.050521 0.809259 0.018750 0.044444
2 0.006771 0.908796 0.012500 0.058333
0 0.093490 0.566204 0.050521 0.099074
0 0.066667 0.475926 0.016667 0.016667
0 0.162240 0.596296 0.011979 0.022222
0 0.280990 0.585648 0.010937 0.030556
0 0.229167 0.618519 0.009375 0.027778
0 0.271094 0.643056 0.008854 0.026852
0 0.313021 0.682870 0.008333 0.026852
0 0.209896 0.693519 0.014583 0.027778
0 0.232292 0.558333 0.011458 0.027778
0 0.048438 0.103704 0.006250 0.018519
0 0.035937 0.339815 0.014583 0.009259
0 0.945312 0.970833 0.015625 0.032407
0 0.890885 0.816204 0.011979 0.032407
0 0.877865 0.781944 0.011979 0.030556
0 0.818490 0.663889 0.011979 0.031481
0 0.827344 0.692593 0.010937 0.031481
0 0.837240 0.725463 0.014063 0.032407
0 0.845313 0.677315 0.014583 0.030556
0 0.853646 0.704167 0.010417 0.028704
0 0.810417 0.573148 0.007292 0.018519
0 0.809115 0.440741 0.008854 0.014815
0 0.784115 0.384722 0.008854 0.012037
0 0.903125 0.309259 0.015625 0.014815
0 0.919792 0.303704 0.012500 0.011111
0 0.816146 0.319444 0.012500 0.031481
0 0.746615 0.355093 0.007812 0.026852
0 0.754687 0.343981 0.007292 0.021296
0 0.289844 0.293981 0.011979 0.015741
0 0.303646 0.299074 0.014583 0.018519
0 0.953906 0.525000 0.019271 0.016667
0 0.722135 0.411574 0.016146 0.019444
0 0.933854 0.205093 0.011458 0.034259
0 0.717187 0.280093 0.016667 0.012037
