0 0.441667 0.706944 0.012500 0.034259
0 0.401042 0.425000 0.015625 0.018519
0 0.424740 0.423148 0.015104 0.018519
0 0.955990 0.338426 0.018229 0.013889
0 0.422396 0.393519 0.015625 0.018519
0 0.374740 0.420833 0.017188 0.019444
0 0.184115 0.324074 0.016146 0.018519
0 0.398698 0.399074 0.016146 0.018519
0 0.563021 0.352315 0.017708 0.026852
0 0.618490 0.393981 0.015104 0.032407
0 0.332292 0.406019 0.016667 0.019444
0 0.346094 0.916667 0.016146 0.016667
0 0.861719 0.416667 0.015104 0.016667
0 0.136458 0.665278 0.012500 0.023148
0 0.722135 0.456019 0.019271 0.023148
0 0.200000 0.734722 0.012500 0.025000
0 0.899740 0.403241 0.015104 0.015741
0 0.870313 0.837037 0.013542 0.035185
0 0.298438 0.330556 0.017708 0.016667
0 0.410417 0.293519 0.014583 0.022222
0 0.261198 0.350463 0.015104 0.019444
0 0.160417 0.312963 0.017708 0.018519
0 0.188542 0.713426 0.013542 0.026852
0 0.212240 0.335185 0.019271 0.018519
0 0.454167 0.627315 0.007292 0.025000
0 0.456771 0.375926 0.010417 0.029630
0 0.316146 0.379167 0.017708 0.019444
0 0.879167 0.411574 0.016667 0.019444
0 0.132812 0.305556 0.017708 0.018519
0 0.903385 0.314352 0.016146 0.013889
0 0.649219 0.806481 0.014063 0.037037
0 0.589063 0.536574 0.012500 0.021296
0 0.171615 0.336574 0.017188 0.019444
0 0.638021 0.050463 0.010417 0.028704
0 0.217448 0.357870 0.016146 0.017593
0 0.450521 0.535185 0.010417 0.031481
0 0.808594 0.420833 0.017188 0.019444
0 0.243490 0.368981 0.017188 0.019444
0 0.537240 0.318519 0.016146 0.029630
0 0.629948 0.802315 0.013021 0.034259
0 0.443490 0.126852 0.011979 0.031481
0 0.449740 0.664352 0.008854 0.028704
0 0.321094 0.336574 0.018229 0.019444
0 0.893490 0.906481 0.013021 0.031481
0 0.454167 0.420370 0.010417 0.027778
0 0.760938 0.238426 0.010417 0.028704
0 0.222396 0.609722 0.011458 0.025000
0 0.907292 0.350463 0.016667 0.017593
0 0.244271 0.754167 0.011458 0.026852
0 0.753125 0.745833 0.012500 0.026852
0 0.208594 0.311574 0.018229 0.019444
0 0.266667 0.718519 0.014583 0.020370
0 0.265365 0.374074 0.016146 0.018519
0 0.042448 0.316204 0.016146 0.019444
0 0.512760 0.263426 0.015104 0.021296
0 0.342187 0.339352 0.020833 0.021296
0 0.265365 0.318981 0.016146 0.017593
0 0.244010 0.277778 0.016146 0.016667
0 0.368490 0.306019 0.019271 0.013889
0 0.020313 0.172222 0.011458 0.024074
0 0.868490 0.369907 0.014063 0.015741
0 0.605990 0.616667 0.011979 0.033333
0 0.180990 0.757870 0.014063 0.025000
0 0.293490 0.915278 0.015104 0.023148
0 0.144792 0.252315 0.015625 0.019444
0 0.102865 0.297222 0.016146 0.022222
0 0.629167 0.011574 0.009375 0.021296
0 0.234896 0.743981 0.011458 0.026852
0 0.168490 0.295370 0.017188 0.016667
0 0.212760 0.813426 0.015104 0.023148
0 0.419792 0.245370 0.012500 0.027778
0 0.213542 0.762037 0.013542 0.022222
0 0.645833 0.013426 0.009375 0.023148
0 0.668490 0.253241 0.010937 0.025000
0 0.759115 0.282870 0.007812 0.023148
0 0.804167 0.551389 0.011458 0.023148
0 0.148958 0.691667 0.010417 0.022222
0 0.909115 0.938426 0.014063 0.030556
0 0.042188 0.118056 0.012500 0.026852
0 0.643490 0.475926 0.014063 0.018519
0 0.654687 0.143981 0.013542 0.017593
0 0.211198 0.268519 0.016146 0.016667
0 0.294792 0.388426 0.019792 0.017593
0 0.742448 0.712037 0.008854 0.027778
0 0.956510 0.378241 0.019271 0.023148
0 0.227344 0.734259 0.010937 0.027778
0 0.312240 0.681019 0.007812 0.026852
0 0.142448 0.325463 0.019271 0.017593
0 0.276562 0.644907 0.010417 0.032407
0 0.151562 0.632870 0.014583 0.025000
0 0.799740 0.863889 0.013021 0.022222
0 0.454688 0.237963 0.010417 0.029630
0 0.794271 0.491204 0.010417 0.026852
0 0.244010 0.562037 0.008854 0.027778
0 0.030990 0.279167 0.016146 0.021296
0 0.789062 0.271759 0.010417 0.025000
2 0.574740 0.399074 0.023438 0.044444
0 0.796875 0.845833 0.015625 0.021296
0 0.255469 0.625463 0.010937 0.028704
0 0.770833 0.244907 0.009375 0.025000
0 0.171094 0.368519 0.017188 0.018519
0 0.369010 0.901389 0.008854 0.026852
0 0.834896 0.647685 0.012500 0.030556
0 0.152865 0.591667 0.014063 0.024074
0 0.246875 0.620370 0.009375 0.025926
0 0.352344 0.306019 0.017188 0.013889
0 0.163021 0.255556 0.017708 0.018519
0 0.425521 0.990278 0.012500 0.015741
0 0.391146 0.886574 0.009375 0.032407
0 0.294792 0.656481 0.007292 0.025926
0 0.139063 0.608796 0.013542 0.025000
0 0.042969 0.804167 0.014063 0.037963
0 0.917969 0.973611 0.014063 0.037963
0 0.934896 0.940278 0.014583 0.032407
0 0.637240 0.234722 0.013021 0.015741
0 0.031771 0.147222 0.012500 0.025926
0 0.114062 0.530556 0.013542 0.022222
0 0.238542 0.650463 0.011458 0.025000
0 0.821875 0.255556 0.009375 0.024074
0 0.049740 0.741667 0.018229 0.031481
0 0.432292 0.748611 0.010417 0.025000
0 0.767969 0.501389 0.010937 0.025000
0 0.141146 0.568981 0.013542 0.025000
0 0.487240 0.931481 0.010937 0.029630
0 0.955990 0.891667 0.013021 0.016667
0 0.776563 0.533796 0.014583 0.032407
0 0.763021 0.345370 0.007292 0.020370
0 0.249740 0.768056 0.013021 0.023148
0 0.231771 0.643519 0.010417 0.024074
0 0.287240 0.365278 0.017188 0.015741
0 0.126042 0.580093 0.013542 0.025000
0 0.198437 0.536111 0.011458 0.031481
0 0.904167 0.860185 0.010417 0.029630
0 0.252865 0.315741 0.014063 0.014815
0 0.238021 0.616204 0.010417 0.025000
0 0.075521 0.691667 0.010417 0.020370
0 0.641146 0.285185 0.013542 0.018519
0 0.768490 0.296759 0.007812 0.025000
0 0.635938 0.266204 0.011458 0.015741
0 0.305469 0.672685 0.006771 0.025000
0 0.424219 0.961111 0.015104 0.020370
0 0.301042 0.589352 0.008333 0.025000
0 0.655469 0.320370 0.014063 0.016667
0 0.277865 0.686574 0.010937 0.030556
0 0.247917 0.656944 0.010417 0.026852
0 0.280990 0.325463 0.015104 0.019444
0 0.134896 0.556481 0.014583 0.022222
0 0.153646 0.516667 0.010417 0.025926
0 0.270313 0.675463 0.010417 0.025000
0 0.321094 0.300463 0.017188 0.015741
0 0.834896 0.252778 0.010417 0.024074
0 0.463542 0.970370 0.014583 0.037037
0 0.232813 0.554167 0.009375 0.026852
0 0.223438 0.775926 0.023958 0.033333
0 0.812240 0.256944 0.011979 0.026852
0 0.462500 0.987963 0.012500 0.018519
0 0.262240 0.672685 0.011979 0.030556
0 0.255990 0.666667 0.011979 0.031481
0 0.863542 0.738889 0.010417 0.025926
0 0.143490 0.508796 0.007812 0.025000
0 0.923438 0.306481 0.015625 0.012963
0 0.254948 0.566667 0.008854 0.025926
0 0.263021 0.631019 0.010417 0.026852
0 0.652344 0.168056 0.010937 0.015741
0 0.669792 0.941204 0.011458 0.026852
0 0.129688 0.550463 0.013542 0.021296
0 0.287240 0.652778 0.007812 0.025926
0 0.135417 0.507870 0.010417 0.028704
0 0.644792 0.513426 0.013542 0.019444
0 0.654167 0.156944 0.012500 0.015741
0 0.211458 0.547222 0.012500 0.031481
2 0.593490 0.715741 0.024479 0.046296
0 0.639062 0.220833 0.013542 0.015741
0 0.884896 0.868056 0.010417 0.028704
0 0.219792 0.722222 0.012500 0.024074
0 0.271615 0.578241 0.007812 0.021296
0 0.217188 0.706019 0.012500 0.025000
0 0.192188 0.534722 0.010417 0.026852
0 0.944792 0.975000 0.013542 0.033333
0 0.282292 0.581019 0.008333 0.026852
0 0.919792 0.937037 0.012500 0.027778
0 0.955990 0.527315 0.015104 0.015741
0 0.293490 0.586111 0.008854 0.027778
0 0.163021 0.520833 0.011458 0.032407
2 0.351042 0.388889 0.026042 0.024074
2 0.168490 0.710648 0.024479 0.050926
0 0.935417 0.208333 0.010417 0.027778
0 0.826562 0.185648 0.008333 0.026852
0 0.781510 0.246759 0.008854 0.026852
0 0.797917 0.262500 0.010417 0.028704
0 0.780208 0.280093 0.009375 0.021296
0 0.817187 0.325000 0.013542 0.031481
0 0.747917 0.355556 0.007292 0.018519
0 0.755990 0.346296 0.006771 0.020370
0 0.853646 0.287500 0.007292 0.010185
0 0.812240 0.575463 0.010937 0.019444
0 0.819792 0.668056 0.011458 0.028704
0 0.827344 0.694907 0.011979 0.026852
0 0.839063 0.729630 0.015625 0.031481
0 0.844010 0.678704 0.015104 0.029630
0 0.853125 0.706481 0.012500 0.025926
0 0.879687 0.785648 0.012500 0.028704
0 0.891667 0.822222 0.013542 0.031481
0 0.799740 0.790741 0.018229 0.022222
0 0.818490 0.840741 0.007812 0.016667
0 0.804688 0.880556 0.016667 0.011111
0 0.809115 0.443519 0.007812 0.011111
0 0.705208 0.993056 0.006250 0.013889
0 0.651563 0.941204 0.009375 0.017593
0 0.629687 0.350000 0.007292 0.016667
0 0.638021 0.250463 0.013542 0.015741
0 0.644271 0.209722 0.013542 0.015741
0 0.645312 0.196296 0.011458 0.012963
0 0.651042 0.186111 0.012500 0.018519
0 0.486719 0.159722 0.010937 0.025000
0 0.494792 0.192130 0.008333 0.028704
0 0.467448 0.324537 0.006771 0.028704
0 0.337240 0.305556 0.013021 0.014815
0 0.290885 0.293519 0.011979 0.012963
0 0.304688 0.296296 0.015625 0.016667
0 0.227344 0.273611 0.016146 0.015741
0 0.240365 0.311111 0.010937 0.016667
2 0.041667 0.230093 0.014583 0.047222
0 0.051562 0.099074 0.005208 0.018519
0 0.038021 0.333333 0.014583 0.009259
0 0.067969 0.471759 0.014063 0.015741
0 0.083594 0.478704 0.017188 0.018519
0 0.122917 0.498611 0.015625 0.019444
2 0.082812 0.536111 0.028125 0.055556
0 0.174740 0.527778 0.009896 0.029630
0 0.183073 0.532407 0.009896 0.027778
0 0.176563 0.597685 0.013542 0.030556
0 0.164062 0.594444 0.014583 0.024074
2 0.051042 0.804630 0.018750 0.044444
2 0.113542 0.621296 0.038542 0.027778
0 0.149740 0.578704 0.014063 0.022222
0 0.251042 0.814815 0.007292 0.016667
0 0.426563 0.943056 0.019792 0.017593
0 0.543490 0.972685 0.019271 0.023148
0 0.717969 0.281481 0.014063 0.014815
0 0.717969 0.297222 0.017188 0.018519
0 0.732031 0.367130 0.009896 0.025000
0 0.160417 0.712963 0.012500 0.025926
