0 0.425260 0.425926 0.016146 0.018519
0 0.388542 0.973148 0.012500 0.037037
0 0.476042 0.363426 0.014583 0.021296
0 0.662240 0.441204 0.014063 0.019444
0 0.870313 0.833796 0.013542 0.034259
0 0.686979 0.939352 0.013542 0.036111
0 0.638542 0.454167 0.014583 0.019444
0 0.581250 0.437037 0.011458 0.031481
0 0.166927 0.298148 0.017188 0.016667
0 0.387760 0.402315 0.017188 0.015741
0 0.364583 0.392130 0.015625 0.015741
0 0.205469 0.315278 0.018229 0.019444
0 0.617448 0.393981 0.015104 0.034259
0 0.236198 0.346296 0.017188 0.018519
0 0.859635 0.415278 0.016146 0.019444
0 0.357552 0.413426 0.017188 0.017593
0 0.878385 0.409259 0.018229 0.018519
0 0.433333 0.745833 0.012500 0.036111
0 0.619010 0.075463 0.010937 0.028704
0 0.282552 0.388889 0.016146 0.018519
0 0.215885 0.360648 0.017188 0.019444
0 0.622396 0.104167 0.010417 0.023148
0 0.435677 0.391667 0.017188 0.018519
0 0.675260 0.894907 0.013021 0.032407
0 0.411719 0.404167 0.016146 0.015741
0 0.616667 0.468519 0.014583 0.018519
0 0.135417 0.668519 0.013542 0.022222
0 0.415625 0.825926 0.013542 0.031481
0 0.345052 0.918519 0.016146 0.016667
2 0.507031 0.270833 0.029687 0.043519
0 0.198437 0.738889 0.012500 0.024074
0 0.269271 0.360185 0.017708 0.018519
0 0.102344 0.314352 0.018229 0.023148
0 0.652865 0.814815 0.016146 0.040741
0 0.454167 0.480093 0.010417 0.032407
0 0.648958 0.475463 0.018750 0.021296
0 0.667188 0.254167 0.010417 0.028704
0 0.314063 0.376389 0.014583 0.015741
0 0.297656 0.331019 0.018229 0.017593
0 0.652604 0.143056 0.013542 0.015741
0 0.595313 0.580093 0.010417 0.034259
0 0.450260 0.560185 0.010937 0.037037
0 0.470313 0.434722 0.010417 0.026852
0 0.243490 0.754167 0.011979 0.025000
0 0.161198 0.260185 0.017188 0.018519
0 0.418750 0.248148 0.012500 0.027778
0 0.448437 0.677778 0.010417 0.033333
0 0.575781 0.375926 0.016146 0.031481
0 0.187760 0.715278 0.013021 0.025000
0 0.753125 0.744907 0.012500 0.026852
0 0.334635 0.408796 0.016146 0.017593
0 0.666146 0.856019 0.014583 0.032407
0 0.142187 0.252778 0.015625 0.016667
0 0.292187 0.916667 0.014583 0.022222
0 0.037760 0.278241 0.015104 0.021296
0 0.048698 0.744907 0.014063 0.032407
0 0.179688 0.762500 0.014583 0.025000
0 0.620313 0.488426 0.016667 0.021296
0 0.151562 0.325926 0.015625 0.020370
0 0.159635 0.678704 0.015104 0.020370
0 0.212760 0.816667 0.014063 0.024074
0 0.604688 0.550926 0.010417 0.031481
0 0.220312 0.613889 0.010417 0.025926
0 0.173698 0.343519 0.017188 0.018519
0 0.526302 0.332407 0.017188 0.029630
0 0.112760 0.532870 0.013021 0.023148
0 0.226562 0.736574 0.011458 0.025000
0 0.917708 0.970833 0.013542 0.034259
0 0.242448 0.373148 0.016146 0.018519
0 0.262760 0.633796 0.010937 0.025000
0 0.382552 0.421296 0.018229 0.018519
0 0.341406 0.341667 0.020313 0.020370
0 0.242448 0.281019 0.017188 0.017593
0 0.894531 0.902315 0.014063 0.032407
0 0.639062 0.777315 0.013542 0.032407
0 0.151562 0.593519 0.013542 0.024074
0 0.277083 0.688889 0.012500 0.031481
0 0.247396 0.658796 0.010417 0.025000
0 0.275521 0.648148 0.011458 0.031481
0 0.039583 0.118981 0.014583 0.025000
0 0.029687 0.150463 0.012500 0.025000
0 0.243490 0.565278 0.008854 0.028704
0 0.254688 0.630556 0.011458 0.031481
0 0.368490 0.306944 0.019271 0.013889
0 0.397917 0.035648 0.011458 0.028704
0 0.234896 0.747685 0.011458 0.026852
0 0.741927 0.403241 0.016146 0.019444
0 0.318490 0.336574 0.017188 0.015741
0 0.249740 0.316204 0.016146 0.015741
0 0.636719 0.234722 0.014063 0.015741
0 0.195052 0.352778 0.016146 0.018519
0 0.907031 0.933796 0.014063 0.032407
0 0.742188 0.710185 0.010417 0.029630
0 0.149740 0.633796 0.019271 0.034259
0 0.340365 0.387037 0.018229 0.018519
0 0.294010 0.660185 0.007812 0.024074
0 0.638021 0.219907 0.013542 0.013889
0 0.235937 0.619907 0.009375 0.023148
0 0.639583 0.043519 0.009375 0.025926
0 0.629948 0.730093 0.010937 0.026852
0 0.601562 0.102778 0.009375 0.025926
0 0.213021 0.766667 0.013542 0.024074
0 0.138021 0.612037 0.013542 0.024074
0 0.345833 0.993981 0.009375 0.008333
0 0.651042 0.168519 0.012500 0.016667
0 0.795312 0.845833 0.015625 0.019444
0 0.611719 0.154167 0.007812 0.021296
0 0.424479 0.964815 0.017708 0.022222
0 0.486719 0.934259 0.008854 0.029630
0 0.236719 0.651389 0.011979 0.025000
0 0.800781 0.860648 0.014063 0.021296
0 0.652083 0.157407 0.012500 0.016667
0 0.465365 0.970370 0.014063 0.037037
0 0.261458 0.673148 0.011458 0.031481
0 0.884375 0.866667 0.011458 0.033333
0 0.673438 0.956019 0.011458 0.034259
0 0.264062 0.320833 0.015625 0.015741
0 0.369792 0.902315 0.010417 0.026852
0 0.255208 0.666667 0.010417 0.025926
0 0.933854 0.938426 0.013542 0.032407
0 0.649740 0.938426 0.011979 0.021296
0 0.455469 0.617130 0.008854 0.034259
0 0.151042 0.518056 0.010417 0.026852
0 0.757031 0.282407 0.007812 0.022222
0 0.599740 0.221296 0.007812 0.024074
0 0.208594 0.271296 0.016146 0.016667
0 0.630990 0.075926 0.008854 0.025926
0 0.222656 0.274537 0.017188 0.017593
0 0.223958 0.555093 0.010417 0.026852
0 0.199219 0.539352 0.010937 0.026852
0 0.207292 0.551389 0.011458 0.026852
0 0.794531 0.258796 0.010937 0.025000
0 0.270573 0.580093 0.007812 0.021296
0 0.427083 0.993056 0.012500 0.013889
0 0.764583 0.243519 0.009375 0.027778
0 0.956510 0.887500 0.013021 0.015741
0 0.793490 0.489352 0.009896 0.026852
0 0.802604 0.551389 0.011458 0.026852
0 0.350781 0.307870 0.017188 0.013889
0 0.214583 0.712500 0.012500 0.023148
0 0.175260 0.595833 0.013021 0.025000
0 0.838542 0.725926 0.014583 0.038889
0 0.243490 0.625926 0.008854 0.025926
0 0.291667 0.587037 0.009375 0.025926
0 0.253906 0.570833 0.007812 0.023148
0 0.082552 0.480093 0.015104 0.015741
0 0.270313 0.679167 0.010417 0.025000
0 0.607812 0.643981 0.011458 0.028704
0 0.945312 0.974537 0.013542 0.032407
0 0.787240 0.272685 0.007812 0.021296
0 0.300260 0.593056 0.007812 0.023148
0 0.127083 0.552778 0.011458 0.022222
0 0.285417 0.656019 0.009375 0.026852
0 0.249740 0.768981 0.011979 0.025000
0 0.404167 0.424537 0.023958 0.021296
0 0.163542 0.525463 0.012500 0.032407
0 0.141927 0.512500 0.007812 0.026852
0 0.132812 0.557870 0.013542 0.021296
0 0.864062 0.736574 0.010417 0.026852
0 0.654167 0.321296 0.018750 0.018519
0 0.133333 0.510648 0.010417 0.032407
0 0.707552 0.993981 0.010937 0.012037
0 0.231250 0.650000 0.012500 0.024074
0 0.904167 0.856019 0.011458 0.026852
0 0.180729 0.533796 0.012500 0.030556
0 0.544531 0.971759 0.017188 0.019444
0 0.767708 0.505093 0.012500 0.032407
0 0.729948 0.362037 0.007812 0.020370
0 0.145313 0.580556 0.012500 0.022222
0 0.821094 0.253241 0.008854 0.023148
0 0.779427 0.274537 0.007812 0.021296
0 0.634375 0.266667 0.011458 0.016667
0 0.139063 0.571759 0.012500 0.023148
0 0.219010 0.727778 0.011979 0.025926
0 0.225260 0.782407 0.020313 0.031481
0 0.834896 0.648611 0.013542 0.034259
0 0.280469 0.324537 0.014063 0.017593
0 0.119010 0.499537 0.014063 0.019444
0 0.648698 0.013426 0.008854 0.023148
0 0.879687 0.784722 0.011458 0.023148
0 0.753385 0.344444 0.007812 0.020370
0 0.955469 0.525463 0.015104 0.015741
0 0.311719 0.682407 0.007812 0.025926
2 0.304167 0.391204 0.027083 0.030556
0 0.612760 0.606481 0.009896 0.027778
0 0.799219 0.789815 0.019271 0.024074
0 0.818750 0.665741 0.012500 0.029630
0 0.828125 0.695833 0.011458 0.030556
0 0.844271 0.675926 0.012500 0.031481
0 0.854427 0.703704 0.009896 0.025926
0 0.891146 0.820833 0.012500 0.032407
0 0.716406 0.293981 0.018229 0.021296
0 0.718229 0.281944 0.017708 0.017593
0 0.763802 0.346296 0.008854 0.027778
0 0.746354 0.355093 0.010417 0.023148
0 0.816667 0.322685 0.011458 0.030556
0 0.780208 0.246759 0.010417 0.028704
0 0.811719 0.257870 0.009896 0.030556
0 0.824740 0.184259 0.008854 0.025926
0 0.647917 0.185185 0.013542 0.014815
0 0.644010 0.197685 0.014063 0.015741
0 0.642448 0.212500 0.017188 0.015741
0 0.463281 0.992130 0.009896 0.015741
0 0.426563 0.945370 0.020833 0.014815
0 0.492188 0.382407 0.013542 0.020370
2 0.039062 0.231944 0.016667 0.045370
0 0.048438 0.103704 0.008333 0.014815
0 0.036458 0.337963 0.013542 0.007407
0 0.065625 0.474537 0.014583 0.015741
0 0.234115 0.560648 0.009896 0.025000
0 0.303385 0.675000 0.006771 0.022222
0 0.271354 0.642130 0.009375 0.028704
0 0.229167 0.617593 0.008333 0.027778
0 0.252344 0.820370 0.010937 0.022222
0 0.158333 0.715741 0.013542 0.024074
0 0.148698 0.694907 0.010937 0.017593
0 0.210677 0.694444 0.014063 0.024074
2 0.092969 0.564815 0.048438 0.096296
0 0.125260 0.585648 0.018229 0.034259
0 0.161979 0.597685 0.012500 0.023148
0 0.171615 0.531481 0.008854 0.031481
0 0.215365 0.555093 0.009896 0.032407
2 0.006771 0.905093 0.012500 0.047222
2 0.050521 0.809722 0.019792 0.041667
0 0.811458 0.574074 0.008333 0.018519
0 0.775521 0.531481 0.011458 0.025926
0 0.809635 0.441204 0.008854 0.013889
0 0.635677 0.250926 0.014063 0.014815
0 0.289062 0.295833 0.013542 0.012037
0 0.303646 0.298611 0.014583 0.015741
0 0.321354 0.303704 0.017708 0.016667
0 0.335938 0.306019 0.011458 0.013889
0 0.483594 0.162037 0.010937 0.027778
0 0.491667 0.193056 0.010417 0.026852
0 0.903385 0.311574 0.015104 0.015741
0 0.920833 0.306019 0.013542 0.008333
0 0.952604 0.304630 0.010417 0.012963
0 0.933333 0.206019 0.012500 0.028704
0 0.852604 0.286111 0.008333 0.011111
0 0.191406 0.538426 0.009896 0.030556
0 0.281250 0.584722 0.010417 0.030556
