0 0.542969 0.276389 0.014063 0.023148
0 0.416406 0.427778 0.016146 0.018519
0 0.338281 0.408796 0.018229 0.017593
0 0.135937 0.668519 0.012500 0.022222
0 0.564063 0.273611 0.014583 0.025000
0 0.291927 0.392130 0.017188 0.019444
0 0.530990 0.312037 0.014063 0.022222
2 0.052083 0.757407 0.029167 0.062963
0 0.869271 0.833796 0.013542 0.032407
0 0.557292 0.251389 0.014583 0.026852
0 0.166927 0.298148 0.017188 0.016667
0 0.933073 0.348148 0.018229 0.016667
0 0.297656 0.331019 0.018229 0.017593
0 0.206510 0.313889 0.018229 0.018519
0 0.877344 0.407407 0.018229 0.018519
0 0.345833 0.918519 0.015625 0.018519
0 0.253385 0.374537 0.016146 0.019444
0 0.859635 0.413889 0.016146 0.016667
0 0.617448 0.393056 0.015104 0.034259
0 0.291927 0.366667 0.017188 0.016667
0 0.156510 0.317130 0.016146 0.015741
0 0.648438 0.806019 0.014583 0.037963
0 0.412240 0.404167 0.014063 0.015741
0 0.893490 0.901389 0.014063 0.032407
0 0.549740 0.294907 0.014063 0.023148
0 0.199479 0.738426 0.012500 0.023148
0 0.488281 0.527778 0.017188 0.031481
0 0.619271 0.479167 0.013542 0.023148
0 0.449219 0.555093 0.010937 0.039815
0 0.395833 0.427778 0.015625 0.016667
2 0.700260 0.975926 0.014063 0.040741
0 0.652604 0.143056 0.013542 0.015741
0 0.418750 0.248148 0.012500 0.027778
0 0.666146 0.252778 0.010417 0.025926
0 0.638281 0.046759 0.010937 0.026852
0 0.494010 0.251389 0.014063 0.023148
0 0.187760 0.716667 0.013021 0.024074
0 0.161198 0.260185 0.017188 0.018519
0 0.437760 0.416204 0.015104 0.019444
0 0.243490 0.754167 0.011979 0.025000
0 0.673958 0.884722 0.014583 0.037963
0 0.636198 0.235185 0.015104 0.018519
0 0.292187 0.916667 0.014583 0.022222
0 0.219010 0.341667 0.015104 0.018519
0 0.787500 0.404630 0.019792 0.020370
0 0.174219 0.343519 0.018229 0.018519
0 0.373177 0.396296 0.019271 0.016667
0 0.573438 0.233796 0.014583 0.023148
0 0.180469 0.763426 0.014063 0.026852
0 0.586198 0.216667 0.008854 0.024074
0 0.228385 0.363426 0.017188 0.019444
0 0.598958 0.184722 0.012500 0.030556
0 0.018750 0.176389 0.011458 0.023148
0 0.751042 0.743519 0.013542 0.027778
2 0.571354 0.521296 0.017708 0.040741
0 0.243490 0.564352 0.008854 0.026852
0 0.197656 0.348148 0.016146 0.020370
0 0.142969 0.252778 0.015104 0.016667
0 0.795312 0.846296 0.015625 0.020370
0 0.799740 0.859722 0.014063 0.021296
0 0.638542 0.219907 0.014583 0.017593
0 0.772917 0.868981 0.014583 0.019444
0 0.112760 0.532870 0.013021 0.023148
0 0.294010 0.660185 0.007812 0.024074
0 0.133073 0.325926 0.016146 0.018519
0 0.220312 0.612500 0.010417 0.025000
0 0.369792 0.901389 0.010417 0.026852
0 0.423958 0.746296 0.010417 0.025926
0 0.466146 0.398148 0.009375 0.025926
0 0.447396 0.612037 0.010417 0.033333
0 0.212760 0.816667 0.014063 0.024074
0 0.006771 0.274537 0.012500 0.021296
0 0.905729 0.935185 0.013542 0.031481
0 0.319010 0.335648 0.016146 0.015741
0 0.340885 0.340278 0.019271 0.017593
0 0.148958 0.696296 0.011458 0.020370
0 0.242448 0.281019 0.017188 0.017593
0 0.368490 0.306944 0.018229 0.013889
0 0.836198 0.373148 0.017188 0.018519
0 0.226562 0.735648 0.011458 0.025000
0 0.388542 0.918981 0.011458 0.036111
0 0.029687 0.150463 0.012500 0.025000
0 0.277083 0.687500 0.012500 0.030556
0 0.262760 0.633796 0.010937 0.025000
0 0.247396 0.658796 0.010417 0.025000
0 0.247917 0.316204 0.015625 0.015741
0 0.151562 0.593056 0.013542 0.025000
0 0.234896 0.747685 0.011458 0.026852
0 0.255208 0.627778 0.010417 0.027778
0 0.649740 0.168981 0.013021 0.015741
0 0.484375 0.656019 0.015625 0.025000
0 0.425521 0.990278 0.012500 0.015741
0 0.186458 0.643519 0.013542 0.024074
0 0.277083 0.647685 0.010417 0.030556
0 0.150521 0.637500 0.013542 0.025000
0 0.598958 0.227315 0.010417 0.026852
0 0.039062 0.121296 0.013542 0.025926
0 0.742188 0.710185 0.010417 0.029630
2 0.649219 0.875463 0.018229 0.043519
0 0.917708 0.969907 0.013542 0.034259
0 0.792708 0.488426 0.011458 0.025000
0 0.311719 0.682407 0.007812 0.025926
0 0.652604 0.002315 0.013542 0.002778
0 0.423177 0.962037 0.015104 0.022222
0 0.265365 0.321296 0.016146 0.018519
0 0.625781 0.106019 0.010937 0.026852
0 0.651563 0.157870 0.013542 0.015741
0 0.487240 0.932407 0.010937 0.029630
0 0.757552 0.282407 0.006771 0.022222
0 0.564323 0.632407 0.017188 0.029630
0 0.260417 0.673148 0.011458 0.031481
0 0.351823 0.307870 0.016146 0.013889
0 0.619010 0.141667 0.010937 0.022222
0 0.629167 0.735648 0.012500 0.036111
0 0.235937 0.618519 0.009375 0.024074
0 0.223958 0.556019 0.010417 0.026852
0 0.956771 0.886574 0.012500 0.015741
0 0.213021 0.766204 0.013542 0.023148
0 0.463542 0.971759 0.014583 0.037963
2 0.048177 0.807407 0.018229 0.046296
0 0.449740 0.235185 0.011979 0.025926
0 0.026823 0.848148 0.016146 0.031481
0 0.138021 0.612037 0.013542 0.024074
0 0.933854 0.938426 0.013542 0.032407
0 0.151042 0.518056 0.010417 0.026852
0 0.236719 0.651389 0.011979 0.025000
0 0.249740 0.768056 0.011979 0.025000
0 0.208333 0.271296 0.015625 0.016667
0 0.270573 0.580093 0.007812 0.021296
0 0.255469 0.666667 0.010937 0.025926
0 0.902604 0.855093 0.011458 0.026852
0 0.200000 0.540741 0.009375 0.029630
0 0.650521 0.940278 0.011458 0.019444
0 0.006250 0.913889 0.011458 0.025926
0 0.207813 0.551389 0.010417 0.026852
0 0.216146 0.713426 0.012500 0.023148
0 0.285156 0.652315 0.007812 0.025000
0 0.794531 0.260185 0.010937 0.024074
0 0.824219 0.181944 0.010937 0.023148
0 0.786198 0.269907 0.008854 0.023148
0 0.143490 0.510648 0.010937 0.032407
0 0.864062 0.735648 0.010417 0.026852
0 0.634375 0.266667 0.011458 0.018519
0 0.671875 0.477778 0.015625 0.020370
0 0.269271 0.677778 0.010417 0.025926
0 0.132812 0.557870 0.013542 0.021296
0 0.292448 0.587037 0.008854 0.025926
0 0.766667 0.499537 0.010417 0.025000
0 0.255208 0.571296 0.010417 0.024074
0 0.884375 0.866667 0.011458 0.033333
0 0.243490 0.625926 0.008854 0.025926
0 0.810417 0.257407 0.011458 0.031481
0 0.803646 0.551389 0.010417 0.026852
0 0.223698 0.273611 0.017188 0.015741
0 0.220312 0.775926 0.023958 0.037037
0 0.437240 0.391667 0.018229 0.020370
0 0.133333 0.510185 0.010417 0.033333
0 0.163021 0.525926 0.011458 0.031481
0 0.651302 0.321296 0.017188 0.018519
0 0.347917 0.993519 0.010417 0.009259
0 0.231510 0.646296 0.010937 0.024074
0 0.180208 0.533796 0.011458 0.030556
0 0.175781 0.596296 0.014063 0.025926
0 0.461979 0.988426 0.012500 0.017593
0 0.082552 0.480093 0.016146 0.015741
0 0.541927 0.968981 0.017188 0.019444
0 0.761198 0.340278 0.007812 0.019444
0 0.129167 0.552778 0.012500 0.022222
0 0.485417 0.379167 0.010417 0.025000
0 0.878646 0.785648 0.013542 0.036111
0 0.279948 0.324537 0.015104 0.017593
0 0.648958 0.182407 0.013542 0.014815
0 0.764583 0.243519 0.009375 0.027778
0 0.411979 0.090278 0.012500 0.030556
0 0.300260 0.591667 0.007812 0.024074
0 0.139063 0.573148 0.012500 0.022222
0 0.819531 0.252778 0.007812 0.022222
0 0.228906 0.613426 0.007812 0.025000
0 0.320052 0.301389 0.016146 0.013889
2 0.056250 0.282407 0.025000 0.024074
2 0.362760 0.413889 0.029687 0.027778
2 0.513542 0.282407 0.027083 0.053704
0 0.933854 0.206944 0.011458 0.028704
0 0.902344 0.312037 0.014063 0.014815
0 0.921615 0.306944 0.013021 0.008333
0 0.816667 0.324074 0.013542 0.031481
0 0.955208 0.524074 0.017708 0.012963
0 0.833594 0.644444 0.011979 0.025926
0 0.843750 0.674537 0.011458 0.026852
0 0.853385 0.704167 0.013021 0.026852
0 0.826823 0.693056 0.013021 0.028704
0 0.819010 0.665741 0.011979 0.025926
0 0.837760 0.727315 0.013021 0.034259
0 0.839063 0.696296 0.011458 0.027778
0 0.800260 0.787500 0.017188 0.023148
0 0.890104 0.819444 0.015625 0.033333
0 0.944531 0.972685 0.015104 0.032407
0 0.774219 0.529630 0.010937 0.027778
0 0.810677 0.573611 0.006771 0.021296
0 0.808333 0.440278 0.008333 0.013889
0 0.729948 0.364815 0.008854 0.025926
0 0.746875 0.353704 0.010417 0.024074
0 0.754427 0.345370 0.005729 0.018519
0 0.717448 0.295370 0.019271 0.020370
0 0.717969 0.281481 0.015104 0.014815
0 0.779167 0.243981 0.012500 0.025000
0 0.778906 0.275463 0.009896 0.023148
0 0.851562 0.285648 0.008333 0.010185
0 0.642448 0.210185 0.017188 0.018519
0 0.644010 0.197222 0.011979 0.012963
0 0.634896 0.252315 0.015625 0.015741
0 0.484635 0.163426 0.010937 0.026852
0 0.492188 0.193519 0.009375 0.025926
0 0.440625 0.176852 0.010417 0.025926
0 0.318229 0.403241 0.015625 0.013889
0 0.337240 0.306944 0.015104 0.015741
0 0.302865 0.298148 0.014063 0.012963
0 0.289583 0.296759 0.012500 0.012037
0 0.036719 0.340741 0.013021 0.011111
2 0.039323 0.233333 0.016146 0.046296
0 0.049219 0.103704 0.007812 0.016667
0 0.066406 0.477778 0.014063 0.014815
0 0.121094 0.500463 0.015104 0.019444
2 0.093490 0.565278 0.050521 0.100926
0 0.126042 0.585185 0.014583 0.025926
0 0.161979 0.595833 0.014583 0.021296
0 0.159375 0.713426 0.014583 0.026852
0 0.049479 0.747685 0.010417 0.028704
0 0.253385 0.818981 0.011979 0.021296
0 0.452083 0.643981 0.012500 0.036111
0 0.425521 0.943981 0.019792 0.017593
0 0.210156 0.693056 0.014063 0.026852
0 0.220573 0.727315 0.013021 0.023148
0 0.233594 0.561574 0.009896 0.025000
0 0.190885 0.538426 0.010937 0.030556
0 0.214844 0.555556 0.009896 0.033333
