0 0.425260 0.400926 0.015104 0.018519
0 0.364844 0.392130 0.016146 0.015741
0 0.470833 0.483796 0.011458 0.026852
0 0.407552 0.427778 0.015104 0.018519
0 0.870313 0.835185 0.013542 0.033333
0 0.135937 0.668056 0.012500 0.021296
0 0.344531 0.412037 0.017188 0.016667
0 0.276823 0.383796 0.016146 0.017593
0 0.432031 0.421296 0.016146 0.020370
0 0.580990 0.241667 0.014063 0.027778
0 0.167969 0.298148 0.017188 0.016667
0 0.298177 0.331019 0.018229 0.017593
0 0.786198 0.402778 0.017188 0.018519
0 0.859635 0.415278 0.016146 0.019444
0 0.877865 0.409259 0.017188 0.018519
0 0.556510 0.282407 0.014063 0.022222
0 0.635417 0.051389 0.009375 0.026852
2 0.539583 0.323611 0.026042 0.045370
0 0.737760 0.425926 0.016146 0.018519
0 0.403906 0.400463 0.018229 0.015741
0 0.297135 0.393981 0.017188 0.019444
0 0.206510 0.315278 0.018229 0.019444
0 0.346094 0.918056 0.016146 0.015741
0 0.617448 0.393056 0.015104 0.034259
0 0.622396 0.112037 0.009375 0.025926
0 0.652604 0.143056 0.013542 0.017593
0 0.258073 0.377778 0.016146 0.018519
0 0.666146 0.252778 0.010417 0.025926
0 0.187760 0.715278 0.013021 0.023148
0 0.198958 0.738426 0.011458 0.023148
0 0.913802 0.352315 0.018229 0.015741
0 0.232813 0.363889 0.015625 0.018519
0 0.611719 0.075463 0.008854 0.026852
0 0.599479 0.192130 0.011458 0.026852
0 0.142969 0.312037 0.018229 0.016667
0 0.942969 0.373611 0.016146 0.013889
0 0.894531 0.902315 0.014063 0.032407
0 0.588802 0.526389 0.017188 0.026852
0 0.244010 0.754167 0.010937 0.025000
0 0.323698 0.380556 0.015104 0.016667
0 0.419271 0.248148 0.011458 0.027778
0 0.148958 0.696296 0.011458 0.020370
0 0.636719 0.235185 0.014063 0.016667
0 0.445312 0.529167 0.009375 0.032407
0 0.293750 0.918981 0.015625 0.026852
0 0.161198 0.260185 0.017188 0.018519
0 0.507552 0.269907 0.018229 0.028704
0 0.532552 0.551389 0.019271 0.021296
0 0.180469 0.762500 0.014063 0.025000
0 0.446875 0.602778 0.009375 0.027778
0 0.148698 0.331019 0.017188 0.017593
0 0.470313 0.441204 0.012500 0.034259
0 0.018750 0.175463 0.011458 0.023148
0 0.288281 0.366667 0.017188 0.016667
0 0.029687 0.150463 0.012500 0.025000
0 0.585417 0.674537 0.013542 0.030556
0 0.173177 0.343056 0.016146 0.017593
0 0.459896 0.560185 0.010417 0.033333
0 0.226562 0.737037 0.011458 0.024074
0 0.213542 0.816667 0.014583 0.024074
0 0.341406 0.341667 0.020313 0.020370
0 0.244531 0.564352 0.008854 0.026852
0 0.752083 0.744907 0.013542 0.026852
0 0.550781 0.645833 0.021354 0.036111
0 0.225521 0.681019 0.013542 0.023148
0 0.113542 0.531944 0.013542 0.023148
0 0.221354 0.613426 0.010417 0.025000
0 0.242448 0.281019 0.017188 0.015741
0 0.605990 0.722685 0.013021 0.032407
0 0.142969 0.254167 0.015104 0.019444
0 0.319531 0.337037 0.017188 0.016667
0 0.211719 0.357407 0.018229 0.018519
0 0.650521 0.168519 0.013542 0.016667
0 0.278646 0.687500 0.012500 0.030556
0 0.151562 0.593519 0.013542 0.024074
0 0.906250 0.935185 0.013542 0.031481
0 0.661979 0.108796 0.013542 0.021296
0 0.368490 0.306944 0.018229 0.013889
0 0.234896 0.746759 0.011458 0.025000
0 0.294010 0.658796 0.007812 0.025000
0 0.638021 0.221296 0.013542 0.016667
0 0.911719 0.393981 0.015104 0.015741
0 0.247917 0.658796 0.010417 0.025000
0 0.651563 0.157407 0.013542 0.016667
0 0.369792 0.901389 0.010417 0.026852
0 0.262240 0.633796 0.008854 0.025000
0 0.254688 0.627778 0.009375 0.027778
0 0.795312 0.844907 0.015625 0.019444
0 0.742188 0.710185 0.010417 0.029630
0 0.954688 0.523611 0.015625 0.015741
0 0.884375 0.865278 0.011458 0.032407
0 0.213021 0.766204 0.013542 0.023148
0 0.247656 0.316204 0.016146 0.015741
0 0.216146 0.711574 0.012500 0.023148
0 0.277083 0.648148 0.010417 0.031481
0 0.311719 0.681944 0.007812 0.026852
0 0.236719 0.652778 0.011979 0.024074
0 0.041667 0.124537 0.014583 0.021296
0 0.956771 0.887037 0.012500 0.016667
0 0.917969 0.970833 0.014063 0.036111
0 0.803646 0.550463 0.010417 0.025000
0 0.041927 0.285648 0.019271 0.025000
0 0.650521 0.938889 0.011458 0.018519
0 0.150521 0.638426 0.013542 0.023148
0 0.800781 0.859722 0.014063 0.021296
0 0.265365 0.321296 0.016146 0.016667
0 0.757031 0.282407 0.007812 0.022222
0 0.487240 0.932407 0.010937 0.029630
0 0.049219 0.746296 0.015104 0.033333
0 0.037500 0.821296 0.012500 0.025926
0 0.236719 0.617130 0.008854 0.025000
0 0.057292 0.755556 0.014583 0.033333
0 0.152083 0.517130 0.010417 0.025000
0 0.904167 0.856019 0.011458 0.026852
0 0.351823 0.307407 0.016146 0.014815
0 0.933854 0.938426 0.013542 0.032407
0 0.244531 0.625926 0.008854 0.025926
0 0.425260 0.962963 0.018229 0.024074
0 0.465625 0.972222 0.014583 0.033333
0 0.562240 0.627778 0.014063 0.033333
0 0.223958 0.556019 0.010417 0.026852
0 0.792969 0.488889 0.010937 0.024074
0 0.199219 0.539352 0.010937 0.026852
0 0.250521 0.768519 0.012500 0.024074
0 0.767188 0.501389 0.011458 0.026852
0 0.286198 0.652315 0.007812 0.025000
0 0.427083 0.993056 0.012500 0.013889
0 0.261458 0.673148 0.011458 0.031481
0 0.207813 0.550463 0.010417 0.025000
0 0.270573 0.580093 0.007812 0.021296
0 0.319010 0.400926 0.016146 0.016667
0 0.787240 0.272685 0.008854 0.023148
0 0.132812 0.557870 0.013542 0.021296
0 0.634375 0.266667 0.011458 0.018519
0 0.139063 0.612037 0.013542 0.024074
0 0.652604 0.321296 0.015625 0.018519
0 0.864062 0.735648 0.010417 0.026852
0 0.764583 0.242130 0.009375 0.026852
0 0.254948 0.668056 0.008854 0.026852
0 0.820573 0.252315 0.007812 0.023148
0 0.878646 0.782870 0.011458 0.023148
0 0.930729 0.975926 0.012500 0.033333
0 0.175781 0.596759 0.014063 0.025000
0 0.292448 0.587037 0.008854 0.025926
0 0.269271 0.676389 0.010417 0.025000
0 0.901823 0.312037 0.016146 0.012963
0 0.134896 0.510185 0.010417 0.033333
0 0.794531 0.259722 0.010937 0.025000
0 0.180208 0.535185 0.011458 0.031481
0 0.142969 0.512037 0.011979 0.031481
0 0.347917 0.993519 0.010417 0.009259
2 0.052344 0.806944 0.020313 0.041667
0 0.255208 0.571296 0.010417 0.024074
0 0.231510 0.644907 0.010937 0.023148
0 0.320573 0.301389 0.016146 0.013889
0 0.228646 0.785648 0.014583 0.021296
0 0.163021 0.524537 0.011458 0.032407
0 0.649479 0.182407 0.012500 0.014815
0 0.217969 0.342593 0.027604 0.020370
0 0.129167 0.552778 0.012500 0.022222
0 0.139583 0.571759 0.013542 0.023148
0 0.681771 0.980556 0.014583 0.031481
0 0.463281 0.991204 0.013021 0.017593
0 0.818229 0.749537 0.013542 0.025000
0 0.810417 0.256019 0.011458 0.030556
0 0.507292 0.332407 0.014583 0.024074
0 0.219271 0.723148 0.012500 0.022222
0 0.544271 0.971759 0.019792 0.025000
0 0.492969 0.371296 0.014063 0.025926
0 0.834896 0.647685 0.013542 0.034259
0 0.209896 0.271759 0.015625 0.015741
0 0.281510 0.325926 0.016146 0.016667
0 0.301302 0.591667 0.008854 0.025926
0 0.304427 0.676389 0.006771 0.026852
0 0.838542 0.727778 0.014583 0.038889
0 0.440885 0.657407 0.007812 0.024074
0 0.119792 0.499537 0.014583 0.019444
2 0.376563 0.420833 0.027083 0.025000
0 0.933854 0.205093 0.010417 0.026852
0 0.824219 0.185648 0.009896 0.028704
0 0.920833 0.306481 0.009375 0.007407
0 0.816146 0.322685 0.012500 0.026852
0 0.852083 0.286111 0.007292 0.009259
0 0.810156 0.441667 0.007812 0.012963
0 0.811198 0.575463 0.011979 0.019444
0 0.845313 0.676852 0.012500 0.029630
0 0.853906 0.703704 0.013021 0.027778
0 0.827344 0.693519 0.011979 0.027778
0 0.818750 0.665278 0.011458 0.028704
0 0.801042 0.788889 0.016667 0.024074
0 0.891406 0.818981 0.014063 0.034259
0 0.945573 0.972685 0.016146 0.032407
0 0.427344 0.944907 0.021354 0.017593
0 0.252083 0.818519 0.009375 0.016667
0 0.234375 0.559259 0.010417 0.025926
0 0.281771 0.586111 0.010417 0.033333
0 0.271615 0.643519 0.009896 0.025926
0 0.230990 0.617593 0.010937 0.027778
0 0.210938 0.695833 0.013542 0.025000
0 0.159896 0.714815 0.013542 0.025926
2 0.077604 0.687500 0.027083 0.062037
0 0.127865 0.587037 0.013021 0.027778
0 0.162500 0.596296 0.013542 0.022222
0 0.148438 0.581944 0.012500 0.019444
0 0.066667 0.476389 0.012500 0.013889
0 0.082031 0.483333 0.016146 0.018519
0 0.191146 0.537963 0.011458 0.031481
0 0.215625 0.555093 0.011458 0.030556
0 0.792969 0.880093 0.016146 0.013889
0 0.779167 0.246759 0.010417 0.026852
0 0.717969 0.280556 0.014063 0.014815
0 0.717187 0.296296 0.019792 0.020370
0 0.730729 0.364352 0.009375 0.025000
0 0.746875 0.356019 0.008333 0.023148
0 0.754427 0.344907 0.008854 0.021296
0 0.763281 0.346296 0.009896 0.024074
0 0.484635 0.161574 0.011979 0.028704
0 0.493229 0.193056 0.008333 0.025000
0 0.641927 0.209722 0.016146 0.013889
0 0.644792 0.198148 0.014583 0.011111
0 0.636719 0.250463 0.013021 0.015741
0 0.455469 0.333333 0.009896 0.037037
0 0.473177 0.371296 0.018229 0.020370
0 0.476823 0.393519 0.014063 0.020370
0 0.238542 0.314352 0.010417 0.015741
0 0.225260 0.277778 0.014063 0.016667
0 0.289323 0.295370 0.011979 0.012963
0 0.304427 0.299537 0.016146 0.015741
0 0.336979 0.307407 0.014583 0.014815
2 0.039844 0.231481 0.014063 0.044444
0 0.049479 0.103704 0.007292 0.016667
0 0.036979 0.112037 0.011458 0.024074
0 0.036458 0.339352 0.013542 0.010185
2 0.093750 0.565741 0.053125 0.103704
