0 0.469792 0.481019 0.011458 0.026852
0 0.426302 0.400926 0.015104 0.018519
0 0.870313 0.835185 0.013542 0.033333
0 0.435417 0.418519 0.015625 0.020370
0 0.604167 0.180556 0.011458 0.027778
2 0.544531 0.332407 0.026562 0.044444
0 0.894531 0.360185 0.017188 0.014815
0 0.628125 0.093981 0.010417 0.026852
0 0.276823 0.383796 0.016146 0.017593
0 0.878385 0.409259 0.018229 0.018519
0 0.365885 0.391667 0.016146 0.014815
0 0.444792 0.516667 0.010417 0.033333
0 0.408594 0.427778 0.016146 0.016667
0 0.135937 0.668056 0.012500 0.021296
0 0.298177 0.331019 0.018229 0.017593
0 0.346615 0.412037 0.017188 0.016667
0 0.859635 0.413889 0.016146 0.016667
0 0.291406 0.368056 0.016146 0.017593
0 0.167969 0.299537 0.017188 0.017593
0 0.723698 0.432407 0.017188 0.016667
0 0.258073 0.377778 0.017188 0.018519
0 0.652604 0.143519 0.013542 0.016667
0 0.584896 0.231944 0.013542 0.026852
0 0.617448 0.393519 0.015104 0.033333
0 0.297135 0.396296 0.017188 0.018519
0 0.561719 0.275926 0.014063 0.024074
0 0.325781 0.382870 0.015104 0.015741
0 0.346094 0.918519 0.016146 0.016667
0 0.573698 0.539352 0.015104 0.023148
0 0.666146 0.110648 0.014583 0.021296
0 0.161198 0.260185 0.017188 0.018519
0 0.618490 0.048611 0.008854 0.026852
0 0.907552 0.394907 0.015104 0.015741
0 0.666146 0.252315 0.010417 0.025000
0 0.198958 0.738426 0.011458 0.023148
0 0.187760 0.716667 0.013021 0.024074
0 0.206510 0.313889 0.018229 0.016667
0 0.404948 0.400463 0.018229 0.015741
0 0.773698 0.410185 0.019271 0.018519
0 0.458854 0.550926 0.009375 0.031481
0 0.419271 0.246759 0.011458 0.028704
0 0.244010 0.755556 0.010937 0.024074
0 0.937760 0.372685 0.016146 0.013889
0 0.232813 0.363426 0.015625 0.019444
0 0.152344 0.316667 0.017188 0.016667
0 0.148958 0.694907 0.011458 0.021296
0 0.752083 0.744907 0.013542 0.026852
0 0.894531 0.902315 0.014063 0.032407
0 0.636719 0.235185 0.014063 0.016667
0 0.602083 0.710648 0.012500 0.032407
0 0.340885 0.341667 0.019271 0.018519
0 0.018750 0.176389 0.011458 0.023148
0 0.040625 0.119907 0.013542 0.025000
0 0.143490 0.252778 0.014063 0.016667
0 0.030208 0.150463 0.012500 0.025000
0 0.226562 0.737037 0.011458 0.024074
0 0.507031 0.270833 0.017188 0.028704
2 0.416406 0.855093 0.016146 0.043519
0 0.446875 0.593981 0.009375 0.028704
0 0.550781 0.645833 0.021354 0.036111
0 0.150781 0.332407 0.016146 0.016667
0 0.243490 0.564352 0.008854 0.026852
0 0.319531 0.337037 0.017188 0.016667
0 0.174219 0.343056 0.016146 0.015741
0 0.180469 0.762500 0.014063 0.025000
0 0.213542 0.816667 0.014583 0.024074
0 0.113542 0.532870 0.013542 0.023148
0 0.229167 0.685648 0.013542 0.021296
0 0.294010 0.660185 0.007812 0.024074
0 0.469792 0.442130 0.011458 0.032407
0 0.637760 0.221759 0.014063 0.015741
0 0.220312 0.613426 0.010417 0.025000
0 0.151562 0.593056 0.013542 0.025000
0 0.042708 0.097685 0.011458 0.025000
0 0.517448 0.550926 0.020313 0.022222
0 0.368490 0.306944 0.018229 0.013889
0 0.907031 0.935185 0.014063 0.031481
0 0.292187 0.916667 0.014583 0.022222
0 0.278646 0.688889 0.012500 0.031481
0 0.369792 0.902778 0.010417 0.025926
0 0.211198 0.357870 0.019271 0.021296
0 0.651563 0.157407 0.013542 0.016667
0 0.247396 0.658796 0.010417 0.025000
0 0.262240 0.633796 0.008854 0.025000
0 0.650521 0.168519 0.013542 0.016667
0 0.916667 0.968981 0.013542 0.034259
0 0.583854 0.669907 0.014583 0.030556
0 0.254688 0.630556 0.011458 0.031481
0 0.640625 0.033796 0.009375 0.025000
0 0.441146 0.652315 0.009375 0.028704
0 0.510417 0.327315 0.013542 0.023148
0 0.234896 0.746759 0.011458 0.025000
0 0.242448 0.281019 0.017188 0.015741
0 0.424219 0.961574 0.016146 0.021296
0 0.742188 0.712037 0.010417 0.027778
0 0.794010 0.488889 0.010937 0.024074
0 0.213021 0.766204 0.013542 0.023148
0 0.795312 0.844907 0.015625 0.019444
0 0.351823 0.307407 0.016146 0.014815
0 0.463542 0.973148 0.014583 0.037037
0 0.799740 0.860648 0.014063 0.021296
0 0.487240 0.932407 0.010937 0.029630
0 0.405208 0.011574 0.010417 0.021296
0 0.311719 0.682407 0.007812 0.025926
0 0.825260 0.183796 0.010937 0.023148
0 0.236719 0.618981 0.008854 0.025000
0 0.494792 0.368056 0.014583 0.026852
0 0.276562 0.648148 0.009375 0.027778
0 0.236719 0.651389 0.011979 0.025000
0 0.884375 0.866667 0.011458 0.033333
0 0.933854 0.938426 0.013542 0.032407
0 0.265365 0.321296 0.016146 0.016667
0 0.757031 0.282407 0.007812 0.022222
0 0.152083 0.517130 0.010417 0.025000
0 0.425521 0.990278 0.012500 0.013889
0 0.150521 0.638426 0.013542 0.023148
0 0.049740 0.744907 0.014063 0.032407
0 0.057813 0.752778 0.013542 0.033333
0 0.478125 0.388889 0.015625 0.020370
0 0.945312 0.972685 0.013542 0.032407
0 0.285156 0.652315 0.007812 0.025000
0 0.320052 0.402778 0.016146 0.016667
0 0.199219 0.539352 0.010937 0.026852
0 0.244531 0.625926 0.008854 0.025926
0 0.270573 0.580093 0.007812 0.021296
0 0.223958 0.556019 0.010417 0.026852
0 0.250521 0.768056 0.012500 0.025000
0 0.562240 0.627778 0.014063 0.033333
0 0.261719 0.671759 0.010937 0.032407
0 0.954688 0.525463 0.015625 0.015741
0 0.347917 0.993519 0.010417 0.009259
0 0.216146 0.712037 0.012500 0.024074
0 0.251042 0.320370 0.013542 0.014815
0 0.803646 0.551389 0.010417 0.026852
0 0.787240 0.272685 0.008854 0.023148
0 0.139063 0.612037 0.013542 0.024074
0 0.132812 0.557870 0.013542 0.021296
0 0.764583 0.243519 0.009375 0.027778
0 0.176042 0.595833 0.013542 0.025000
2 0.051562 0.807870 0.018750 0.043519
0 0.904167 0.856019 0.011458 0.026852
0 0.878646 0.782870 0.011458 0.023148
0 0.794531 0.259722 0.010937 0.025000
0 0.254948 0.668056 0.008854 0.026852
0 0.455990 0.315278 0.007812 0.041667
0 0.292448 0.587037 0.008854 0.025926
0 0.207813 0.550463 0.010417 0.025000
0 0.231771 0.647685 0.011458 0.025000
0 0.646354 0.460648 0.014583 0.021296
0 0.255469 0.571759 0.010937 0.025000
0 0.058073 0.290278 0.016146 0.019444
0 0.634375 0.266667 0.011458 0.018519
0 0.133333 0.510185 0.010417 0.033333
0 0.270313 0.676389 0.010417 0.025000
0 0.367969 0.991667 0.010937 0.011111
0 0.035677 0.820370 0.014063 0.025926
0 0.180469 0.531944 0.010937 0.028704
0 0.901823 0.312037 0.016146 0.012963
0 0.654167 0.321296 0.015625 0.018519
0 0.935937 0.985648 0.012500 0.023148
0 0.141927 0.513426 0.007812 0.026852
0 0.543490 0.971759 0.017188 0.019444
0 0.472656 0.369907 0.017188 0.021296
0 0.158594 0.713426 0.014063 0.025000
0 0.820573 0.252315 0.007812 0.023148
0 0.864062 0.735648 0.010417 0.026852
0 0.163021 0.525926 0.011458 0.031481
0 0.139583 0.571759 0.013542 0.023148
0 0.767188 0.501389 0.011458 0.026852
0 0.300260 0.593519 0.007812 0.024074
0 0.645312 0.194907 0.012500 0.015741
0 0.834896 0.647685 0.013542 0.032407
0 0.650521 0.939352 0.011458 0.019444
0 0.228646 0.785648 0.014583 0.021296
0 0.219271 0.722685 0.012500 0.023148
0 0.304427 0.675463 0.006771 0.025000
0 0.810417 0.256944 0.011458 0.030556
0 0.667188 0.938426 0.012500 0.030556
0 0.461979 0.991204 0.012500 0.017593
0 0.119792 0.499537 0.014583 0.019444
0 0.208333 0.270833 0.015625 0.015741
0 0.129167 0.551389 0.012500 0.021296
0 0.320052 0.301389 0.016146 0.013889
0 0.810417 0.573611 0.010417 0.023148
0 0.145313 0.580556 0.012500 0.022222
2 0.377344 0.418981 0.025521 0.026852
0 0.933854 0.206019 0.010417 0.026852
0 0.851302 0.285185 0.006771 0.009259
0 0.815625 0.322685 0.012500 0.028704
0 0.920573 0.307870 0.010937 0.008333
0 0.809375 0.441667 0.009375 0.011111
0 0.819792 0.666667 0.011458 0.027778
0 0.843750 0.676852 0.013542 0.025926
0 0.853385 0.704167 0.014063 0.026852
0 0.827344 0.693981 0.011979 0.026852
0 0.837760 0.725926 0.014063 0.031481
0 0.800000 0.788889 0.020833 0.022222
0 0.891927 0.819907 0.014063 0.034259
0 0.958333 0.890278 0.014583 0.015741
0 0.426563 0.943981 0.019792 0.017593
0 0.251302 0.818056 0.008854 0.017593
0 0.210938 0.696296 0.013542 0.025926
0 0.270573 0.644444 0.010937 0.027778
0 0.230469 0.618519 0.010937 0.027778
0 0.281510 0.586574 0.011979 0.030556
0 0.234115 0.558333 0.010937 0.025926
0 0.215365 0.556019 0.009896 0.032407
2 0.094010 0.564352 0.052604 0.099074
0 0.125781 0.587500 0.014063 0.023148
0 0.162500 0.598148 0.012500 0.024074
0 0.172656 0.531019 0.008854 0.028704
0 0.191667 0.539352 0.009375 0.030556
0 0.082292 0.483333 0.015625 0.016667
0 0.066667 0.476852 0.012500 0.012963
2 0.077865 0.686111 0.025521 0.061111
0 0.036719 0.338889 0.014063 0.011111
2 0.039844 0.232407 0.015104 0.044444
0 0.049219 0.104167 0.005729 0.015741
2 0.226823 0.344907 0.028646 0.021296
0 0.225260 0.277778 0.015104 0.014815
0 0.238021 0.313889 0.011458 0.014815
0 0.281771 0.329167 0.013542 0.017593
0 0.289844 0.296296 0.013021 0.012963
0 0.336719 0.307870 0.015104 0.013889
0 0.303385 0.299537 0.018229 0.017593
0 0.716927 0.296296 0.018229 0.020370
0 0.717448 0.281481 0.016146 0.016667
0 0.731250 0.365741 0.010417 0.025926
0 0.746615 0.354630 0.007812 0.020370
0 0.755729 0.344907 0.008333 0.017593
0 0.763281 0.346759 0.008854 0.023148
0 0.635417 0.250926 0.012500 0.014815
0 0.642708 0.210185 0.014583 0.014815
0 0.648438 0.183333 0.013542 0.014815
0 0.778906 0.244907 0.009896 0.026852
0 0.779687 0.277778 0.008333 0.020370
0 0.795312 0.882407 0.015625 0.012963
0 0.443750 0.762037 0.010417 0.027778
0 0.433333 0.709259 0.009375 0.024074
