0 0.660937 0.441204 0.013542 0.019444
0 0.638542 0.456019 0.014583 0.019444
0 0.419531 0.403241 0.016146 0.015741
0 0.425260 0.425926 0.016146 0.018519
0 0.394531 0.403241 0.017188 0.015741
0 0.454167 0.463426 0.010417 0.032407
0 0.371875 0.393056 0.015625 0.015741
0 0.870313 0.833796 0.013542 0.034259
0 0.206510 0.313426 0.018229 0.017593
0 0.617448 0.393056 0.015104 0.034259
0 0.166927 0.298148 0.017188 0.016667
0 0.859635 0.415278 0.016146 0.019444
0 0.135417 0.668519 0.013542 0.022222
0 0.570312 0.518056 0.013542 0.032407
0 0.269010 0.359722 0.020313 0.021296
0 0.513021 0.325926 0.013542 0.020370
0 0.676562 0.975926 0.014583 0.033333
0 0.622396 0.103241 0.010417 0.025000
0 0.125781 0.323611 0.017188 0.019444
0 0.877865 0.409259 0.017188 0.018519
0 0.669010 0.868056 0.014063 0.036111
0 0.197656 0.352778 0.016146 0.018519
0 0.446875 0.681944 0.011458 0.036111
0 0.346094 0.918519 0.016146 0.016667
0 0.600521 0.626389 0.011458 0.037963
0 0.489583 0.383796 0.013542 0.023148
0 0.358073 0.413426 0.018229 0.017593
0 0.236198 0.346296 0.017188 0.016667
0 0.429167 0.090278 0.013542 0.037963
0 0.166406 0.673148 0.016146 0.016667
0 0.087240 0.296296 0.015104 0.020370
0 0.199479 0.738426 0.012500 0.023148
0 0.558594 0.281944 0.017188 0.028704
0 0.461458 0.562500 0.011458 0.036111
0 0.667188 0.252315 0.010417 0.025000
0 0.297656 0.331019 0.018229 0.017593
0 0.684896 0.921759 0.014583 0.034259
0 0.630469 0.035185 0.010937 0.027778
0 0.320052 0.378241 0.015104 0.015741
1 0.655469 0.821759 0.015104 0.043519
0 0.222656 0.363426 0.017188 0.019444
0 0.438281 0.391667 0.017188 0.018519
0 0.652604 0.143056 0.013542 0.017593
0 0.244010 0.754167 0.010937 0.025000
0 0.607292 0.589352 0.011458 0.034259
0 0.161198 0.259259 0.017188 0.018519
0 0.430469 0.758796 0.010937 0.026852
0 0.187760 0.715278 0.013021 0.023148
0 0.594792 0.448611 0.011458 0.034259
0 0.616146 0.140278 0.010417 0.023148
0 0.283594 0.387500 0.016146 0.019444
0 0.142969 0.252778 0.015104 0.016667
0 0.752083 0.744907 0.013542 0.026852
0 0.180469 0.762500 0.014063 0.025000
0 0.418490 0.246296 0.011979 0.027778
0 0.616667 0.468519 0.014583 0.020370
0 0.643490 0.476389 0.014063 0.019444
0 0.341406 0.340278 0.020313 0.021296
0 0.243490 0.563426 0.008854 0.026852
0 0.894531 0.902315 0.014063 0.032407
0 0.605990 0.191667 0.008854 0.025926
0 0.212760 0.816667 0.014063 0.024074
0 0.220312 0.612500 0.010417 0.025000
0 0.112760 0.531944 0.013021 0.023148
0 0.334635 0.408796 0.016146 0.017593
0 0.634896 0.752778 0.012500 0.031481
0 0.048698 0.744907 0.014063 0.032407
0 0.226562 0.736574 0.011458 0.025000
0 0.175781 0.341667 0.017188 0.016667
2 0.506510 0.268981 0.029687 0.043519
0 0.453646 0.631019 0.009375 0.032407
0 0.466667 0.407407 0.011458 0.027778
0 0.701042 0.982407 0.014583 0.031481
0 0.368490 0.306944 0.018229 0.013889
0 0.039583 0.119907 0.014583 0.026852
0 0.641146 0.781019 0.013542 0.032407
0 0.382552 0.421296 0.018229 0.018519
0 0.294010 0.660648 0.007812 0.023148
0 0.277083 0.687500 0.012500 0.030556
0 0.636458 0.234722 0.013542 0.015741
0 0.262760 0.633796 0.010937 0.025000
0 0.151562 0.593056 0.013542 0.025000
0 0.610938 0.071296 0.009375 0.027778
0 0.292187 0.916667 0.014583 0.022222
0 0.154948 0.327315 0.015104 0.019444
0 0.634375 0.823148 0.011458 0.027778
0 0.234896 0.747685 0.011458 0.026852
0 0.242448 0.281019 0.017188 0.015741
0 0.318490 0.336574 0.017188 0.015741
0 0.369792 0.901389 0.010417 0.026852
0 0.277083 0.648148 0.010417 0.031481
0 0.620313 0.487037 0.015625 0.020370
0 0.632292 0.074537 0.010417 0.028704
0 0.254688 0.630556 0.011458 0.031481
0 0.918490 0.972685 0.013021 0.036111
0 0.247396 0.658796 0.010417 0.025000
0 0.650260 0.012037 0.010937 0.022222
0 0.640104 0.042130 0.010417 0.025000
0 0.029687 0.149537 0.012500 0.025000
0 0.147917 0.696296 0.011458 0.020370
0 0.933854 0.937500 0.013542 0.032407
0 0.742188 0.708796 0.010417 0.030556
0 0.250260 0.316204 0.016146 0.015741
0 0.651042 0.168981 0.012500 0.015741
0 0.151042 0.637500 0.014583 0.025000
0 0.464844 0.972222 0.015104 0.035185
0 0.800781 0.860648 0.014063 0.021296
0 0.884375 0.864352 0.011458 0.032407
0 0.487240 0.934259 0.010937 0.029630
0 0.757031 0.282407 0.007812 0.022222
0 0.906250 0.935185 0.013542 0.031481
0 0.261458 0.673148 0.011458 0.031481
0 0.236458 0.618519 0.010417 0.024074
0 0.652083 0.156944 0.012500 0.015741
0 0.213021 0.766204 0.013542 0.023148
0 0.151042 0.517130 0.010417 0.025000
0 0.223958 0.556019 0.010417 0.026852
0 0.351823 0.307407 0.016146 0.014815
0 0.834896 0.648148 0.013542 0.033333
0 0.767188 0.500463 0.011458 0.026852
0 0.638021 0.219907 0.013542 0.013889
0 0.764583 0.242130 0.009375 0.026852
0 0.424219 0.962500 0.016146 0.021296
0 0.249740 0.768056 0.011979 0.025000
0 0.138021 0.612037 0.013542 0.024074
0 0.208333 0.271296 0.015625 0.016667
0 0.199219 0.539352 0.010937 0.026852
0 0.904167 0.857407 0.011458 0.027778
0 0.236719 0.651389 0.011979 0.025000
0 0.617708 0.692130 0.011458 0.025000
0 0.270573 0.580556 0.007812 0.022222
0 0.207813 0.551389 0.010417 0.026852
0 0.778385 0.274537 0.007812 0.021296
0 0.818750 0.668056 0.012500 0.036111
0 0.879687 0.783796 0.011458 0.023148
0 0.634375 0.265278 0.011458 0.017593
0 0.216146 0.712500 0.012500 0.023148
0 0.426563 0.990278 0.012500 0.015741
0 0.795833 0.846296 0.014583 0.020370
0 0.133333 0.557870 0.012500 0.021296
0 0.255469 0.666667 0.010937 0.025926
0 0.794531 0.257870 0.010937 0.025000
0 0.265365 0.321296 0.016146 0.016667
0 0.176563 0.595833 0.014583 0.025000
0 0.311719 0.681944 0.007812 0.026852
0 0.253906 0.573148 0.007812 0.022222
0 0.292448 0.587037 0.008854 0.025926
0 0.128646 0.552778 0.011458 0.022222
0 0.864583 0.736574 0.010417 0.026852
0 0.141927 0.512500 0.007812 0.026852
0 0.081510 0.480093 0.016146 0.015741
0 0.243490 0.625926 0.008854 0.025926
0 0.285156 0.652315 0.007812 0.025000
0 0.347917 0.993519 0.010417 0.009259
0 0.802604 0.551389 0.011458 0.026852
0 0.945312 0.974537 0.013542 0.032407
0 0.794271 0.490741 0.010417 0.029630
0 0.269271 0.677315 0.010417 0.025000
0 0.254427 0.377778 0.016146 0.018519
0 0.319531 0.300926 0.017188 0.014815
0 0.228125 0.785648 0.017708 0.025000
0 0.649479 0.182407 0.012500 0.014815
0 0.231510 0.644907 0.010937 0.023148
0 0.776042 0.534722 0.010417 0.025000
0 0.163542 0.525926 0.012500 0.031481
0 0.180469 0.532407 0.010937 0.029630
0 0.346094 0.388889 0.018229 0.018519
0 0.957292 0.887037 0.013542 0.016667
0 0.777604 0.246296 0.009375 0.025926
0 0.133073 0.510185 0.007812 0.027778
0 0.715885 0.293056 0.016146 0.019444
0 0.223698 0.273611 0.017188 0.015741
0 0.761719 0.341667 0.007812 0.018519
0 0.139063 0.571759 0.012500 0.023148
0 0.145313 0.580556 0.012500 0.022222
0 0.649740 0.939352 0.011979 0.021296
0 0.654687 0.321296 0.014583 0.018519
0 0.300260 0.591667 0.008854 0.025926
0 0.282552 0.582407 0.007812 0.025926
2 0.305208 0.393056 0.026042 0.030556
0 0.903906 0.310648 0.015104 0.017593
0 0.922135 0.306019 0.010937 0.013889
0 0.821354 0.252778 0.009375 0.027778
0 0.812760 0.258333 0.010937 0.027778
0 0.826042 0.184259 0.008333 0.027778
0 0.730729 0.364352 0.008333 0.023148
0 0.747135 0.354630 0.008854 0.024074
0 0.716927 0.282407 0.013021 0.014815
0 0.816406 0.321759 0.009896 0.030556
0 0.809635 0.442593 0.008854 0.016667
0 0.810677 0.574537 0.008854 0.019444
0 0.844010 0.676852 0.009896 0.031481
0 0.853906 0.704167 0.011979 0.028704
0 0.827604 0.694444 0.012500 0.031481
0 0.839063 0.725463 0.012500 0.034259
0 0.891406 0.819907 0.013021 0.032407
0 0.800260 0.790278 0.019271 0.025000
0 0.615365 0.643519 0.007812 0.027778
0 0.679167 0.409722 0.015625 0.013889
0 0.483333 0.162500 0.010417 0.026852
0 0.493490 0.193519 0.005729 0.025926
2 0.403906 0.426852 0.022396 0.022222
0 0.303646 0.676389 0.005208 0.025000
0 0.211198 0.695833 0.013021 0.028704
0 0.220312 0.727778 0.012500 0.024074
0 0.251042 0.818519 0.008333 0.020370
0 0.158333 0.717130 0.013542 0.025000
0 0.234115 0.559259 0.006771 0.033333
0 0.270833 0.643056 0.010417 0.026852
0 0.230208 0.618056 0.010417 0.026852
0 0.121354 0.500926 0.015625 0.024074
2 0.092969 0.564815 0.046354 0.100000
0 0.125260 0.585185 0.015104 0.029630
2 0.050781 0.807870 0.017188 0.041667
2 0.007031 0.908333 0.013021 0.055556
0 0.425260 0.944907 0.023438 0.015741
0 0.461979 0.992593 0.008333 0.014815
0 0.645052 0.195833 0.009896 0.015741
0 0.642448 0.210185 0.017188 0.016667
0 0.635417 0.250926 0.014583 0.014815
0 0.955208 0.525926 0.018750 0.014815
0 0.934896 0.204630 0.010417 0.029630
0 0.789323 0.273148 0.008854 0.022222
0 0.531510 0.365741 0.016146 0.014815
0 0.280990 0.329630 0.015104 0.016667
0 0.289844 0.296296 0.011979 0.016667
0 0.302865 0.298611 0.014063 0.015741
0 0.336458 0.307870 0.014583 0.017593
0 0.048958 0.102778 0.005208 0.018519
2 0.039062 0.231019 0.012500 0.047222
0 0.037500 0.337963 0.014583 0.011111
0 0.066927 0.475463 0.014063 0.015741
0 0.161719 0.598148 0.014063 0.024074
0 0.192448 0.536574 0.008854 0.030556
0 0.544531 0.972222 0.018229 0.020370
0 0.215104 0.555556 0.009375 0.031481
0 0.755208 0.343056 0.007292 0.017593
0 0.172396 0.531019 0.008333 0.030556
