0 0.135937 0.667130 0.012500 0.021296
0 0.870313 0.835185 0.013542 0.033333
0 0.954427 0.360185 0.018229 0.016667
0 0.426302 0.422685 0.015104 0.019444
0 0.464583 0.378241 0.010417 0.026852
0 0.377865 0.394907 0.017188 0.017593
0 0.879427 0.410185 0.017188 0.018519
0 0.270833 0.730556 0.015625 0.018519
0 0.466667 0.470833 0.013542 0.034259
0 0.371615 0.421296 0.016146 0.018519
0 0.180990 0.323148 0.016146 0.016667
0 0.341146 0.386574 0.014583 0.015741
0 0.860677 0.417593 0.016146 0.016667
0 0.781510 0.455556 0.011979 0.025926
0 0.898698 0.399537 0.015104 0.017593
0 0.317188 0.374537 0.015625 0.017593
0 0.206510 0.313889 0.018229 0.018519
0 0.298177 0.330556 0.018229 0.016667
0 0.505469 0.273148 0.015104 0.022222
0 0.199479 0.737037 0.012500 0.024074
0 0.167969 0.298148 0.017188 0.016667
0 0.667448 0.108796 0.015104 0.019444
0 0.449219 0.418519 0.010937 0.025926
0 0.576562 0.384259 0.013542 0.027778
0 0.277865 0.385185 0.016146 0.018519
0 0.617448 0.393519 0.015104 0.033333
0 0.595052 0.473148 0.008854 0.029630
0 0.232031 0.362037 0.015104 0.016667
0 0.447396 0.580556 0.010417 0.031481
0 0.642448 0.477778 0.017188 0.024074
0 0.824219 0.210648 0.014063 0.019444
0 0.187760 0.714352 0.013021 0.025000
0 0.179948 0.344907 0.016146 0.019444
0 0.404167 0.861574 0.011458 0.032407
0 0.495312 0.531019 0.015625 0.025000
0 0.461719 0.532407 0.010937 0.033333
0 0.345052 0.916667 0.016146 0.016667
0 0.480208 0.412037 0.013542 0.025926
0 0.266406 0.359722 0.017188 0.015741
0 0.018750 0.173611 0.011458 0.023148
0 0.667708 0.254630 0.009375 0.029630
0 0.545573 0.273611 0.018229 0.026852
0 0.211719 0.356019 0.018229 0.017593
0 0.419271 0.246296 0.011458 0.027778
0 0.372396 0.984259 0.014583 0.031481
0 0.654167 0.143056 0.013542 0.013889
0 0.149219 0.692130 0.010937 0.021296
0 0.430469 0.388889 0.018229 0.020370
0 0.243490 0.754167 0.011979 0.026852
0 0.457292 0.301389 0.008333 0.028704
0 0.340885 0.341667 0.019271 0.018519
0 0.181250 0.762037 0.015625 0.025926
0 0.507552 0.369907 0.015104 0.021296
0 0.894531 0.902315 0.014063 0.032407
0 0.331510 0.407407 0.015104 0.016667
0 0.444531 0.616204 0.008854 0.028704
0 0.157031 0.332870 0.017188 0.019444
0 0.625260 0.813426 0.015104 0.034259
0 0.753125 0.745833 0.013542 0.026852
0 0.244271 0.564352 0.010417 0.026852
0 0.302865 0.395833 0.017188 0.019444
0 0.562500 0.629167 0.013542 0.025000
0 0.917708 0.969907 0.013542 0.034259
0 0.113542 0.531019 0.013542 0.023148
0 0.234896 0.746296 0.011458 0.025926
0 0.212240 0.815278 0.015104 0.023148
0 0.257292 0.375000 0.019792 0.018519
0 0.243490 0.277778 0.016146 0.016667
0 0.961198 0.385185 0.016146 0.016667
0 0.262760 0.633796 0.010937 0.026852
0 0.468490 0.213889 0.014063 0.031481
0 0.255469 0.628241 0.013021 0.028704
0 0.427604 0.991204 0.016667 0.017593
0 0.221354 0.612500 0.010417 0.025000
0 0.142969 0.252778 0.015104 0.016667
0 0.226562 0.734722 0.011458 0.025000
0 0.138021 0.612037 0.013542 0.024074
0 0.906250 0.935185 0.013542 0.031481
0 0.294010 0.658796 0.007812 0.025000
0 0.368490 0.306944 0.019271 0.013889
0 0.742188 0.708796 0.010417 0.030556
0 0.803646 0.550926 0.010417 0.024074
0 0.039062 0.119907 0.013542 0.026852
0 0.679948 0.453241 0.016146 0.019444
0 0.209375 0.271296 0.014583 0.018519
0 0.369792 0.902778 0.010417 0.027778
0 0.161198 0.259259 0.017188 0.018519
0 0.150521 0.637037 0.013542 0.024074
0 0.026302 0.274537 0.017188 0.021296
0 0.247396 0.658796 0.010417 0.026852
0 0.521875 0.340741 0.019792 0.020370
0 0.277083 0.646759 0.010417 0.030556
0 0.883333 0.865278 0.012500 0.032407
0 0.800781 0.859722 0.014063 0.021296
0 0.020833 0.141667 0.013542 0.025926
0 0.151562 0.593519 0.013542 0.024074
0 0.792969 0.488426 0.010937 0.025000
0 0.351823 0.306944 0.016146 0.013889
0 0.581771 0.662037 0.012500 0.025926
0 0.237760 0.651389 0.011979 0.023148
2 0.496094 0.569444 0.021354 0.031481
0 0.488542 0.931944 0.012500 0.030556
0 0.956771 0.887037 0.012500 0.016667
0 0.251302 0.316204 0.013021 0.013889
0 0.293229 0.917130 0.016667 0.025000
0 0.424479 0.962500 0.018750 0.023148
0 0.320052 0.337037 0.018229 0.018519
0 0.767188 0.501389 0.011458 0.026852
2 0.610938 0.641667 0.015625 0.055556
0 0.757031 0.282407 0.007812 0.022222
0 0.795312 0.844907 0.015625 0.019444
0 0.240365 0.348148 0.017188 0.018519
0 0.231510 0.644907 0.010937 0.023148
0 0.255469 0.666667 0.010937 0.025926
0 0.933854 0.938426 0.013542 0.032407
0 0.199740 0.542130 0.009896 0.028704
0 0.311719 0.680093 0.007812 0.025000
0 0.635417 0.265278 0.011458 0.017593
0 0.636458 0.233796 0.013542 0.015741
0 0.462760 0.972685 0.014063 0.037963
0 0.904167 0.856019 0.011458 0.026852
0 0.082552 0.479167 0.016146 0.013889
0 0.261458 0.673148 0.011458 0.031481
0 0.779427 0.275926 0.007812 0.020370
0 0.603906 0.715741 0.013021 0.029630
0 0.945312 0.973148 0.013542 0.033333
0 0.651042 0.168519 0.012500 0.014815
0 0.878646 0.782870 0.011458 0.023148
0 0.652083 0.157407 0.012500 0.014815
0 0.213542 0.765278 0.014583 0.023148
0 0.244531 0.622685 0.008854 0.026852
0 0.151042 0.516667 0.010417 0.025926
0 0.766146 0.244907 0.009375 0.026852
0 0.030208 0.148611 0.013542 0.023148
0 0.425260 0.777315 0.010937 0.025000
0 0.794531 0.260185 0.010937 0.024074
0 0.265365 0.319907 0.016146 0.017593
0 0.236458 0.616667 0.010417 0.024074
0 0.285938 0.652778 0.009375 0.025926
0 0.207813 0.549537 0.010417 0.025000
0 0.320573 0.300926 0.017188 0.014815
0 0.061458 0.743056 0.012500 0.026852
0 0.819531 0.252778 0.008854 0.024074
0 0.038281 0.817130 0.014063 0.026852
0 0.773958 0.530556 0.013542 0.031481
0 0.142969 0.512037 0.007812 0.025926
0 0.270313 0.676389 0.010417 0.025000
0 0.270313 0.579167 0.009375 0.023148
0 0.864062 0.736574 0.010417 0.026852
0 0.587240 0.536574 0.016146 0.025000
0 0.278646 0.686574 0.012500 0.030556
0 0.300781 0.591667 0.007812 0.024074
0 0.049479 0.743519 0.013542 0.033333
0 0.250521 0.768519 0.012500 0.024074
2 0.292187 0.368981 0.029167 0.021296
0 0.223958 0.555556 0.010417 0.025926
0 0.292448 0.587037 0.008854 0.025926
0 0.121875 0.499074 0.017708 0.020370
0 0.717187 0.294907 0.018750 0.019444
0 0.066667 0.472685 0.014583 0.015741
0 0.838021 0.725926 0.013542 0.038889
0 0.638542 0.219907 0.012500 0.013889
0 0.141406 0.570833 0.017188 0.025000
0 0.761719 0.341667 0.007812 0.018519
0 0.482812 0.162037 0.010417 0.025926
0 0.542448 0.968981 0.016146 0.019444
0 0.461979 0.988889 0.012500 0.018519
0 0.654167 0.319444 0.018750 0.020370
0 0.163021 0.524537 0.011458 0.030556
0 0.255208 0.571296 0.010417 0.024074
0 0.180990 0.532870 0.010937 0.028704
0 0.810417 0.572685 0.010417 0.023148
0 0.729948 0.363889 0.007812 0.022222
0 0.176563 0.597685 0.014583 0.030556
0 0.228385 0.784722 0.018229 0.026852
0 0.955469 0.524537 0.015104 0.015741
0 0.832812 0.250463 0.010417 0.023148
0 0.810417 0.256019 0.011458 0.030556
0 0.219271 0.723148 0.012500 0.024074
0 0.215365 0.710648 0.013021 0.025000
0 0.280990 0.324537 0.015104 0.017593
0 0.798438 0.222685 0.013542 0.021296
0 0.134896 0.561111 0.014583 0.022222
0 0.778646 0.243056 0.011458 0.030556
0 0.627604 0.018519 0.008333 0.016667
0 0.787240 0.272685 0.007812 0.021296
0 0.933854 0.205093 0.011458 0.030556
0 0.903646 0.312500 0.016667 0.013889
0 0.921094 0.306019 0.010937 0.012037
0 0.816406 0.322222 0.013021 0.029630
0 0.808594 0.443056 0.008854 0.012037
0 0.833594 0.644444 0.011979 0.024074
0 0.844271 0.675463 0.012500 0.028704
0 0.853646 0.703704 0.012500 0.027778
0 0.819010 0.664815 0.013021 0.025926
0 0.827865 0.693519 0.013021 0.027778
0 0.890885 0.819444 0.015104 0.031481
0 0.651042 0.939352 0.009375 0.015741
0 0.426042 0.943981 0.020833 0.015741
0 0.251302 0.816204 0.007812 0.013889
0 0.210156 0.694907 0.013021 0.026852
0 0.304427 0.674074 0.006771 0.024074
0 0.271354 0.642130 0.010417 0.025000
0 0.230469 0.616204 0.009896 0.026852
0 0.282292 0.585185 0.011458 0.029630
0 0.233594 0.557407 0.008854 0.024074
0 0.215625 0.555556 0.009375 0.029630
0 0.191667 0.536574 0.009375 0.028704
0 0.172135 0.529630 0.008854 0.027778
0 0.134115 0.510185 0.007812 0.027778
0 0.161719 0.596759 0.015104 0.023148
0 0.148438 0.582407 0.014583 0.024074
0 0.129688 0.550926 0.012500 0.018519
0 0.225260 0.275463 0.017188 0.015741
0 0.239063 0.311574 0.011458 0.012037
0 0.289323 0.294907 0.011979 0.012037
0 0.303646 0.298611 0.014583 0.015741
0 0.335938 0.306944 0.014583 0.013889
0 0.244792 0.397222 0.011458 0.014815
2 0.398698 0.421759 0.026562 0.023148
0 0.446354 0.142593 0.011458 0.027778
0 0.397135 0.066667 0.018229 0.012963
0 0.487500 0.358333 0.012500 0.020370
0 0.493750 0.193056 0.008333 0.025000
0 0.635677 0.250000 0.015104 0.014815
0 0.642708 0.209722 0.015625 0.015741
0 0.644531 0.196759 0.013021 0.013889
0 0.648177 0.183796 0.013021 0.013889
0 0.635156 0.101389 0.011979 0.013889
0 0.797656 0.879630 0.015104 0.012963
0 0.800000 0.788889 0.018750 0.022222
0 0.851562 0.284722 0.008333 0.008333
0 0.717187 0.281481 0.012500 0.014815
0 0.747135 0.354167 0.010937 0.023148
0 0.754948 0.343519 0.006771 0.018519
0 0.826042 0.183333 0.008333 0.024074
0 0.440885 0.662963 0.008854 0.020370
0 0.158073 0.714815 0.014063 0.025926
0 0.127344 0.587500 0.014063 0.023148
2 0.093750 0.563426 0.052083 0.099074
2 0.082552 0.664352 0.021354 0.060185
2 0.051042 0.807870 0.018750 0.041667
0 0.037240 0.337963 0.013021 0.009259
2 0.039323 0.232870 0.013021 0.047222
0 0.048958 0.102315 0.007292 0.013889
0 0.950521 0.306481 0.011458 0.016667
