0 0.33125 0.40463 0.01719 0.01852
0 0.39948 0.40278 0.01823 0.01852
0 0.86094 0.41574 0.01615 0.01667
0 0.39844 0.84722 0.0125 0.03241
0 0.59948 0.53981 0.01042 0.03611
0 0.68281 0.43056 0.01719 0.01667
0 0.13698 0.66574 0.0125 0.02222
0 0.61875 0.39259 0.01562 0.03426
0 0.87083 0.83611 0.01354 0.03611
0 0.9 0.40278 0.01562 0.01667
0 0.37708 0.42037 0.01719 0.01667
0 0.87917 0.40926 0.01719 0.01667
0 0.59375 0.43333 0.0125 0.03426
0 0.14375 0.30648 0.01719 0.01667
0 0.40833 0.41852 0.01719 0.01944
0 0.18333 0.32222 0.01615 0.01667
0 0.62292 0.10648 0.01042 0.02407
0 0.20781 0.31111 0.01615 0.01852
0 0.51042 0.37037 0.01615 0.02222
0 0.19948 0.73611 0.0125 0.02407
0 0.42969 0.39259 0.01823 0.01667
0 0.16875 0.29537 0.01615 0.01667
0 0.47813 0.21204 0.01354 0.02685
0 0.46719 0.54259 0.0125 0.03611
0 0.41979 0.8037 0.01146 0.03333
0 0.28437 0.38426 0.01719 0.01852
0 0.14896 0.69167 0.01146 0.02222
0 0.61562 0.59537 0.0125 0.03704
0 0.18802 0.71204 0.01354 0.025
0 0.61042 0.15278 0.01042 0.025
0 0.38542 0.45278 0.01562 0.01667
0 0.68125 0.45093 0.01615 0.01852
0 0.5349 0.58611 0.01615 0.0287
0 0.27813 0.35926 0.01823 0.01667
0 0.47917 0.5 0.01354 0.02685
0 0.11406 0.29907 0.01615 0.01852
0 0.35365 0.38981 0.02031 0.01667
0 0.475 0.43333 0.01146 0.02593
0 0.34323 0.33889 0.01927 0.0213
0 0.29167 0.91481 0.01562 0.02315
0 0.78281 0.39074 0.01615 0.01481
0 0.24375 0.75278 0.01146 0.025
0 0.37656 0.96574 0.01354 0.03333
0 0.23958 0.36389 0.01719 0.01667
0 0.66771 0.86296 0.01354 0.03426
0 0.42604 0.98889 0.0125 0.01667
0 0.64583 0.85185 0.0125 0.03333
0 0.73802 0.30463 0.01615 0.01574
0 0.225 0.33704 0.01927 0.0213
0 0.42083 0.2463 0.0125 0.02778
0 0.18073 0.75833 0.01458 0.025
0 0.40885 0.90278 0.01146 0.02778
0 0.02396 0.84907 0.01354 0.02593
0 0.64062 0.47407 0.01458 0.01944
0 0.15208 0.63426 0.01354 0.02593
0 0.21354 0.76296 0.01354 0.02315
0 0.11406 0.52963 0.01354 0.02222
0 0.51042 0.2787 0.01562 0.02407
0 0.36875 0.30556 0.01823 0.01389
0 0.65417 0.14444 0.01354 0.01852
0 0.34531 0.91574 0.01615 0.01667
0 0.77083 0.24444 0.00937 0.025
0 0.64583 0.01204 0.00937 0.02315
0 0.7526 0.74537 0.01354 0.02685
0 0.14427 0.25 0.01562 0.01667
0 0.80833 0.59815 0.01354 0.03241
0 0.24479 0.27778 0.01615 0.01574
0 0.29844 0.32778 0.01823 0.01667
0 0.22135 0.61111 0.01146 0.02593
0 0.32083 0.33333 0.01719 0.01667
0 0.58073 0.36481 0.01354 0.02685
0 0.1526 0.58981 0.01458 0.02315
0 0.66823 0.2537 0.01042 0.02593
0 0.59531 0.17222 0.00781 0.02685
0 0.62187 0.71574 0.01354 0.03611
0 0.65885 0.46204 0.01615 0.01944
0 0.60417 0.62963 0.01146 0.03796
0 0.2125 0.81296 0.01562 0.02407
0 0.03906 0.31574 0.01458 0.01944
0 0.63958 0.04444 0.01042 0.02778
0 0.45625 0.23611 0.0125 0.04167
0 0.4375 0.41481 0.01615 0.01852
0 0.44115 0.70463 0.00937 0.025
0 0.2776 0.64537 0.01042 0.03241
0 0.24479 0.62037 0.00937 0.02593
0 0.18229 0.34352 0.01823 0.01852
0 0.89427 0.90648 0.01354 0.03148
0 0.1625 0.25556 0.01719 0.01852
0 0.26615 0.31759 0.01615 0.01574
0 0.2349 0.74352 0.01146 0.02685
0 0.08802 0.28704 0.01458 0.01574
0 0.09375 0.30741 0.01562 0.01944
0 0.45729 0.61852 0.01042 0.03704
0 0.23802 0.65 0.01146 0.025
0 0.01927 0.17315 0.01146 0.02407
0 0.91667 0.97222 0.01354 0.03611
0 0.90677 0.93796 0.01354 0.03148
0 0.59427 0.68704 0.01354 0.03241
0 0.875 0.36759 0.01823 0.01481
0 0.43125 0.75463 0.00937 0.02685
0 0.80104 0.86111 0.01458 0.0213
0 0.93333 0.93981 0.01354 0.03241
0 0.35208 0.30556 0.01719 0.01389
0 0.075 0.47222 0.02917 0.02037
0 0.80469 0.55185 0.01042 0.02685
0 0.78229 0.40833 0.01458 0.01852
0 0.48698 0.93148 0.00937 0.03056
0 0.08385 0.66667 0.01146 0.025
0 0.74323 0.71111 0.01042 0.02685
0 0.25521 0.62593 0.01042 0.02778
0 0.29427 0.65833 0.00781 0.02593
0 0.44115 0.18981 0.01146 0.03981
0 0.14635 0.32778 0.01615 0.01667
0 0.79635 0.8463 0.01458 0.01944
0 0.6375 0.23426 0.01354 0.01574
0 0.19792 0.53704 0.01146 0.03333
0 0.66094 0.91019 0.01354 0.03426
0 0.24792 0.31296 0.01615 0.01481
0 0.06875 0.28241 0.01458 0.01667
0 0.21615 0.70741 0.0125 0.02407
0 0.8349 0.64722 0.0125 0.03148
0 0.03125 0.14537 0.0125 0.025
0 0.04115 0.11389 0.01719 0.03056
0 0.22708 0.73519 0.01146 0.02778
0 0.30156 0.58889 0.00937 0.025
0 0.63958 0.28611 0.01354 0.01852
0 0.13958 0.61019 0.01354 0.02222
0 0.6276 0.79074 0.01562 0.04074
0 0.75833 0.2787 0.00937 0.025
0 0.27813 0.68333 0.01354 0.03241
0 0.14115 0.56759 0.01354 0.02315
0 0.57083 0.64259 0.01615 0.03889
0 0.7901 0.27315 0.01042 0.025
0 0.18125 0.52685 0.01146 0.03241
0 0.36979 0.90093 0.01146 0.02593
0 0.17813 0.68333 0.01146 0.02315
0 0.4625 0.97315 0.01354 0.03796
0 0.6526 0.16944 0.0125 0.01667
0 0.77865 0.53889 0.01042 0.02315
0 0.32083 0.29907 0.01719 0.01481
0 0.79427 0.48981 0.01042 0.02407
0 0.76823 0.50093 0.01146 0.025
0 0.65104 0.93981 0.01146 0.0213
0 0.28646 0.65093 0.00937 0.02593
0 0.22448 0.77685 0.0224 0.03333
0 0.2625 0.67315 0.01146 0.03148
0 0.24792 0.65741 0.01042 0.02593
0 0.12135 0.62778 0.02344 0.025
0 0.31302 0.68056 0.00781 0.02593
0 0.12865 0.54907 0.01354 0.02222
0 0.04844 0.80463 0.01615 0.04537
0 0.26302 0.63056 0.01042 0.02593
0 0.90417 0.86019 0.01042 0.02685
0 0.42344 0.96204 0.01615 0.02222
0 0.16354 0.52037 0.01146 0.03241
0 0.13437 0.55556 0.01354 0.0213
0 0.14323 0.50833 0.00781 0.025
0 0.25573 0.66574 0.01042 0.02593
0 0.24479 0.56204 0.00937 0.02685
0 0.29271 0.58241 0.00937 0.025
0 0.23646 0.61296 0.01042 0.02315
0 0.23125 0.64352 0.01146 0.02315
0 0.96719 0.38056 0.01458 0.02222
0 0.8224 0.2537 0.01042 0.02407
0 0.6375 0.08148 0.00937 0.02685
0 0.48542 0.15926 0.01042 0.02685
0 0.28333 0.32315 0.01458 0.01574
0 0.27083 0.675 0.01042 0.025
0 0.81927 0.66852 0.0125 0.03611
0 0.42396 0.84537 0.01042 0.02778
0 0.54115 0.96944 0.01719 0.01944
0 0.20781 0.54907 0.01146 0.02593
0 0.13802 0.63796 0.0125 0.02222
0 0.86406 0.73704 0.01146 0.02685
0 0.21042 0.26852 0.01719 0.01574
0 0.16927 0.59537 0.01458 0.02407
0 0.27083 0.57778 0.00781 0.0213
0 0.73385 0.42685 0.01719 0.01667
0 0.6401 0.22037 0.01354 0.01667
0 0.12083 0.4963 0.01562 0.01852
0 0.25573 0.56759 0.01042 0.02407
0 0.65573 0.32037 0.01458 0.01667
0 0.99635 0.35741 0.00365 0.02222
0 0.13437 0.50833 0.00937 0.02778
0 0.82604 0.18426 0.01146 0.02407
0 0.65365 0.15741 0.0125 0.01574
0 0.13437 0.11389 0.01354 0.03704
0 0.14896 0.51111 0.01146 0.03148
0 0.65052 0.18241 0.0125 0.01574
0 0.28177 0.58148 0.00937 0.02685
0 0.46302 0.98889 0.0125 0.01852
0 0.23385 0.55463 0.00781 0.025
0 0.19115 0.53426 0.00937 0.0287
0 0.88698 0.87593 0.01042 0.02407
0 0.22448 0.55185 0.01042 0.025
0 0.83385 0.25185 0.01146 0.02407
0 0.26927 0.63796 0.00781 0.02407
0 0.81823 0.75093 0.01354 0.02407
